%=============================================================================
% Daniel J. Greenhoe 
% Sunspot eigen vector 2 data file suitable for use with LaTeX PStricks
% For an example, see "sunspots_eigen.tex"
% This file auto-generated using "sunspots.R" --- hand-editing not recommended
%=============================================================================
[
  (  0.08333333,  -4.44134487)
  (  0.16666667,  -4.28412920)
  (  0.25000000,  -4.11570994)
  (  0.33333333,  -3.93672743)
  (  0.41666667,  -3.74774919)
  (  0.50000000,  -3.54909146)
  (  0.58333333,  -3.34128401)
  (  0.66666667,  -3.12464810)
  (  0.75000000,  -2.89983000)
  (  0.83333333,  -2.66741362)
  (  0.91666667,  -2.42772312)
  (  1.00000000,  -2.18128608)
  (  1.08333333,  -1.92872669)
  (  1.16666667,  -1.67056446)
  (  1.25000000,  -1.40746878)
  (  1.33333333,  -1.13995401)
  (  1.41666667,  -0.86853242)
  (  1.50000000,  -0.59388881)
  (  1.58333333,  -0.31663374)
  (  1.66666667,  -0.03751812)
  (  1.75000000,   0.24283994)
  (  1.83333333,   0.52376952)
  (  1.91666667,   0.80458488)
  (  2.00000000,   1.08453116)
  (  2.08333333,   1.36313830)
  (  2.16666667,   1.63953590)
  (  2.25000000,   1.91323008)
  (  2.33333333,   2.18363345)
  (  2.41666667,   2.45007546)
  (  2.50000000,   2.71184104)
  (  2.58333333,   2.96822194)
  (  2.66666667,   3.21870393)
  (  2.75000000,   3.46260601)
  (  2.83333333,   3.69945613)
  (  2.91666667,   3.92861697)
  (  3.00000000,   4.14952280)
  (  3.08333333,   4.36156635)
  (  3.16666667,   4.56423729)
  (  3.25000000,   4.75702797)
  (  3.33333333,   4.93949729)
  (  3.41666667,   5.11108805)
  (  3.50000000,   5.27144529)
  (  3.58333333,   5.42012739)
  (  3.66666667,   5.55679912)
  (  3.75000000,   5.68103129)
  (  3.83333333,   5.79253962)
  (  3.91666667,   5.89095166)
  (  4.00000000,   5.97605373)
  (  4.08333333,   6.04768084)
  (  4.16666667,   6.10556545)
  (  4.25000000,   6.14951281)
  (  4.33333333,   6.17939959)
  (  4.41666667,   6.19508989)
  (  4.50000000,   6.19649614)
  (  4.58333333,   6.18361439)
  (  4.66666667,   6.15646486)
  (  4.75000000,   6.11504631)
  (  4.83333333,   6.05942013)
  (  4.91666667,   5.98967006)
  (  5.00000000,   5.90589788)
  (  5.08333333,   5.80824937)
  (  5.16666667,   5.69693101)
  (  5.25000000,   5.57213708)
  (  5.33333333,   5.43416339)
  (  5.41666667,   5.28326548)
  (  5.50000000,   5.11976087)
  (  5.58333333,   4.94402929)
  (  5.66666667,   4.75641121)
  (  5.75000000,   4.55734216)
  (  5.83333333,   4.34725478)
  (  5.91666667,   4.12661777)
  (  6.00000000,   3.89591122)
  (  6.08333333,   3.65559972)
  (  6.16666667,   3.40618844)
  (  6.25000000,   3.14836055)
  (  6.33333333,   2.88260900)
  (  6.41666667,   2.60953942)
  (  6.50000000,   2.32978603)
  (  6.58333333,   2.04405070)
  (  6.66666667,   1.75289910)
  (  6.75000000,   1.45702595)
  (  6.83333333,   1.15713501)
  (  6.91666667,   0.85384395)
  (  7.00000000,   0.54782912)
  (  7.08333333,   0.23980821)
  (  7.16666667,  -0.06938953)
  (  7.25000000,  -0.37906107)
  (  7.33333333,  -0.68847242)
  (  7.41666667,  -0.99697853)
  (  7.50000000,  -1.30384333)
  (  7.58333333,  -1.60837664)
  (  7.66666667,  -1.90981433)
  (  7.75000000,  -2.20753896)
  (  7.83333333,  -2.50074855)
  (  7.91666667,  -2.78873690)
  (  8.00000000,  -3.07079883)
  (  8.08333333,  -3.34631019)
  (  8.16666667,  -3.61456307)
  (  8.25000000,  -3.87497568)
  (  8.33333333,  -4.12685761)
  (  8.41666667,  -4.36963725)
  (  8.50000000,  -4.60268376)
  (  8.58333333,  -4.82554417)
  (  8.66666667,  -5.03754574)
  (  8.75000000,  -5.23816915)
  (  8.83333333,  -5.42694936)
  (  8.91666667,  -5.60338454)
  (  9.00000000,  -5.76708589)
  (  9.08333333,  -5.91766089)
  (  9.16666667,  -6.05460003)
  (  9.25000000,  -6.17758773)
  (  9.33333333,  -6.28640526)
  (  9.41666667,  -6.38071527)
  (  9.50000000,  -6.46027938)
  (  9.58333333,  -6.52478127)
  (  9.66666667,  -6.57409672)
  (  9.75000000,  -6.60811726)
  (  9.83333333,  -6.62674283)
  (  9.91666667,  -6.62971922)
  ( 10.00000000,  -6.61709863)
  ( 10.08333333,  -6.58886945)
  ( 10.16666667,  -6.54508132)
  ( 10.25000000,  -6.48582864)
  ( 10.33333333,  -6.41128394)
  ( 10.41666667,  -6.32145508)
  ( 10.50000000,  -6.21653818)
  ( 10.58333333,  -6.09674464)
  ( 10.66666667,  -5.96236953)
  ( 10.75000000,  -5.81373870)
  ( 10.83333333,  -5.65109283)
  ( 10.91666667,  -5.47474414)
  ( 11.00000000,  -5.28507303)
  ( 11.08333333,  -5.08256242)
  ( 11.16666667,  -4.86762540)
  ( 11.25000000,  -4.64079247)
  ( 11.33333333,  -4.40241727)
  ( 11.41666667,  -4.15319438)
  ( 11.50000000,  -3.89373556)
  ( 11.58333333,  -3.62459907)
  ( 11.66666667,  -3.34629279)
  ( 11.75000000,  -3.05947903)
  ( 11.83333333,  -2.76478043)
  ( 11.91666667,  -2.46285308)
  ( 12.00000000,  -2.15446526)
  ( 12.08333333,  -1.84033379)
  ( 12.16666667,  -1.52114799)
  ( 12.25000000,  -1.19770732)
  ( 12.33333333,  -0.87065492)
  ( 12.41666667,  -0.54083443)
  ( 12.50000000,  -0.20905832)
  ( 12.58333333,   0.12400001)
  ( 12.66666667,   0.45755141)
  ( 12.75000000,   0.79078489)
  ( 12.83333333,   1.12284334)
  ( 12.91666667,   1.45298985)
  ( 13.00000000,   1.78043632)
  ( 13.08333333,   2.10452257)
  ( 13.16666667,   2.42436568)
  ( 13.25000000,   2.73926213)
  ( 13.33333333,   3.04847240)
  ( 13.41666667,   3.35130952)
  ( 13.50000000,   3.64694853)
  ( 13.58333333,   3.93466994)
  ( 13.66666667,   4.21374911)
  ( 13.75000000,   4.48363757)
  ( 13.83333333,   4.74364339)
  ( 13.91666667,   4.99307599)
  ( 14.00000000,   5.23140708)
  ( 14.08333333,   5.45797948)
  ( 14.16666667,   5.67223866)
  ( 14.25000000,   5.87376672)
  ( 14.33333333,   6.06205346)
  ( 14.41666667,   6.23657136)
  ( 14.50000000,   6.39696314)
  ( 14.58333333,   6.54280356)
  ( 14.66666667,   6.67374818)
  ( 14.75000000,   6.78930037)
  ( 14.83333333,   6.88926466)
  ( 14.91666667,   6.97342021)
  ( 15.00000000,   7.04150513)
  ( 15.08333333,   7.09329494)
  ( 15.16666667,   7.12876706)
  ( 15.25000000,   7.14771489)
  ( 15.33333333,   7.15009048)
  ( 15.41666667,   7.13591139)
  ( 15.50000000,   7.10517621)
  ( 15.58333333,   7.05793077)
  ( 15.66666667,   6.99431664)
  ( 15.75000000,   6.91433526)
  ( 15.83333333,   6.81816101)
  ( 15.91666667,   6.70602723)
  ( 16.00000000,   6.57814821)
  ( 16.08333333,   6.43474475)
  ( 16.16666667,   6.27624363)
  ( 16.25000000,   6.10290511)
  ( 16.33333333,   5.91517518)
  ( 16.41666667,   5.71352826)
  ( 16.50000000,   5.49830839)
  ( 16.58333333,   5.27005384)
  ( 16.66666667,   5.02923922)
  ( 16.75000000,   4.77645494)
  ( 16.83333333,   4.51223661)
  ( 16.91666667,   4.23716398)
  ( 17.00000000,   3.95188327)
  ( 17.08333333,   3.65706884)
  ( 17.16666667,   3.35336252)
  ( 17.25000000,   3.04146348)
  ( 17.33333333,   2.72205983)
  ( 17.41666667,   2.39586421)
  ( 17.50000000,   2.06372382)
  ( 17.58333333,   1.72642560)
  ( 17.66666667,   1.38475748)
  ( 17.75000000,   1.03951760)
  ( 17.83333333,   0.69141645)
  ( 17.91666667,   0.34121756)
  ( 18.00000000,  -0.01023457)
  ( 18.08333333,  -0.36213096)
  ( 18.16666667,  -0.71367658)
  ( 18.25000000,  -1.06397414)
  ( 18.33333333,  -1.41224276)
  ( 18.41666667,  -1.75767778)
  ( 18.50000000,  -2.09941600)
  ( 18.58333333,  -2.43671026)
  ( 18.66666667,  -2.76874067)
  ( 18.75000000,  -3.09475999)
  ( 18.83333333,  -3.41392921)
  ( 18.91666667,  -3.72557248)
  ( 19.00000000,  -4.02897894)
  ( 19.08333333,  -4.32341812)
  ( 19.16666667,  -4.60815390)
  ( 19.25000000,  -4.88257219)
  ( 19.33333333,  -5.14600429)
  ( 19.41666667,  -5.39770815)
  ( 19.50000000,  -5.63722898)
  ( 19.58333333,  -5.86391011)
  ( 19.66666667,  -6.07718018)
  ( 19.75000000,  -6.27652753)
  ( 19.83333333,  -6.46150960)
  ( 19.91666667,  -6.63163452)
  ( 20.00000000,  -6.78656402)
  ( 20.08333333,  -6.92583333)
  ( 20.16666667,  -7.04916368)
  ( 20.25000000,  -7.15630239)
  ( 20.33333333,  -7.24681729)
  ( 20.41666667,  -7.32051795)
  ( 20.50000000,  -7.37733194)
  ( 20.58333333,  -7.41703619)
  ( 20.66666667,  -7.43947038)
  ( 20.75000000,  -7.44467122)
  ( 20.83333333,  -7.43261222)
  ( 20.91666667,  -7.40317593)
  ( 21.00000000,  -7.35643952)
  ( 21.08333333,  -7.29250476)
  ( 21.16666667,  -7.21152525)
  ( 21.25000000,  -7.11364820)
  ( 21.33333333,  -6.99910879)
  ( 21.41666667,  -6.86812946)
  ( 21.50000000,  -6.72095666)
  ( 21.58333333,  -6.55791398)
  ( 21.66666667,  -6.37936340)
  ( 21.75000000,  -6.18574126)
  ( 21.83333333,  -5.97747334)
  ( 21.91666667,  -5.75509206)
  ( 22.00000000,  -5.51893182)
  ( 22.08333333,  -5.26969808)
  ( 22.16666667,  -5.00791465)
  ( 22.25000000,  -4.73408539)
  ( 22.33333333,  -4.44886646)
  ( 22.41666667,  -4.15293257)
  ( 22.50000000,  -3.84692535)
  ( 22.58333333,  -3.53156714)
  ( 22.66666667,  -3.20768429)
  ( 22.75000000,  -2.87589502)
  ( 22.83333333,  -2.53694654)
  ( 22.91666667,  -2.19171490)
  ( 23.00000000,  -1.84102244)
  ( 23.08333333,  -1.48560005)
  ( 23.16666667,  -1.12617992)
  ( 23.25000000,  -0.76367683)
  ( 23.33333333,  -0.39889019)
  ( 23.41666667,  -0.03267855)
  ( 23.50000000,   0.33405014)
  ( 23.58333333,   0.70042207)
  ( 23.66666667,   1.06562215)
  ( 23.75000000,   1.42888689)
  ( 23.83333333,   1.78935247)
  ( 23.91666667,   2.14612289)
  ( 24.00000000,   2.49836375)
  ( 24.08333333,   2.84530279)
  ( 24.16666667,   3.18608779)
  ( 24.25000000,   3.51987108)
  ( 24.33333333,   3.84587508)
  ( 24.41666667,   4.16345116)
  ( 24.50000000,   4.47176645)
  ( 24.58333333,   4.77005784)
  ( 24.66666667,   5.05761036)
  ( 24.75000000,   5.33376622)
  ( 24.83333333,   5.59788574)
  ( 24.91666667,   5.84937859)
  ( 25.00000000,   6.08754169)
  ( 25.08333333,   6.31185671)
  ( 25.16666667,   6.52182172)
  ( 25.25000000,   6.71692278)
  ( 25.33333333,   6.89666413)
  ( 25.41666667,   7.06060024)
  ( 25.50000000,   7.20835422)
  ( 25.58333333,   7.33954492)
  ( 25.66666667,   7.45388869)
  ( 25.75000000,   7.55108398)
  ( 25.83333333,   7.63090719)
  ( 25.91666667,   7.69310270)
  ( 26.00000000,   7.73753740)
  ( 26.08333333,   7.76406995)
  ( 26.16666667,   7.77260296)
  ( 26.25000000,   7.76318969)
  ( 26.33333333,   7.73581292)
  ( 26.41666667,   7.69043140)
  ( 26.50000000,   7.62714626)
  ( 26.58333333,   7.54611837)
  ( 26.66666667,   7.44747384)
  ( 26.75000000,   7.33149608)
  ( 26.83333333,   7.19827899)
  ( 26.91666667,   7.04817309)
  ( 27.00000000,   6.88162756)
  ( 27.08333333,   6.69897682)
  ( 27.16666667,   6.50055132)
  ( 27.25000000,   6.28684150)
  ( 27.33333333,   6.05834490)
  ( 27.41666667,   5.81552723)
  ( 27.50000000,   5.55889852)
  ( 27.58333333,   5.28908488)
  ( 27.66666667,   5.00669429)
  ( 27.75000000,   4.71245174)
  ( 27.83333333,   4.40695854)
  ( 27.91666667,   4.09097039)
  ( 28.00000000,   3.76515439)
  ( 28.08333333,   3.43029903)
  ( 28.16666667,   3.08717626)
  ( 28.25000000,   2.73648171)
  ( 28.33333333,   2.37911414)
  ( 28.41666667,   2.01592202)
  ( 28.50000000,   1.64766116)
  ( 28.58333333,   1.27525448)
  ( 28.66666667,   0.89953911)
  ( 28.75000000,   0.52141109)
  ( 28.83333333,   0.14173617)
  ( 28.91666667,  -0.23862140)
  ( 29.00000000,  -0.61887944)
  ( 29.08333333,  -0.99807997)
  ( 29.16666667,  -1.37529661)
  ( 29.25000000,  -1.74965918)
  ( 29.33333333,  -2.12035314)
  ( 29.41666667,  -2.48646812)
  ( 29.50000000,  -2.84711802)
  ( 29.58333333,  -3.20156708)
  ( 29.66666667,  -3.54886208)
  ( 29.75000000,  -3.88830653)
  ( 29.83333333,  -4.21903817)
  ( 29.91666667,  -4.54032330)
  ( 30.00000000,  -4.85132924)
  ( 30.08333333,  -5.15134071)
  ( 30.16666667,  -5.43967547)
  ( 30.25000000,  -5.71561583)
  ( 30.33333333,  -5.97859920)
  ( 30.41666667,  -6.22800898)
  ( 30.50000000,  -6.46332120)
  ( 30.58333333,  -6.68380271)
  ( 30.66666667,  -6.88898442)
  ( 30.75000000,  -7.07834800)
  ( 30.83333333,  -7.25148449)
  ( 30.91666667,  -7.40794214)
  ( 31.00000000,  -7.54743751)
  ( 31.08333333,  -7.66956830)
  ( 31.16666667,  -7.77406473)
  ( 31.25000000,  -7.86061522)
  ( 31.33333333,  -7.92897724)
  ( 31.41666667,  -7.97901734)
  ( 31.50000000,  -8.01065886)
  ( 31.58333333,  -8.02378198)
  ( 31.66666667,  -8.01839745)
  ( 31.75000000,  -7.99442394)
  ( 31.83333333,  -7.95188786)
  ( 31.91666667,  -7.89090564)
  ( 32.00000000,  -7.81161480)
  ( 32.08333333,  -7.71412388)
  ( 32.16666667,  -7.59867716)
  ( 32.25000000,  -7.46556828)
  ( 32.33333333,  -7.31508448)
  ( 32.41666667,  -7.14753907)
  ( 32.50000000,  -6.96321183)
  ( 32.58333333,  -6.76262373)
  ( 32.66666667,  -6.54615999)
  ( 32.75000000,  -6.31430941)
  ( 32.83333333,  -6.06757129)
  ( 32.91666667,  -5.80665672)
  ( 33.00000000,  -5.53204858)
  ( 33.08333333,  -5.24443054)
  ( 33.16666667,  -4.94439936)
  ( 33.25000000,  -4.63267288)
  ( 33.33333333,  -4.30994128)
  ( 33.41666667,  -3.97693623)
  ( 33.50000000,  -3.63438008)
  ( 33.58333333,  -3.28312881)
  ( 33.66666667,  -2.92402951)
  ( 33.75000000,  -2.55787175)
  ( 33.83333333,  -2.18549278)
  ( 33.91666667,  -1.80778834)
  ( 34.00000000,  -1.42564290)
  ( 34.08333333,  -1.03984843)
  ( 34.16666667,  -0.65139165)
  ( 34.25000000,  -0.26117297)
  ( 34.33333333,   0.12988521)
  ( 34.41666667,   0.52091500)
  ( 34.50000000,   0.91098734)
  ( 34.58333333,   1.29917290)
  ( 34.66666667,   1.68464276)
  ( 34.75000000,   2.06643636)
  ( 34.83333333,   2.44366757)
  ( 34.91666667,   2.81540550)
  ( 35.00000000,   3.18079275)
  ( 35.08333333,   3.53903185)
  ( 35.16666667,   3.88925130)
  ( 35.25000000,   4.23067048)
  ( 35.33333333,   4.56244460)
  ( 35.41666667,   4.88384660)
  ( 35.50000000,   5.19407421)
  ( 35.58333333,   5.49241387)
  ( 35.66666667,   5.77813071)
  ( 35.75000000,   6.05057409)
  ( 35.83333333,   6.30910720)
  ( 35.91666667,   6.55310944)
  ( 36.00000000,   6.78199856)
  ( 36.08333333,   6.99523397)
  ( 36.16666667,   7.19227522)
  ( 36.25000000,   7.37270405)
  ( 36.33333333,   7.53615677)
  ( 36.41666667,   7.68210123)
  ( 36.50000000,   7.81024822)
  ( 36.58333333,   7.92035300)
  ( 36.66666667,   8.01209556)
  ( 36.75000000,   8.08527398)
  ( 36.83333333,   8.13963936)
  ( 36.91666667,   8.17505491)
  ( 37.00000000,   8.19149486)
  ( 37.08333333,   8.18879951)
  ( 37.16666667,   8.16703979)
  ( 37.25000000,   8.12624273)
  ( 37.33333333,   8.06652824)
  ( 37.41666667,   7.98804959)
  ( 37.50000000,   7.89086452)
  ( 37.58333333,   7.77523336)
  ( 37.66666667,   7.64146801)
  ( 37.75000000,   7.48985833)
  ( 37.83333333,   7.32074529)
  ( 37.91666667,   7.13450027)
  ( 38.00000000,   6.93160809)
  ( 38.08333333,   6.71245634)
  ( 38.16666667,   6.47752553)
  ( 38.25000000,   6.22737853)
  ( 38.33333333,   5.96251876)
  ( 38.41666667,   5.68362138)
  ( 38.50000000,   5.39127923)
  ( 38.58333333,   5.08617919)
  ( 38.66666667,   4.76907124)
  ( 38.75000000,   4.44065587)
  ( 38.83333333,   4.10168905)
  ( 38.91666667,   3.75297962)
  ( 39.00000000,   3.39524474)
  ( 39.08333333,   3.02938431)
  ( 39.16666667,   2.65628972)
  ( 39.25000000,   2.27668118)
  ( 39.33333333,   1.89144449)
  ( 39.41666667,   1.50157080)
  ( 39.50000000,   1.10794188)
  ( 39.58333333,   0.71153430)
  ( 39.66666667,   0.31320807)
  ( 39.75000000,  -0.08614263)
  ( 39.83333333,  -0.48557784)
  ( 39.91666667,  -0.88412690)
  ( 40.00000000,  -1.28094179)
  ( 40.08333333,  -1.67504090)
  ( 40.16666667,  -2.06551350)
  ( 40.25000000,  -2.45153240)
  ( 40.33333333,  -2.83205021)
  ( 40.41666667,  -3.20630398)
  ( 40.50000000,  -3.57337461)
  ( 40.58333333,  -3.93236016)
  ( 40.66666667,  -4.28243034)
  ( 40.75000000,  -4.62287446)
  ( 40.83333333,  -4.95274146)
  ( 40.91666667,  -5.27133678)
  ( 41.00000000,  -5.57795416)
  ( 41.08333333,  -5.87182781)
  ( 41.16666667,  -6.15235926)
  ( 41.25000000,  -6.41877326)
  ( 41.33333333,  -6.67044181)
  ( 41.41666667,  -6.90681804)
  ( 41.50000000,  -7.12736778)
  ( 41.58333333,  -7.33159813)
  ( 41.66666667,  -7.51895059)
  ( 41.75000000,  -7.68895740)
  ( 41.83333333,  -7.84121434)
  ( 41.91666667,  -7.97547635)
  ( 42.00000000,  -8.09142055)
  ( 42.08333333,  -8.18875778)
  ( 42.16666667,  -8.26714614)
  ( 42.25000000,  -8.32641410)
  ( 42.33333333,  -8.36648459)
  ( 42.41666667,  -8.38722113)
  ( 42.50000000,  -8.38856225)
  ( 42.58333333,  -8.37048113)
  ( 42.66666667,  -8.33305641)
  ( 42.75000000,  -8.27629077)
  ( 42.83333333,  -8.20035279)
  ( 42.91666667,  -8.10544635)
  ( 43.00000000,  -7.99178326)
  ( 43.08333333,  -7.85955500)
  ( 43.16666667,  -7.70914773)
  ( 43.25000000,  -7.54087506)
  ( 43.33333333,  -7.35509080)
  ( 43.41666667,  -7.15227638)
  ( 43.50000000,  -6.93280371)
  ( 43.58333333,  -6.69718383)
  ( 43.66666667,  -6.44605237)
  ( 43.75000000,  -6.18005684)
  ( 43.83333333,  -5.89962000)
  ( 43.91666667,  -5.60547768)
  ( 44.00000000,  -5.29828627)
  ( 44.08333333,  -4.97879208)
  ( 44.16666667,  -4.64772401)
  ( 44.25000000,  -4.30587774)
  ( 44.33333333,  -3.95398850)
  ( 44.41666667,  -3.59284344)
  ( 44.50000000,  -3.22326943)
  ( 44.58333333,  -2.84624438)
  ( 44.66666667,  -2.46254295)
  ( 44.75000000,  -2.07310221)
  ( 44.83333333,  -1.67879825)
  ( 44.91666667,  -1.28049530)
  ( 45.00000000,  -0.87911944)
  ( 45.08333333,  -0.47569846)
  ( 45.16666667,  -0.07110104)
  ( 45.25000000,   0.33376941)
  ( 45.33333333,   0.73788455)
  ( 45.41666667,   1.14029857)
  ( 45.50000000,   1.54011299)
  ( 45.58333333,   1.93642208)
  ( 45.66666667,   2.32828783)
  ( 45.75000000,   2.71485868)
  ( 45.83333333,   3.09499711)
  ( 45.91666667,   3.46798746)
  ( 46.00000000,   3.83302970)
  ( 46.08333333,   4.18921525)
  ( 46.16666667,   4.53576544)
  ( 46.25000000,   4.87188585)
  ( 46.33333333,   5.19672324)
  ( 46.41666667,   5.50952403)
  ( 46.50000000,   5.80962806)
  ( 46.58333333,   6.09631658)
  ( 46.66666667,   6.36885975)
  ( 46.75000000,   6.62667503)
  ( 46.83333333,   6.86912343)
  ( 46.91666667,   7.09571868)
  ( 47.00000000,   7.30595147)
  ( 47.08333333,   7.49922419)
  ( 47.16666667,   7.67518645)
  ( 47.25000000,   7.83338564)
  ( 47.33333333,   7.97349909)
  ( 47.41666667,   8.09515573)
  ( 47.50000000,   8.19808841)
  ( 47.58333333,   8.28207411)
  ( 47.66666667,   8.34689858)
  ( 47.75000000,   8.39239634)
  ( 47.83333333,   8.41846852)
  ( 47.91666667,   8.42502532)
  ( 48.00000000,   8.41208459)
  ( 48.08333333,   8.37968653)
  ( 48.16666667,   8.32789639)
  ( 48.25000000,   8.25682267)
  ( 48.33333333,   8.16660449)
  ( 48.41666667,   8.05746205)
  ( 48.50000000,   7.92963726)
  ( 48.58333333,   7.78339148)
  ( 48.66666667,   7.61913194)
  ( 48.75000000,   7.43726553)
  ( 48.83333333,   7.23818400)
  ( 48.91666667,   7.02222407)
  ( 49.00000000,   6.78997874)
  ( 49.08333333,   6.54201203)
  ( 49.16666667,   6.27887079)
  ( 49.25000000,   6.00110819)
  ( 49.33333333,   5.70939703)
  ( 49.41666667,   5.40447023)
  ( 49.50000000,   5.08696823)
  ( 49.58333333,   4.75765065)
  ( 49.66666667,   4.41719621)
  ( 49.75000000,   4.06639619)
  ( 49.83333333,   3.70613392)
  ( 49.91666667,   3.33725001)
  ( 50.00000000,   2.96050309)
  ( 50.08333333,   2.57675912)
  ( 50.16666667,   2.18693339)
  ( 50.25000000,   1.79189659)
  ( 50.33333333,   1.39261301)
  ( 50.41666667,   0.98995876)
  ( 50.50000000,   0.58481912)
  ( 50.58333333,   0.17828276)
  ( 50.66666667,  -0.22881845)
  ( 50.75000000,  -0.63552298)
  ( 50.83333333,  -1.04089168)
  ( 50.91666667,  -1.44406906)
  ( 51.00000000,  -1.84406573)
  ( 51.08333333,  -2.23996515)
  ( 51.16666667,  -2.63086831)
  ( 51.25000000,  -3.01583595)
  ( 51.33333333,  -3.39395106)
  ( 51.41666667,  -3.76446883)
  ( 51.50000000,  -4.12636448)
  ( 51.58333333,  -4.47888278)
  ( 51.66666667,  -4.82119415)
  ( 51.75000000,  -5.15253561)
  ( 51.83333333,  -5.47216042)
  ( 51.91666667,  -5.77934662)
  ( 52.00000000,  -6.07327908)
  ( 52.08333333,  -6.35329772)
  ( 52.16666667,  -6.61885951)
  ( 52.25000000,  -6.86930915)
  ( 52.33333333,  -7.10407963)
  ( 52.41666667,  -7.32251110)
  ( 52.50000000,  -7.52409756)
  ( 52.58333333,  -7.70851258)
  ( 52.66666667,  -7.87526131)
  ( 52.75000000,  -8.02394670)
  ( 52.83333333,  -8.15422464)
  ( 52.91666667,  -8.26584902)
  ( 53.00000000,  -8.35848512)
  ( 53.08333333,  -8.43195356)
  ( 53.16666667,  -8.48601287)
  ( 53.25000000,  -8.52054052)
  ( 53.33333333,  -8.53548785)
  ( 53.41666667,  -8.53082788)
  ( 53.50000000,  -8.50659923)
  ( 53.58333333,  -8.46280415)
  ( 53.66666667,  -8.39948217)
  ( 53.75000000,  -8.31690284)
  ( 53.83333333,  -8.21521419)
  ( 53.91666667,  -8.09468426)
  ( 54.00000000,  -7.95559533)
  ( 54.08333333,  -7.79825155)
  ( 54.16666667,  -7.62295619)
  ( 54.25000000,  -7.43013614)
  ( 54.33333333,  -7.22027164)
  ( 54.41666667,  -6.99383039)
  ( 54.50000000,  -6.75137094)
  ( 54.58333333,  -6.49340465)
  ( 54.66666667,  -6.22054517)
  ( 54.75000000,  -5.93337797)
  ( 54.83333333,  -5.63260233)
  ( 54.91666667,  -5.31887588)
  ( 55.00000000,  -4.99296455)
  ( 55.08333333,  -4.65567485)
  ( 55.16666667,  -4.30780616)
  ( 55.25000000,  -3.95007823)
  ( 55.33333333,  -3.58324270)
  ( 55.41666667,  -3.20829298)
  ( 55.50000000,  -2.82607273)
  ( 55.58333333,  -2.43733785)
  ( 55.66666667,  -2.04300830)
  ( 55.75000000,  -1.64398859)
  ( 55.83333333,  -1.24134549)
  ( 55.91666667,  -0.83590698)
  ( 56.00000000,  -0.42855046)
  ( 56.08333333,  -0.02025145)
  ( 56.16666667,   0.38802064)
  ( 56.25000000,   0.79532139)
  ( 56.33333333,   1.20078405)
  ( 56.41666667,   1.60340428)
  ( 56.50000000,   2.00223351)
  ( 56.58333333,   2.39630609)
  ( 56.66666667,   2.78476760)
  ( 56.75000000,   3.16675732)
  ( 56.83333333,   3.54131874)
  ( 56.91666667,   3.90767427)
  ( 57.00000000,   4.26499871)
  ( 57.08333333,   4.61245153)
  ( 57.16666667,   4.94925987)
  ( 57.25000000,   5.27465942)
  ( 57.33333333,   5.58782761)
  ( 57.41666667,   5.88805973)
  ( 57.50000000,   6.17472244)
  ( 57.58333333,   6.44709958)
  ( 57.66666667,   6.70460420)
  ( 57.75000000,   6.94658624)
  ( 57.83333333,   7.17251121)
  ( 57.91666667,   7.38186852)
  ( 58.00000000,   7.57417514)
  ( 58.08333333,   7.74906823)
  ( 58.16666667,   7.90610870)
  ( 58.25000000,   8.04493103)
  ( 58.33333333,   8.16524769)
  ( 58.41666667,   8.26683489)
  ( 58.50000000,   8.34937475)
  ( 58.58333333,   8.41267197)
  ( 58.66666667,   8.45662016)
  ( 58.75000000,   8.48101720)
  ( 58.83333333,   8.48594013)
  ( 58.91666667,   8.47133792)
  ( 59.00000000,   8.43717662)
  ( 59.08333333,   8.38361979)
  ( 59.16666667,   8.31078410)
  ( 59.25000000,   8.21879373)
  ( 59.33333333,   8.10792841)
  ( 59.41666667,   7.97840005)
  ( 59.50000000,   7.83052808)
  ( 59.58333333,   7.66460435)
  ( 59.66666667,   7.48102426)
  ( 59.75000000,   7.28022978)
  ( 59.83333333,   7.06269456)
  ( 59.91666667,   6.82878502)
  ( 60.00000000,   6.57908609)
  ( 60.08333333,   6.31420203)
  ( 60.16666667,   6.03483137)
  ( 60.25000000,   5.74161070)
  ( 60.33333333,   5.43513606)
  ( 60.41666667,   5.11609544)
  ( 60.50000000,   4.78521342)
  ( 60.58333333,   4.44326948)
  ( 60.66666667,   4.09099610)
  ( 60.75000000,   3.72924695)
  ( 60.83333333,   3.35875502)
  ( 60.91666667,   2.98042114)
  ( 61.00000000,   2.59520397)
  ( 61.08333333,   2.20396312)
  ( 61.16666667,   1.80756082)
  ( 61.25000000,   1.40690927)
  ( 61.33333333,   1.00290956)
  ( 61.41666667,   0.59656633)
  ( 61.50000000,   0.18875375)
  ( 61.58333333,  -0.21954654)
  ( 61.66666667,  -0.62740443)
  ( 61.75000000,  -1.03391528)
  ( 61.83333333,  -1.43814642)
  ( 61.91666667,  -1.83919292)
  ( 62.00000000,  -2.23613830)
  ( 62.08333333,  -2.62814309)
  ( 62.16666667,  -3.01417333)
  ( 62.25000000,  -3.39335588)
  ( 62.33333333,  -3.76480929)
  ( 62.41666667,  -4.12769928)
  ( 62.50000000,  -4.48111115)
  ( 62.58333333,  -4.82430926)
  ( 62.66666667,  -5.15646591)
  ( 62.75000000,  -5.47688465)
  ( 62.83333333,  -5.78492746)
  ( 62.91666667,  -6.07979324)
  ( 63.00000000,  -6.36075124)
  ( 63.08333333,  -6.62714545)
  ( 63.16666667,  -6.87842347)
  ( 63.25000000,  -7.11399838)
  ( 63.33333333,  -7.33336868)
  ( 63.41666667,  -7.53591237)
  ( 63.50000000,  -7.72121994)
  ( 63.58333333,  -7.88886066)
  ( 63.66666667,  -8.03852148)
  ( 63.75000000,  -8.16969062)
  ( 63.83333333,  -8.28214109)
  ( 63.91666667,  -8.37563550)
  ( 64.00000000,  -8.45004840)
  ( 64.08333333,  -8.50515491)
  ( 64.16666667,  -8.54090126)
  ( 64.25000000,  -8.55711057)
  ( 64.33333333,  -8.55376369)
  ( 64.41666667,  -8.53083002)
  ( 64.50000000,  -8.48835984)
  ( 64.58333333,  -8.42643454)
  ( 64.66666667,  -8.34515851)
  ( 64.75000000,  -8.24479284)
  ( 64.83333333,  -8.12556420)
  ( 64.91666667,  -7.98781268)
  ( 65.00000000,  -7.83177316)
  ( 65.08333333,  -7.65782892)
  ( 65.16666667,  -7.46631120)
  ( 65.25000000,  -7.25777425)
  ( 65.33333333,  -7.03266583)
  ( 65.41666667,  -6.79144744)
  ( 65.50000000,  -6.53468093)
  ( 65.58333333,  -6.26299986)
  ( 65.66666667,  -5.97694497)
  ( 65.75000000,  -5.67718689)
  ( 65.83333333,  -5.36439268)
  ( 65.91666667,  -5.03929133)
  ( 66.00000000,  -4.70264312)
  ( 66.08333333,  -4.35531028)
  ( 66.16666667,  -3.99811291)
  ( 66.25000000,  -3.63183152)
  ( 66.33333333,  -3.25728962)
  ( 66.41666667,  -2.87525754)
  ( 66.50000000,  -2.48664557)
  ( 66.58333333,  -2.09233490)
  ( 66.66666667,  -1.69335227)
  ( 66.75000000,  -1.29047440)
  ( 66.83333333,  -0.88473639)
  ( 66.91666667,  -0.47698125)
  ( 67.00000000,  -0.06825532)
  ( 67.08333333,   0.34060065)
  ( 67.16666667,   0.74868460)
  ( 67.25000000,   1.15501440)
  ( 67.33333333,   1.55857594)
  ( 67.41666667,   1.95851580)
  ( 67.50000000,   2.35390026)
  ( 67.58333333,   2.74378321)
  ( 67.66666667,   3.12738224)
  ( 67.75000000,   3.50381056)
  ( 67.83333333,   3.87214287)
  ( 67.91666667,   4.23150382)
  ( 68.00000000,   4.58104041)
  ( 68.08333333,   4.92004155)
  ( 68.16666667,   5.24770634)
  ( 68.25000000,   5.56327789)
  ( 68.33333333,   5.86601249)
  ( 68.41666667,   6.15522435)
  ( 68.50000000,   6.43036575)
  ( 68.58333333,   6.69071186)
  ( 68.66666667,   6.93568243)
  ( 68.75000000,   7.16467721)
  ( 68.83333333,   7.37726684)
  ( 68.91666667,   7.57291683)
  ( 69.00000000,   7.75109808)
  ( 69.08333333,   7.91146469)
  ( 69.16666667,   8.05358435)
  ( 69.25000000,   8.17721487)
  ( 69.33333333,   8.28204359)
  ( 69.41666667,   8.36784001)
  ( 69.50000000,   8.43442671)
  ( 69.58333333,   8.48166176)
  ( 69.66666667,   8.50939275)
  ( 69.75000000,   8.51759917)
  ( 69.83333333,   8.50625690)
  ( 69.91666667,   8.47538743)
  ( 70.00000000,   8.42498155)
  ( 70.08333333,   8.35525052)
  ( 70.16666667,   8.26632313)
  ( 70.25000000,   8.15842681)
  ( 70.33333333,   8.03173435)
  ( 70.41666667,   7.88662729)
  ( 70.50000000,   7.72344038)
  ( 70.58333333,   7.54253180)
  ( 70.66666667,   7.34425323)
  ( 70.75000000,   7.12920593)
  ( 70.83333333,   6.89777696)
  ( 70.91666667,   6.65055807)
  ( 71.00000000,   6.38809624)
  ( 71.08333333,   6.11099124)
  ( 71.16666667,   5.81977171)
  ( 71.25000000,   5.51514866)
  ( 71.33333333,   5.19777969)
  ( 71.41666667,   4.86852968)
  ( 71.50000000,   4.52810634)
  ( 71.58333333,   4.17729426)
  ( 71.66666667,   3.81687667)
  ( 71.75000000,   3.44772804)
  ( 71.83333333,   3.07059612)
  ( 71.91666667,   2.68642486)
  ( 72.00000000,   2.29603097)
  ( 72.08333333,   1.90029753)
  ( 72.16666667,   1.50017562)
  ( 72.25000000,   1.09662541)
  ( 72.33333333,   0.69049110)
  ( 72.41666667,   0.28274625)
  ( 72.50000000,  -0.12575088)
  ( 72.58333333,  -0.53392454)
  ( 72.66666667,  -0.94091209)
  ( 72.75000000,  -1.34578053)
  ( 72.83333333,  -1.74756534)
  ( 72.91666667,  -2.14534638)
  ( 73.00000000,  -2.53825151)
  ( 73.08333333,  -2.92539972)
  ( 73.16666667,  -3.30583949)
  ( 73.25000000,  -3.67880311)
  ( 73.33333333,  -4.04335218)
  ( 73.41666667,  -4.39869989)
  ( 73.50000000,  -4.74410332)
  ( 73.58333333,  -5.07868803)
  ( 73.66666667,  -5.40166168)
  ( 73.75000000,  -5.71227772)
  ( 73.83333333,  -6.00987337)
  ( 73.91666667,  -6.29378215)
  ( 74.00000000,  -6.56333708)
  ( 74.08333333,  -6.81785980)
  ( 74.16666667,  -7.05672369)
  ( 74.25000000,  -7.27955999)
  ( 74.33333333,  -7.48577529)
  ( 74.41666667,  -7.67484670)
  ( 74.50000000,  -7.84638507)
  ( 74.58333333,  -7.99993581)
  ( 74.66666667,  -8.13519992)
  ( 74.75000000,  -8.25185452)
  ( 74.83333333,  -8.34966099)
  ( 74.91666667,  -8.42837022)
  ( 75.00000000,  -8.48785007)
  ( 75.08333333,  -8.52787794)
  ( 75.16666667,  -8.54841189)
  ( 75.25000000,  -8.54937606)
  ( 75.33333333,  -8.53083735)
  ( 75.41666667,  -8.49270704)
  ( 75.50000000,  -8.43511388)
  ( 75.58333333,  -8.35826651)
  ( 75.66666667,  -8.26238083)
  ( 75.75000000,  -8.14762691)
  ( 75.83333333,  -8.01427420)
  ( 75.91666667,  -7.86255828)
  ( 76.00000000,  -7.69292448)
  ( 76.08333333,  -7.50569248)
  ( 76.16666667,  -7.30127324)
  ( 76.25000000,  -7.08017544)
  ( 76.33333333,  -6.84287230)
  ( 76.41666667,  -6.58997189)
  ( 76.50000000,  -6.32203373)
  ( 76.58333333,  -6.03960070)
  ( 76.66666667,  -5.74321505)
  ( 76.75000000,  -5.43376880)
  ( 76.83333333,  -5.11188537)
  ( 76.91666667,  -4.77840410)
  ( 77.00000000,  -4.43404247)
  ( 77.08333333,  -4.07954432)
  ( 77.16666667,  -3.71573465)
  ( 77.25000000,  -3.34345931)
  ( 77.33333333,  -2.96350368)
  ( 77.41666667,  -2.57671077)
  ( 77.50000000,  -2.18410225)
  ( 77.58333333,  -1.78646684)
  ( 77.66666667,  -1.38477797)
  ( 77.75000000,  -0.97999773)
  ( 77.83333333,  -0.57303186)
  ( 77.91666667,  -0.16482012)
  ( 78.00000000,   0.24365675)
  ( 78.08333333,   0.65158427)
  ( 78.16666667,   1.05792299)
  ( 78.25000000,   1.46180528)
  ( 78.33333333,   1.86231835)
  ( 78.41666667,   2.25843851)
  ( 78.50000000,   2.64937095)
  ( 78.58333333,   3.03426679)
  ( 78.66666667,   3.41215814)
  ( 78.75000000,   3.78217421)
  ( 78.83333333,   4.14348860)
  ( 78.91666667,   4.49523693)
  ( 79.00000000,   4.83659085)
  ( 79.08333333,   5.16676464)
  ( 79.16666667,   5.48502749)
  ( 79.25000000,   5.79068550)
  ( 79.33333333,   6.08302454)
  ( 79.41666667,   6.36127880)
  ( 79.50000000,   6.62499295)
  ( 79.58333333,   6.87350005)
  ( 79.66666667,   7.10622024)
  ( 79.75000000,   7.32264940)
  ( 79.83333333,   7.52228481)
  ( 79.91666667,   7.70466821)
  ( 80.00000000,   7.86933557)
  ( 80.08333333,   8.01587970)
  ( 80.16666667,   8.14400460)
  ( 80.25000000,   8.25348189)
  ( 80.33333333,   8.34393531)
  ( 80.41666667,   8.41519995)
  ( 80.50000000,   8.46717527)
  ( 80.58333333,   8.49975253)
  ( 80.66666667,   8.51286620)
  ( 80.75000000,   8.50647314)
  ( 80.83333333,   8.48060373)
  ( 80.91666667,   8.43526595)
  ( 81.00000000,   8.37063677)
  ( 81.08333333,   8.28682698)
  ( 81.16666667,   8.18410089)
  ( 81.25000000,   8.06264652)
  ( 81.33333333,   7.92274330)
  ( 81.41666667,   7.76463121)
  ( 81.50000000,   7.58875222)
  ( 81.58333333,   7.39550016)
  ( 81.66666667,   7.18538785)
  ( 81.75000000,   6.95875542)
  ( 81.83333333,   6.71614787)
  ( 81.91666667,   6.45816853)
  ( 82.00000000,   6.18542567)
  ( 82.08333333,   5.89857400)
  ( 82.16666667,   5.59820809)
  ( 82.25000000,   5.28500942)
  ( 82.33333333,   4.95971645)
  ( 82.41666667,   4.62312477)
  ( 82.50000000,   4.27598932)
  ( 82.58333333,   3.91905955)
  ( 82.66666667,   3.55316264)
  ( 82.75000000,   3.17912473)
  ( 82.83333333,   2.79784142)
  ( 82.91666667,   2.41016980)
  ( 83.00000000,   2.01692773)
  ( 83.08333333,   1.61909835)
  ( 83.16666667,   1.21757212)
  ( 83.25000000,   0.81326074)
  ( 83.33333333,   0.40708484)
  ( 83.41666667,   0.00000000)
  ( 83.50000000,  -0.40708484)
  ( 83.58333333,  -0.81326074)
  ( 83.66666667,  -1.21757212)
  ( 83.75000000,  -1.61909835)
  ( 83.83333333,  -2.01692773)
  ( 83.91666667,  -2.41016980)
  ( 84.00000000,  -2.79784142)
  ( 84.08333333,  -3.17912473)
  ( 84.16666667,  -3.55316264)
  ( 84.25000000,  -3.91905955)
  ( 84.33333333,  -4.27598932)
  ( 84.41666667,  -4.62312477)
  ( 84.50000000,  -4.95971645)
  ( 84.58333333,  -5.28500942)
  ( 84.66666667,  -5.59820809)
  ( 84.75000000,  -5.89857400)
  ( 84.83333333,  -6.18542567)
  ( 84.91666667,  -6.45816853)
  ( 85.00000000,  -6.71614787)
  ( 85.08333333,  -6.95875542)
  ( 85.16666667,  -7.18538785)
  ( 85.25000000,  -7.39550016)
  ( 85.33333333,  -7.58875222)
  ( 85.41666667,  -7.76463121)
  ( 85.50000000,  -7.92274330)
  ( 85.58333333,  -8.06264652)
  ( 85.66666667,  -8.18410089)
  ( 85.75000000,  -8.28682698)
  ( 85.83333333,  -8.37063677)
  ( 85.91666667,  -8.43526595)
  ( 86.00000000,  -8.48060373)
  ( 86.08333333,  -8.50647314)
  ( 86.16666667,  -8.51286620)
  ( 86.25000000,  -8.49975253)
  ( 86.33333333,  -8.46717527)
  ( 86.41666667,  -8.41519995)
  ( 86.50000000,  -8.34393531)
  ( 86.58333333,  -8.25348189)
  ( 86.66666667,  -8.14400460)
  ( 86.75000000,  -8.01587970)
  ( 86.83333333,  -7.86933557)
  ( 86.91666667,  -7.70466821)
  ( 87.00000000,  -7.52228481)
  ( 87.08333333,  -7.32264940)
  ( 87.16666667,  -7.10622024)
  ( 87.25000000,  -6.87350005)
  ( 87.33333333,  -6.62499295)
  ( 87.41666667,  -6.36127880)
  ( 87.50000000,  -6.08302454)
  ( 87.58333333,  -5.79068550)
  ( 87.66666667,  -5.48502749)
  ( 87.75000000,  -5.16676464)
  ( 87.83333333,  -4.83659085)
  ( 87.91666667,  -4.49523693)
  ( 88.00000000,  -4.14348860)
  ( 88.08333333,  -3.78217421)
  ( 88.16666667,  -3.41215814)
  ( 88.25000000,  -3.03426679)
  ( 88.33333333,  -2.64937095)
  ( 88.41666667,  -2.25843851)
  ( 88.50000000,  -1.86231835)
  ( 88.58333333,  -1.46180528)
  ( 88.66666667,  -1.05792299)
  ( 88.75000000,  -0.65158427)
  ( 88.83333333,  -0.24365675)
  ( 88.91666667,   0.16482012)
  ( 89.00000000,   0.57303186)
  ( 89.08333333,   0.97999773)
  ( 89.16666667,   1.38477797)
  ( 89.25000000,   1.78646684)
  ( 89.33333333,   2.18410225)
  ( 89.41666667,   2.57671077)
  ( 89.50000000,   2.96350368)
  ( 89.58333333,   3.34345931)
  ( 89.66666667,   3.71573465)
  ( 89.75000000,   4.07954432)
  ( 89.83333333,   4.43404247)
  ( 89.91666667,   4.77840410)
  ( 90.00000000,   5.11188537)
  ( 90.08333333,   5.43376880)
  ( 90.16666667,   5.74321505)
  ( 90.25000000,   6.03960070)
  ( 90.33333333,   6.32203373)
  ( 90.41666667,   6.58997189)
  ( 90.50000000,   6.84287230)
  ( 90.58333333,   7.08017544)
  ( 90.66666667,   7.30127324)
  ( 90.75000000,   7.50569248)
  ( 90.83333333,   7.69292448)
  ( 90.91666667,   7.86255828)
  ( 91.00000000,   8.01427420)
  ( 91.08333333,   8.14762691)
  ( 91.16666667,   8.26238083)
  ( 91.25000000,   8.35826651)
  ( 91.33333333,   8.43511388)
  ( 91.41666667,   8.49270704)
  ( 91.50000000,   8.53083735)
  ( 91.58333333,   8.54937606)
  ( 91.66666667,   8.54841189)
  ( 91.75000000,   8.52787794)
  ( 91.83333333,   8.48785007)
  ( 91.91666667,   8.42837022)
  ( 92.00000000,   8.34966099)
  ( 92.08333333,   8.25185452)
  ( 92.16666667,   8.13519992)
  ( 92.25000000,   7.99993581)
  ( 92.33333333,   7.84638507)
  ( 92.41666667,   7.67484670)
  ( 92.50000000,   7.48577529)
  ( 92.58333333,   7.27955999)
  ( 92.66666667,   7.05672369)
  ( 92.75000000,   6.81785980)
  ( 92.83333333,   6.56333708)
  ( 92.91666667,   6.29378215)
  ( 93.00000000,   6.00987337)
  ( 93.08333333,   5.71227772)
  ( 93.16666667,   5.40166168)
  ( 93.25000000,   5.07868803)
  ( 93.33333333,   4.74410332)
  ( 93.41666667,   4.39869989)
  ( 93.50000000,   4.04335218)
  ( 93.58333333,   3.67880311)
  ( 93.66666667,   3.30583949)
  ( 93.75000000,   2.92539972)
  ( 93.83333333,   2.53825151)
  ( 93.91666667,   2.14534638)
  ( 94.00000000,   1.74756534)
  ( 94.08333333,   1.34578053)
  ( 94.16666667,   0.94091209)
  ( 94.25000000,   0.53392454)
  ( 94.33333333,   0.12575088)
  ( 94.41666667,  -0.28274625)
  ( 94.50000000,  -0.69049110)
  ( 94.58333333,  -1.09662541)
  ( 94.66666667,  -1.50017562)
  ( 94.75000000,  -1.90029753)
  ( 94.83333333,  -2.29603097)
  ( 94.91666667,  -2.68642486)
  ( 95.00000000,  -3.07059612)
  ( 95.08333333,  -3.44772804)
  ( 95.16666667,  -3.81687667)
  ( 95.25000000,  -4.17729426)
  ( 95.33333333,  -4.52810634)
  ( 95.41666667,  -4.86852968)
  ( 95.50000000,  -5.19777969)
  ( 95.58333333,  -5.51514866)
  ( 95.66666667,  -5.81977171)
  ( 95.75000000,  -6.11099124)
  ( 95.83333333,  -6.38809624)
  ( 95.91666667,  -6.65055807)
  ( 96.00000000,  -6.89777696)
  ( 96.08333333,  -7.12920593)
  ( 96.16666667,  -7.34425323)
  ( 96.25000000,  -7.54253180)
  ( 96.33333333,  -7.72344038)
  ( 96.41666667,  -7.88662729)
  ( 96.50000000,  -8.03173435)
  ( 96.58333333,  -8.15842681)
  ( 96.66666667,  -8.26632313)
  ( 96.75000000,  -8.35525052)
  ( 96.83333333,  -8.42498155)
  ( 96.91666667,  -8.47538743)
  ( 97.00000000,  -8.50625690)
  ( 97.08333333,  -8.51759917)
  ( 97.16666667,  -8.50939275)
  ( 97.25000000,  -8.48166176)
  ( 97.33333333,  -8.43442671)
  ( 97.41666667,  -8.36784001)
  ( 97.50000000,  -8.28204359)
  ( 97.58333333,  -8.17721487)
  ( 97.66666667,  -8.05358435)
  ( 97.75000000,  -7.91146469)
  ( 97.83333333,  -7.75109808)
  ( 97.91666667,  -7.57291683)
  ( 98.00000000,  -7.37726684)
  ( 98.08333333,  -7.16467721)
  ( 98.16666667,  -6.93568243)
  ( 98.25000000,  -6.69071186)
  ( 98.33333333,  -6.43036575)
  ( 98.41666667,  -6.15522435)
  ( 98.50000000,  -5.86601249)
  ( 98.58333333,  -5.56327789)
  ( 98.66666667,  -5.24770634)
  ( 98.75000000,  -4.92004155)
  ( 98.83333333,  -4.58104041)
  ( 98.91666667,  -4.23150382)
  ( 99.00000000,  -3.87214287)
  ( 99.08333333,  -3.50381056)
  ( 99.16666667,  -3.12738224)
  ( 99.25000000,  -2.74378321)
  ( 99.33333333,  -2.35390026)
  ( 99.41666667,  -1.95851580)
  ( 99.50000000,  -1.55857594)
  ( 99.58333333,  -1.15501440)
  ( 99.66666667,  -0.74868460)
  ( 99.75000000,  -0.34060065)
  ( 99.83333333,   0.06825532)
  ( 99.91666667,   0.47698125)
  (100.00000000,   0.88473639)
  (100.08333333,   1.29047440)
  (100.16666667,   1.69335227)
  (100.25000000,   2.09233490)
  (100.33333333,   2.48664557)
  (100.41666667,   2.87525754)
  (100.50000000,   3.25728962)
  (100.58333333,   3.63183152)
  (100.66666667,   3.99811291)
  (100.75000000,   4.35531028)
  (100.83333333,   4.70264312)
  (100.91666667,   5.03929133)
  (101.00000000,   5.36439268)
  (101.08333333,   5.67718689)
  (101.16666667,   5.97694497)
  (101.25000000,   6.26299986)
  (101.33333333,   6.53468093)
  (101.41666667,   6.79144744)
  (101.50000000,   7.03266583)
  (101.58333333,   7.25777425)
  (101.66666667,   7.46631120)
  (101.75000000,   7.65782892)
  (101.83333333,   7.83177316)
  (101.91666667,   7.98781268)
  (102.00000000,   8.12556420)
  (102.08333333,   8.24479284)
  (102.16666667,   8.34515851)
  (102.25000000,   8.42643454)
  (102.33333333,   8.48835984)
  (102.41666667,   8.53083002)
  (102.50000000,   8.55376369)
  (102.58333333,   8.55711057)
  (102.66666667,   8.54090126)
  (102.75000000,   8.50515491)
  (102.83333333,   8.45004840)
  (102.91666667,   8.37563550)
  (103.00000000,   8.28214109)
  (103.08333333,   8.16969062)
  (103.16666667,   8.03852148)
  (103.25000000,   7.88886066)
  (103.33333333,   7.72121994)
  (103.41666667,   7.53591237)
  (103.50000000,   7.33336868)
  (103.58333333,   7.11399838)
  (103.66666667,   6.87842347)
  (103.75000000,   6.62714545)
  (103.83333333,   6.36075124)
  (103.91666667,   6.07979324)
  (104.00000000,   5.78492746)
  (104.08333333,   5.47688465)
  (104.16666667,   5.15646591)
  (104.25000000,   4.82430926)
  (104.33333333,   4.48111115)
  (104.41666667,   4.12769928)
  (104.50000000,   3.76480929)
  (104.58333333,   3.39335588)
  (104.66666667,   3.01417333)
  (104.75000000,   2.62814309)
  (104.83333333,   2.23613830)
  (104.91666667,   1.83919292)
  (105.00000000,   1.43814642)
  (105.08333333,   1.03391528)
  (105.16666667,   0.62740443)
  (105.25000000,   0.21954654)
  (105.33333333,  -0.18875375)
  (105.41666667,  -0.59656633)
  (105.50000000,  -1.00290956)
  (105.58333333,  -1.40690927)
  (105.66666667,  -1.80756082)
  (105.75000000,  -2.20396312)
  (105.83333333,  -2.59520397)
  (105.91666667,  -2.98042114)
  (106.00000000,  -3.35875502)
  (106.08333333,  -3.72924695)
  (106.16666667,  -4.09099610)
  (106.25000000,  -4.44326948)
  (106.33333333,  -4.78521342)
  (106.41666667,  -5.11609544)
  (106.50000000,  -5.43513606)
  (106.58333333,  -5.74161070)
  (106.66666667,  -6.03483137)
  (106.75000000,  -6.31420203)
  (106.83333333,  -6.57908609)
  (106.91666667,  -6.82878502)
  (107.00000000,  -7.06269456)
  (107.08333333,  -7.28022978)
  (107.16666667,  -7.48102426)
  (107.25000000,  -7.66460435)
  (107.33333333,  -7.83052808)
  (107.41666667,  -7.97840005)
  (107.50000000,  -8.10792841)
  (107.58333333,  -8.21879373)
  (107.66666667,  -8.31078410)
  (107.75000000,  -8.38361979)
  (107.83333333,  -8.43717662)
  (107.91666667,  -8.47133792)
  (108.00000000,  -8.48594013)
  (108.08333333,  -8.48101720)
  (108.16666667,  -8.45662016)
  (108.25000000,  -8.41267197)
  (108.33333333,  -8.34937475)
  (108.41666667,  -8.26683489)
  (108.50000000,  -8.16524769)
  (108.58333333,  -8.04493103)
  (108.66666667,  -7.90610870)
  (108.75000000,  -7.74906823)
  (108.83333333,  -7.57417514)
  (108.91666667,  -7.38186852)
  (109.00000000,  -7.17251121)
  (109.08333333,  -6.94658624)
  (109.16666667,  -6.70460420)
  (109.25000000,  -6.44709958)
  (109.33333333,  -6.17472244)
  (109.41666667,  -5.88805973)
  (109.50000000,  -5.58782761)
  (109.58333333,  -5.27465942)
  (109.66666667,  -4.94925987)
  (109.75000000,  -4.61245153)
  (109.83333333,  -4.26499871)
  (109.91666667,  -3.90767427)
  (110.00000000,  -3.54131874)
  (110.08333333,  -3.16675732)
  (110.16666667,  -2.78476760)
  (110.25000000,  -2.39630609)
  (110.33333333,  -2.00223351)
  (110.41666667,  -1.60340428)
  (110.50000000,  -1.20078405)
  (110.58333333,  -0.79532139)
  (110.66666667,  -0.38802064)
  (110.75000000,   0.02025145)
  (110.83333333,   0.42855046)
  (110.91666667,   0.83590698)
  (111.00000000,   1.24134549)
  (111.08333333,   1.64398859)
  (111.16666667,   2.04300830)
  (111.25000000,   2.43733785)
  (111.33333333,   2.82607273)
  (111.41666667,   3.20829298)
  (111.50000000,   3.58324270)
  (111.58333333,   3.95007823)
  (111.66666667,   4.30780616)
  (111.75000000,   4.65567485)
  (111.83333333,   4.99296455)
  (111.91666667,   5.31887588)
  (112.00000000,   5.63260233)
  (112.08333333,   5.93337797)
  (112.16666667,   6.22054517)
  (112.25000000,   6.49340465)
  (112.33333333,   6.75137094)
  (112.41666667,   6.99383039)
  (112.50000000,   7.22027164)
  (112.58333333,   7.43013614)
  (112.66666667,   7.62295619)
  (112.75000000,   7.79825155)
  (112.83333333,   7.95559533)
  (112.91666667,   8.09468426)
  (113.00000000,   8.21521419)
  (113.08333333,   8.31690284)
  (113.16666667,   8.39948217)
  (113.25000000,   8.46280415)
  (113.33333333,   8.50659923)
  (113.41666667,   8.53082788)
  (113.50000000,   8.53548785)
  (113.58333333,   8.52054052)
  (113.66666667,   8.48601287)
  (113.75000000,   8.43195356)
  (113.83333333,   8.35848512)
  (113.91666667,   8.26584902)
  (114.00000000,   8.15422464)
  (114.08333333,   8.02394670)
  (114.16666667,   7.87526131)
  (114.25000000,   7.70851258)
  (114.33333333,   7.52409756)
  (114.41666667,   7.32251110)
  (114.50000000,   7.10407963)
  (114.58333333,   6.86930915)
  (114.66666667,   6.61885951)
  (114.75000000,   6.35329772)
  (114.83333333,   6.07327908)
  (114.91666667,   5.77934662)
  (115.00000000,   5.47216042)
  (115.08333333,   5.15253561)
  (115.16666667,   4.82119415)
  (115.25000000,   4.47888278)
  (115.33333333,   4.12636448)
  (115.41666667,   3.76446883)
  (115.50000000,   3.39395106)
  (115.58333333,   3.01583595)
  (115.66666667,   2.63086831)
  (115.75000000,   2.23996515)
  (115.83333333,   1.84406573)
  (115.91666667,   1.44406906)
  (116.00000000,   1.04089168)
  (116.08333333,   0.63552298)
  (116.16666667,   0.22881845)
  (116.25000000,  -0.17828276)
  (116.33333333,  -0.58481912)
  (116.41666667,  -0.98995876)
  (116.50000000,  -1.39261301)
  (116.58333333,  -1.79189659)
  (116.66666667,  -2.18693339)
  (116.75000000,  -2.57675912)
  (116.83333333,  -2.96050309)
  (116.91666667,  -3.33725001)
  (117.00000000,  -3.70613392)
  (117.08333333,  -4.06639619)
  (117.16666667,  -4.41719621)
  (117.25000000,  -4.75765065)
  (117.33333333,  -5.08696823)
  (117.41666667,  -5.40447023)
  (117.50000000,  -5.70939703)
  (117.58333333,  -6.00110819)
  (117.66666667,  -6.27887079)
  (117.75000000,  -6.54201203)
  (117.83333333,  -6.78997874)
  (117.91666667,  -7.02222407)
  (118.00000000,  -7.23818400)
  (118.08333333,  -7.43726553)
  (118.16666667,  -7.61913194)
  (118.25000000,  -7.78339148)
  (118.33333333,  -7.92963726)
  (118.41666667,  -8.05746205)
  (118.50000000,  -8.16660449)
  (118.58333333,  -8.25682267)
  (118.66666667,  -8.32789639)
  (118.75000000,  -8.37968653)
  (118.83333333,  -8.41208459)
  (118.91666667,  -8.42502532)
  (119.00000000,  -8.41846852)
  (119.08333333,  -8.39239634)
  (119.16666667,  -8.34689858)
  (119.25000000,  -8.28207411)
  (119.33333333,  -8.19808841)
  (119.41666667,  -8.09515573)
  (119.50000000,  -7.97349909)
  (119.58333333,  -7.83338564)
  (119.66666667,  -7.67518645)
  (119.75000000,  -7.49922419)
  (119.83333333,  -7.30595147)
  (119.91666667,  -7.09571868)
  (120.00000000,  -6.86912343)
  (120.08333333,  -6.62667503)
  (120.16666667,  -6.36885975)
  (120.25000000,  -6.09631658)
  (120.33333333,  -5.80962806)
  (120.41666667,  -5.50952403)
  (120.50000000,  -5.19672324)
  (120.58333333,  -4.87188585)
  (120.66666667,  -4.53576544)
  (120.75000000,  -4.18921525)
  (120.83333333,  -3.83302970)
  (120.91666667,  -3.46798746)
  (121.00000000,  -3.09499711)
  (121.08333333,  -2.71485868)
  (121.16666667,  -2.32828783)
  (121.25000000,  -1.93642208)
  (121.33333333,  -1.54011299)
  (121.41666667,  -1.14029857)
  (121.50000000,  -0.73788455)
  (121.58333333,  -0.33376941)
  (121.66666667,   0.07110104)
  (121.75000000,   0.47569846)
  (121.83333333,   0.87911944)
  (121.91666667,   1.28049530)
  (122.00000000,   1.67879825)
  (122.08333333,   2.07310221)
  (122.16666667,   2.46254295)
  (122.25000000,   2.84624438)
  (122.33333333,   3.22326943)
  (122.41666667,   3.59284344)
  (122.50000000,   3.95398850)
  (122.58333333,   4.30587774)
  (122.66666667,   4.64772401)
  (122.75000000,   4.97879208)
  (122.83333333,   5.29828627)
  (122.91666667,   5.60547768)
  (123.00000000,   5.89962000)
  (123.08333333,   6.18005684)
  (123.16666667,   6.44605237)
  (123.25000000,   6.69718383)
  (123.33333333,   6.93280371)
  (123.41666667,   7.15227638)
  (123.50000000,   7.35509080)
  (123.58333333,   7.54087506)
  (123.66666667,   7.70914773)
  (123.75000000,   7.85955500)
  (123.83333333,   7.99178326)
  (123.91666667,   8.10544635)
  (124.00000000,   8.20035279)
  (124.08333333,   8.27629077)
  (124.16666667,   8.33305641)
  (124.25000000,   8.37048113)
  (124.33333333,   8.38856225)
  (124.41666667,   8.38722113)
  (124.50000000,   8.36648459)
  (124.58333333,   8.32641410)
  (124.66666667,   8.26714614)
  (124.75000000,   8.18875778)
  (124.83333333,   8.09142055)
  (124.91666667,   7.97547635)
  (125.00000000,   7.84121434)
  (125.08333333,   7.68895740)
  (125.16666667,   7.51895059)
  (125.25000000,   7.33159813)
  (125.33333333,   7.12736778)
  (125.41666667,   6.90681804)
  (125.50000000,   6.67044181)
  (125.58333333,   6.41877326)
  (125.66666667,   6.15235926)
  (125.75000000,   5.87182781)
  (125.83333333,   5.57795416)
  (125.91666667,   5.27133678)
  (126.00000000,   4.95274146)
  (126.08333333,   4.62287446)
  (126.16666667,   4.28243034)
  (126.25000000,   3.93236016)
  (126.33333333,   3.57337461)
  (126.41666667,   3.20630398)
  (126.50000000,   2.83205021)
  (126.58333333,   2.45153240)
  (126.66666667,   2.06551350)
  (126.75000000,   1.67504090)
  (126.83333333,   1.28094179)
  (126.91666667,   0.88412690)
  (127.00000000,   0.48557784)
  (127.08333333,   0.08614263)
  (127.16666667,  -0.31320807)
  (127.25000000,  -0.71153430)
  (127.33333333,  -1.10794188)
  (127.41666667,  -1.50157080)
  (127.50000000,  -1.89144449)
  (127.58333333,  -2.27668118)
  (127.66666667,  -2.65628972)
  (127.75000000,  -3.02938431)
  (127.83333333,  -3.39524474)
  (127.91666667,  -3.75297962)
  (128.00000000,  -4.10168905)
  (128.08333333,  -4.44065587)
  (128.16666667,  -4.76907124)
  (128.25000000,  -5.08617919)
  (128.33333333,  -5.39127923)
  (128.41666667,  -5.68362138)
  (128.50000000,  -5.96251876)
  (128.58333333,  -6.22737853)
  (128.66666667,  -6.47752553)
  (128.75000000,  -6.71245634)
  (128.83333333,  -6.93160809)
  (128.91666667,  -7.13450027)
  (129.00000000,  -7.32074529)
  (129.08333333,  -7.48985833)
  (129.16666667,  -7.64146801)
  (129.25000000,  -7.77523336)
  (129.33333333,  -7.89086452)
  (129.41666667,  -7.98804959)
  (129.50000000,  -8.06652824)
  (129.58333333,  -8.12624273)
  (129.66666667,  -8.16703979)
  (129.75000000,  -8.18879951)
  (129.83333333,  -8.19149486)
  (129.91666667,  -8.17505491)
  (130.00000000,  -8.13963936)
  (130.08333333,  -8.08527398)
  (130.16666667,  -8.01209556)
  (130.25000000,  -7.92035300)
  (130.33333333,  -7.81024822)
  (130.41666667,  -7.68210123)
  (130.50000000,  -7.53615677)
  (130.58333333,  -7.37270405)
  (130.66666667,  -7.19227522)
  (130.75000000,  -6.99523397)
  (130.83333333,  -6.78199856)
  (130.91666667,  -6.55310944)
  (131.00000000,  -6.30910720)
  (131.08333333,  -6.05057409)
  (131.16666667,  -5.77813071)
  (131.25000000,  -5.49241387)
  (131.33333333,  -5.19407421)
  (131.41666667,  -4.88384660)
  (131.50000000,  -4.56244460)
  (131.58333333,  -4.23067048)
  (131.66666667,  -3.88925130)
  (131.75000000,  -3.53903185)
  (131.83333333,  -3.18079275)
  (131.91666667,  -2.81540550)
  (132.00000000,  -2.44366757)
  (132.08333333,  -2.06643636)
  (132.16666667,  -1.68464276)
  (132.25000000,  -1.29917290)
  (132.33333333,  -0.91098734)
  (132.41666667,  -0.52091500)
  (132.50000000,  -0.12988521)
  (132.58333333,   0.26117297)
  (132.66666667,   0.65139165)
  (132.75000000,   1.03984843)
  (132.83333333,   1.42564290)
  (132.91666667,   1.80778834)
  (133.00000000,   2.18549278)
  (133.08333333,   2.55787175)
  (133.16666667,   2.92402951)
  (133.25000000,   3.28312881)
  (133.33333333,   3.63438008)
  (133.41666667,   3.97693623)
  (133.50000000,   4.30994128)
  (133.58333333,   4.63267288)
  (133.66666667,   4.94439936)
  (133.75000000,   5.24443054)
  (133.83333333,   5.53204858)
  (133.91666667,   5.80665672)
  (134.00000000,   6.06757129)
  (134.08333333,   6.31430941)
  (134.16666667,   6.54615999)
  (134.25000000,   6.76262373)
  (134.33333333,   6.96321183)
  (134.41666667,   7.14753907)
  (134.50000000,   7.31508448)
  (134.58333333,   7.46556828)
  (134.66666667,   7.59867716)
  (134.75000000,   7.71412388)
  (134.83333333,   7.81161480)
  (134.91666667,   7.89090564)
  (135.00000000,   7.95188786)
  (135.08333333,   7.99442394)
  (135.16666667,   8.01839745)
  (135.25000000,   8.02378198)
  (135.33333333,   8.01065886)
  (135.41666667,   7.97901734)
  (135.50000000,   7.92897724)
  (135.58333333,   7.86061522)
  (135.66666667,   7.77406473)
  (135.75000000,   7.66956830)
  (135.83333333,   7.54743751)
  (135.91666667,   7.40794214)
  (136.00000000,   7.25148449)
  (136.08333333,   7.07834800)
  (136.16666667,   6.88898442)
  (136.25000000,   6.68380271)
  (136.33333333,   6.46332120)
  (136.41666667,   6.22800898)
  (136.50000000,   5.97859920)
  (136.58333333,   5.71561583)
  (136.66666667,   5.43967547)
  (136.75000000,   5.15134071)
  (136.83333333,   4.85132924)
  (136.91666667,   4.54032330)
  (137.00000000,   4.21903817)
  (137.08333333,   3.88830653)
  (137.16666667,   3.54886208)
  (137.25000000,   3.20156708)
  (137.33333333,   2.84711802)
  (137.41666667,   2.48646812)
  (137.50000000,   2.12035314)
  (137.58333333,   1.74965918)
  (137.66666667,   1.37529661)
  (137.75000000,   0.99807997)
  (137.83333333,   0.61887944)
  (137.91666667,   0.23862140)
  (138.00000000,  -0.14173617)
  (138.08333333,  -0.52141109)
  (138.16666667,  -0.89953911)
  (138.25000000,  -1.27525448)
  (138.33333333,  -1.64766116)
  (138.41666667,  -2.01592202)
  (138.50000000,  -2.37911414)
  (138.58333333,  -2.73648171)
  (138.66666667,  -3.08717626)
  (138.75000000,  -3.43029903)
  (138.83333333,  -3.76515439)
  (138.91666667,  -4.09097039)
  (139.00000000,  -4.40695854)
  (139.08333333,  -4.71245174)
  (139.16666667,  -5.00669429)
  (139.25000000,  -5.28908488)
  (139.33333333,  -5.55889852)
  (139.41666667,  -5.81552723)
  (139.50000000,  -6.05834490)
  (139.58333333,  -6.28684150)
  (139.66666667,  -6.50055132)
  (139.75000000,  -6.69897682)
  (139.83333333,  -6.88162756)
  (139.91666667,  -7.04817309)
  (140.00000000,  -7.19827899)
  (140.08333333,  -7.33149608)
  (140.16666667,  -7.44747384)
  (140.25000000,  -7.54611837)
  (140.33333333,  -7.62714626)
  (140.41666667,  -7.69043140)
  (140.50000000,  -7.73581292)
  (140.58333333,  -7.76318969)
  (140.66666667,  -7.77260296)
  (140.75000000,  -7.76406995)
  (140.83333333,  -7.73753740)
  (140.91666667,  -7.69310270)
  (141.00000000,  -7.63090719)
  (141.08333333,  -7.55108398)
  (141.16666667,  -7.45388869)
  (141.25000000,  -7.33954492)
  (141.33333333,  -7.20835422)
  (141.41666667,  -7.06060024)
  (141.50000000,  -6.89666413)
  (141.58333333,  -6.71692278)
  (141.66666667,  -6.52182172)
  (141.75000000,  -6.31185671)
  (141.83333333,  -6.08754169)
  (141.91666667,  -5.84937859)
  (142.00000000,  -5.59788574)
  (142.08333333,  -5.33376622)
  (142.16666667,  -5.05761036)
  (142.25000000,  -4.77005784)
  (142.33333333,  -4.47176645)
  (142.41666667,  -4.16345116)
  (142.50000000,  -3.84587508)
  (142.58333333,  -3.51987108)
  (142.66666667,  -3.18608779)
  (142.75000000,  -2.84530279)
  (142.83333333,  -2.49836375)
  (142.91666667,  -2.14612289)
  (143.00000000,  -1.78935247)
  (143.08333333,  -1.42888689)
  (143.16666667,  -1.06562215)
  (143.25000000,  -0.70042207)
  (143.33333333,  -0.33405014)
  (143.41666667,   0.03267855)
  (143.50000000,   0.39889019)
  (143.58333333,   0.76367683)
  (143.66666667,   1.12617992)
  (143.75000000,   1.48560005)
  (143.83333333,   1.84102244)
  (143.91666667,   2.19171490)
  (144.00000000,   2.53694654)
  (144.08333333,   2.87589502)
  (144.16666667,   3.20768429)
  (144.25000000,   3.53156714)
  (144.33333333,   3.84692535)
  (144.41666667,   4.15293257)
  (144.50000000,   4.44886646)
  (144.58333333,   4.73408539)
  (144.66666667,   5.00791465)
  (144.75000000,   5.26969808)
  (144.83333333,   5.51893182)
  (144.91666667,   5.75509206)
  (145.00000000,   5.97747334)
  (145.08333333,   6.18574126)
  (145.16666667,   6.37936340)
  (145.25000000,   6.55791398)
  (145.33333333,   6.72095666)
  (145.41666667,   6.86812946)
  (145.50000000,   6.99910879)
  (145.58333333,   7.11364820)
  (145.66666667,   7.21152525)
  (145.75000000,   7.29250476)
  (145.83333333,   7.35643952)
  (145.91666667,   7.40317593)
  (146.00000000,   7.43261222)
  (146.08333333,   7.44467122)
  (146.16666667,   7.43947038)
  (146.25000000,   7.41703619)
  (146.33333333,   7.37733194)
  (146.41666667,   7.32051795)
  (146.50000000,   7.24681729)
  (146.58333333,   7.15630239)
  (146.66666667,   7.04916368)
  (146.75000000,   6.92583333)
  (146.83333333,   6.78656402)
  (146.91666667,   6.63163452)
  (147.00000000,   6.46150960)
  (147.08333333,   6.27652753)
  (147.16666667,   6.07718018)
  (147.25000000,   5.86391011)
  (147.33333333,   5.63722898)
  (147.41666667,   5.39770815)
  (147.50000000,   5.14600429)
  (147.58333333,   4.88257219)
  (147.66666667,   4.60815390)
  (147.75000000,   4.32341812)
  (147.83333333,   4.02897894)
  (147.91666667,   3.72557248)
  (148.00000000,   3.41392921)
  (148.08333333,   3.09475999)
  (148.16666667,   2.76874067)
  (148.25000000,   2.43671026)
  (148.33333333,   2.09941600)
  (148.41666667,   1.75767778)
  (148.50000000,   1.41224276)
  (148.58333333,   1.06397414)
  (148.66666667,   0.71367658)
  (148.75000000,   0.36213096)
  (148.83333333,   0.01023457)
  (148.91666667,  -0.34121756)
  (149.00000000,  -0.69141645)
  (149.08333333,  -1.03951760)
  (149.16666667,  -1.38475748)
  (149.25000000,  -1.72642560)
  (149.33333333,  -2.06372382)
  (149.41666667,  -2.39586421)
  (149.50000000,  -2.72205983)
  (149.58333333,  -3.04146348)
  (149.66666667,  -3.35336252)
  (149.75000000,  -3.65706884)
  (149.83333333,  -3.95188327)
  (149.91666667,  -4.23716398)
  (150.00000000,  -4.51223661)
  (150.08333333,  -4.77645494)
  (150.16666667,  -5.02923922)
  (150.25000000,  -5.27005384)
  (150.33333333,  -5.49830839)
  (150.41666667,  -5.71352826)
  (150.50000000,  -5.91517518)
  (150.58333333,  -6.10290511)
  (150.66666667,  -6.27624363)
  (150.75000000,  -6.43474475)
  (150.83333333,  -6.57814821)
  (150.91666667,  -6.70602723)
  (151.00000000,  -6.81816101)
  (151.08333333,  -6.91433526)
  (151.16666667,  -6.99431664)
  (151.25000000,  -7.05793077)
  (151.33333333,  -7.10517621)
  (151.41666667,  -7.13591139)
  (151.50000000,  -7.15009048)
  (151.58333333,  -7.14771489)
  (151.66666667,  -7.12876706)
  (151.75000000,  -7.09329494)
  (151.83333333,  -7.04150513)
  (151.91666667,  -6.97342021)
  (152.00000000,  -6.88926466)
  (152.08333333,  -6.78930037)
  (152.16666667,  -6.67374818)
  (152.25000000,  -6.54280356)
  (152.33333333,  -6.39696314)
  (152.41666667,  -6.23657136)
  (152.50000000,  -6.06205346)
  (152.58333333,  -5.87376672)
  (152.66666667,  -5.67223866)
  (152.75000000,  -5.45797948)
  (152.83333333,  -5.23140708)
  (152.91666667,  -4.99307599)
  (153.00000000,  -4.74364339)
  (153.08333333,  -4.48363757)
  (153.16666667,  -4.21374911)
  (153.25000000,  -3.93466994)
  (153.33333333,  -3.64694853)
  (153.41666667,  -3.35130952)
  (153.50000000,  -3.04847240)
  (153.58333333,  -2.73926213)
  (153.66666667,  -2.42436568)
  (153.75000000,  -2.10452257)
  (153.83333333,  -1.78043632)
  (153.91666667,  -1.45298985)
  (154.00000000,  -1.12284334)
  (154.08333333,  -0.79078489)
  (154.16666667,  -0.45755141)
  (154.25000000,  -0.12400001)
  (154.33333333,   0.20905832)
  (154.41666667,   0.54083443)
  (154.50000000,   0.87065492)
  (154.58333333,   1.19770732)
  (154.66666667,   1.52114799)
  (154.75000000,   1.84033379)
  (154.83333333,   2.15446526)
  (154.91666667,   2.46285308)
  (155.00000000,   2.76478043)
  (155.08333333,   3.05947903)
  (155.16666667,   3.34629279)
  (155.25000000,   3.62459907)
  (155.33333333,   3.89373556)
  (155.41666667,   4.15319438)
  (155.50000000,   4.40241727)
  (155.58333333,   4.64079247)
  (155.66666667,   4.86762540)
  (155.75000000,   5.08256242)
  (155.83333333,   5.28507303)
  (155.91666667,   5.47474414)
  (156.00000000,   5.65109283)
  (156.08333333,   5.81373870)
  (156.16666667,   5.96236953)
  (156.25000000,   6.09674464)
  (156.33333333,   6.21653818)
  (156.41666667,   6.32145508)
  (156.50000000,   6.41128394)
  (156.58333333,   6.48582864)
  (156.66666667,   6.54508132)
  (156.75000000,   6.58886945)
  (156.83333333,   6.61709863)
  (156.91666667,   6.62971922)
  (157.00000000,   6.62674283)
  (157.08333333,   6.60811726)
  (157.16666667,   6.57409672)
  (157.25000000,   6.52478127)
  (157.33333333,   6.46027938)
  (157.41666667,   6.38071527)
  (157.50000000,   6.28640526)
  (157.58333333,   6.17758773)
  (157.66666667,   6.05460003)
  (157.75000000,   5.91766089)
  (157.83333333,   5.76708589)
  (157.91666667,   5.60338454)
  (158.00000000,   5.42694936)
  (158.08333333,   5.23816915)
  (158.16666667,   5.03754574)
  (158.25000000,   4.82554417)
  (158.33333333,   4.60268376)
  (158.41666667,   4.36963725)
  (158.50000000,   4.12685761)
  (158.58333333,   3.87497568)
  (158.66666667,   3.61456307)
  (158.75000000,   3.34631019)
  (158.83333333,   3.07079883)
  (158.91666667,   2.78873690)
  (159.00000000,   2.50074855)
  (159.08333333,   2.20753896)
  (159.16666667,   1.90981433)
  (159.25000000,   1.60837664)
  (159.33333333,   1.30384333)
  (159.41666667,   0.99697853)
  (159.50000000,   0.68847242)
  (159.58333333,   0.37906107)
  (159.66666667,   0.06938953)
  (159.75000000,  -0.23980821)
  (159.83333333,  -0.54782912)
  (159.91666667,  -0.85384395)
  (160.00000000,  -1.15713501)
  (160.08333333,  -1.45702595)
  (160.16666667,  -1.75289910)
  (160.25000000,  -2.04405070)
  (160.33333333,  -2.32978603)
  (160.41666667,  -2.60953942)
  (160.50000000,  -2.88260900)
  (160.58333333,  -3.14836055)
  (160.66666667,  -3.40618844)
  (160.75000000,  -3.65559972)
  (160.83333333,  -3.89591122)
  (160.91666667,  -4.12661777)
  (161.00000000,  -4.34725478)
  (161.08333333,  -4.55734216)
  (161.16666667,  -4.75641121)
  (161.25000000,  -4.94402929)
  (161.33333333,  -5.11976087)
  (161.41666667,  -5.28326548)
  (161.50000000,  -5.43416339)
  (161.58333333,  -5.57213708)
  (161.66666667,  -5.69693101)
  (161.75000000,  -5.80824937)
  (161.83333333,  -5.90589788)
  (161.91666667,  -5.98967006)
  (162.00000000,  -6.05942013)
  (162.08333333,  -6.11504631)
  (162.16666667,  -6.15646486)
  (162.25000000,  -6.18361439)
  (162.33333333,  -6.19649614)
  (162.41666667,  -6.19508989)
  (162.50000000,  -6.17939959)
  (162.58333333,  -6.14951281)
  (162.66666667,  -6.10556545)
  (162.75000000,  -6.04768084)
  (162.83333333,  -5.97605373)
  (162.91666667,  -5.89095166)
  (163.00000000,  -5.79253962)
  (163.08333333,  -5.68103129)
  (163.16666667,  -5.55679912)
  (163.25000000,  -5.42012739)
  (163.33333333,  -5.27144529)
  (163.41666667,  -5.11108805)
  (163.50000000,  -4.93949729)
  (163.58333333,  -4.75702797)
  (163.66666667,  -4.56423729)
  (163.75000000,  -4.36156635)
  (163.83333333,  -4.14952280)
  (163.91666667,  -3.92861697)
  (164.00000000,  -3.69945613)
  (164.08333333,  -3.46260601)
  (164.16666667,  -3.21870393)
  (164.25000000,  -2.96822194)
  (164.33333333,  -2.71184104)
  (164.41666667,  -2.45007546)
  (164.50000000,  -2.18363345)
  (164.58333333,  -1.91323008)
  (164.66666667,  -1.63953590)
  (164.75000000,  -1.36313830)
  (164.83333333,  -1.08453116)
  (164.91666667,  -0.80458488)
  (165.00000000,  -0.52376952)
  (165.08333333,  -0.24283994)
  (165.16666667,   0.03751812)
  (165.25000000,   0.31663374)
  (165.33333333,   0.59388881)
  (165.41666667,   0.86853242)
  (165.50000000,   1.13995401)
  (165.58333333,   1.40746878)
  (165.66666667,   1.67056446)
  (165.75000000,   1.92872669)
  (165.83333333,   2.18128608)
  (165.91666667,   2.42772312)
  (166.00000000,   2.66741362)
  (166.08333333,   2.89983000)
  (166.16666667,   3.12464810)
  (166.25000000,   3.34128401)
  (166.33333333,   3.54909146)
  (166.41666667,   3.74774919)
  (166.50000000,   3.93672743)
  (166.58333333,   4.11570994)
  (166.66666667,   4.28412920)
  (166.75000000,   4.44134487)
]
