%=============================================================================
% Daniel J. Greenhoe 
% Sunspot eigen vector 6 data file suitable for use with LaTeX PStricks
% For an example, see "sunspots_eigen.tex"
% This file auto-generated using "sunspots.R" --- hand-editing not recommended
%=============================================================================
[
  (  0.08333333,  -0.80487504)
  (  0.16666667,  -0.65620085)
  (  0.25000000,  -0.50431731)
  (  0.33333333,  -0.34981217)
  (  0.41666667,  -0.19311247)
  (  0.50000000,  -0.03461278)
  (  0.58333333,   0.12527496)
  (  0.66666667,   0.28615750)
  (  0.75000000,   0.44759289)
  (  0.83333333,   0.60912777)
  (  0.91666667,   0.77042331)
  (  1.00000000,   0.93107463)
  (  1.08333333,   1.09070336)
  (  1.16666667,   1.24888435)
  (  1.25000000,   1.40517510)
  (  1.33333333,   1.55915341)
  (  1.41666667,   1.71046402)
  (  1.50000000,   1.85866118)
  (  1.58333333,   2.00338257)
  (  1.66666667,   2.14418265)
  (  1.75000000,   2.28070245)
  (  1.83333333,   2.41261639)
  (  1.91666667,   2.53947481)
  (  2.00000000,   2.66095322)
  (  2.08333333,   2.77677291)
  (  2.16666667,   2.88652434)
  (  2.25000000,   2.98996946)
  (  2.33333333,   3.08688327)
  (  2.41666667,   3.17690167)
  (  2.50000000,   3.25978017)
  (  2.58333333,   3.33524300)
  (  2.66666667,   3.40309840)
  (  2.75000000,   3.46307802)
  (  2.83333333,   3.51506329)
  (  2.91666667,   3.55889603)
  (  3.00000000,   3.59440319)
  (  3.08333333,   3.62146866)
  (  3.16666667,   3.63998169)
  (  3.25000000,   3.64985277)
  (  3.33333333,   3.65103390)
  (  3.41666667,   3.64345157)
  (  3.50000000,   3.62711648)
  (  3.58333333,   3.60206164)
  (  3.66666667,   3.56830912)
  (  3.75000000,   3.52586116)
  (  3.83333333,   3.47481040)
  (  3.91666667,   3.41532997)
  (  4.00000000,   3.34746880)
  (  4.08333333,   3.27136860)
  (  4.16666667,   3.18722479)
  (  4.25000000,   3.09517491)
  (  4.33333333,   2.99541185)
  (  4.41666667,   2.88816440)
  (  4.50000000,   2.77373598)
  (  4.58333333,   2.65236891)
  (  4.66666667,   2.52435277)
  (  4.75000000,   2.38995393)
  (  4.83333333,   2.24953183)
  (  4.91666667,   2.10340756)
  (  5.00000000,   1.95192534)
  (  5.08333333,   1.79537132)
  (  5.16666667,   1.63415512)
  (  5.25000000,   1.46868444)
  (  5.33333333,   1.29936094)
  (  5.41666667,   1.12656093)
  (  5.50000000,   0.95076535)
  (  5.58333333,   0.77240372)
  (  5.66666667,   0.59184478)
  (  5.75000000,   0.40959964)
  (  5.83333333,   0.22609814)
  (  5.91666667,   0.04173835)
  (  6.00000000,  -0.14298144)
  (  6.08333333,  -0.32757761)
  (  6.16666667,  -0.51161878)
  (  6.25000000,  -0.69461495)
  (  6.33333333,  -0.87612703)
  (  6.41666667,  -1.05573493)
  (  6.50000000,  -1.23293233)
  (  6.58333333,  -1.40729801)
  (  6.66666667,  -1.57840642)
  (  6.75000000,  -1.74583681)
  (  6.83333333,  -1.90914018)
  (  6.91666667,  -2.06793697)
  (  7.00000000,  -2.22178381)
  (  7.08333333,  -2.37033820)
  (  7.16666667,  -2.51323380)
  (  7.25000000,  -2.65006520)
  (  7.33333333,  -2.78046965)
  (  7.41666667,  -2.90411435)
  (  7.50000000,  -3.02074079)
  (  7.58333333,  -3.13001902)
  (  7.66666667,  -3.23165175)
  (  7.75000000,  -3.32542884)
  (  7.83333333,  -3.41107917)
  (  7.91666667,  -3.48838389)
  (  8.00000000,  -3.55711551)
  (  8.08333333,  -3.61711453)
  (  8.16666667,  -3.66817205)
  (  8.25000000,  -3.71019812)
  (  8.33333333,  -3.74307239)
  (  8.41666667,  -3.76669618)
  (  8.50000000,  -3.78100547)
  (  8.58333333,  -3.78596079)
  (  8.66666667,  -3.78148745)
  (  8.75000000,  -3.76764176)
  (  8.83333333,  -3.74442174)
  (  8.91666667,  -3.71184878)
  (  9.00000000,  -3.67000597)
  (  9.08333333,  -3.61901741)
  (  9.16666667,  -3.55893493)
  (  9.25000000,  -3.48988977)
  (  9.33333333,  -3.41212274)
  (  9.41666667,  -3.32579384)
  (  9.50000000,  -3.23107958)
  (  9.58333333,  -3.12816793)
  (  9.66666667,  -3.01735467)
  (  9.75000000,  -2.89890953)
  (  9.83333333,  -2.77309858)
  (  9.91666667,  -2.64021326)
  ( 10.00000000,  -2.50054856)
  ( 10.08333333,  -2.35446603)
  ( 10.16666667,  -2.20229885)
  ( 10.25000000,  -2.04446767)
  ( 10.33333333,  -1.88129131)
  ( 10.41666667,  -1.71321146)
  ( 10.50000000,  -1.54062405)
  ( 10.58333333,  -1.36393971)
  ( 10.66666667,  -1.18360049)
  ( 10.75000000,  -1.00006123)
  ( 10.83333333,  -0.81370623)
  ( 10.91666667,  -0.62499278)
  ( 11.00000000,  -0.43440640)
  ( 11.08333333,  -0.24244106)
  ( 11.16666667,  -0.04955178)
  ( 11.25000000,   0.14375462)
  ( 11.33333333,   0.33704044)
  ( 11.41666667,   0.52977580)
  ( 11.50000000,   0.72150867)
  ( 11.58333333,   0.91180875)
  ( 11.66666667,   1.10020338)
  ( 11.75000000,   1.28621769)
  ( 11.83333333,   1.46942171)
  ( 11.91666667,   1.64934930)
  ( 12.00000000,   1.82551188)
  ( 12.08333333,   1.99747866)
  ( 12.16666667,   2.16481488)
  ( 12.25000000,   2.32712240)
  ( 12.33333333,   2.48402093)
  ( 12.41666667,   2.63505635)
  ( 12.50000000,   2.77989889)
  ( 12.58333333,   2.91817160)
  ( 12.66666667,   3.04957203)
  ( 12.75000000,   3.17374991)
  ( 12.83333333,   3.29033824)
  ( 12.91666667,   3.39907150)
  ( 13.00000000,   3.49966725)
  ( 13.08333333,   3.59191416)
  ( 13.16666667,   3.67554977)
  ( 13.25000000,   3.75037982)
  ( 13.33333333,   3.81621442)
  ( 13.41666667,   3.87288532)
  ( 13.50000000,   3.92022084)
  ( 13.58333333,   3.95809924)
  ( 13.66666667,   3.98645841)
  ( 13.75000000,   4.00520478)
  ( 13.83333333,   4.01430233)
  ( 13.91666667,   4.01374244)
  ( 14.00000000,   4.00355373)
  ( 14.08333333,   3.98370094)
  ( 14.16666667,   3.95423987)
  ( 14.25000000,   3.91528317)
  ( 14.33333333,   3.86694679)
  ( 14.41666667,   3.80927806)
  ( 14.50000000,   3.74240272)
  ( 14.58333333,   3.66653244)
  ( 14.66666667,   3.58186493)
  ( 14.75000000,   3.48857679)
  ( 14.83333333,   3.38698665)
  ( 14.91666667,   3.27722778)
  ( 15.00000000,   3.15961527)
  ( 15.08333333,   3.03445569)
  ( 15.16666667,   2.90207022)
  ( 15.25000000,   2.76281177)
  ( 15.33333333,   2.61700887)
  ( 15.41666667,   2.46496162)
  ( 15.50000000,   2.30703907)
  ( 15.58333333,   2.14371257)
  ( 15.66666667,   1.97528036)
  ( 15.75000000,   1.80218287)
  ( 15.83333333,   1.62485794)
  ( 15.91666667,   1.44378290)
  ( 16.00000000,   1.25937784)
  ( 16.08333333,   1.07208954)
  ( 16.16666667,   0.88239076)
  ( 16.25000000,   0.69071869)
  ( 16.33333333,   0.49756022)
  ( 16.41666667,   0.30340732)
  ( 16.50000000,   0.10868521)
  ( 16.58333333,  -0.08613820)
  ( 16.66666667,  -0.28054995)
  ( 16.75000000,  -0.47407865)
  ( 16.83333333,  -0.66630379)
  ( 16.91666667,  -0.85674567)
  ( 17.00000000,  -1.04489248)
  ( 17.08333333,  -1.23034318)
  ( 17.16666667,  -1.41263501)
  ( 17.25000000,  -1.59133451)
  ( 17.33333333,  -1.76604330)
  ( 17.41666667,  -1.93632106)
  ( 17.50000000,  -2.10173880)
  ( 17.58333333,  -2.26192313)
  ( 17.66666667,  -2.41651919)
  ( 17.75000000,  -2.56514209)
  ( 17.83333333,  -2.70747442)
  ( 17.91666667,  -2.84318484)
  ( 18.00000000,  -2.97190738)
  ( 18.08333333,  -3.09340216)
  ( 18.16666667,  -3.20741977)
  ( 18.25000000,  -3.31367055)
  ( 18.33333333,  -3.41190528)
  ( 18.41666667,  -3.50195866)
  ( 18.50000000,  -3.58358580)
  ( 18.58333333,  -3.65657727)
  ( 18.66666667,  -3.72079683)
  ( 18.75000000,  -3.77613280)
  ( 18.83333333,  -3.82245620)
  ( 18.91666667,  -3.85971127)
  ( 19.00000000,  -3.88782189)
  ( 19.08333333,  -3.90673766)
  ( 19.16666667,  -3.91646211)
  ( 19.25000000,  -3.91698588)
  ( 19.33333333,  -3.90829867)
  ( 19.41666667,  -3.89044301)
  ( 19.50000000,  -3.86354538)
  ( 19.58333333,  -3.82766607)
  ( 19.66666667,  -3.78287010)
  ( 19.75000000,  -3.72934784)
  ( 19.83333333,  -3.66725763)
  ( 19.91666667,  -3.59673377)
  ( 20.00000000,  -3.51797588)
  ( 20.08333333,  -3.43119942)
  ( 20.16666667,  -3.33664419)
  ( 20.25000000,  -3.23457860)
  ( 20.33333333,  -3.12525918)
  ( 20.41666667,  -3.00894274)
  ( 20.50000000,  -2.88596127)
  ( 20.58333333,  -2.75658368)
  ( 20.66666667,  -2.62116897)
  ( 20.75000000,  -2.48010825)
  ( 20.83333333,  -2.33372061)
  ( 20.91666667,  -2.18232769)
  ( 21.00000000,  -2.02630562)
  ( 21.08333333,  -1.86610394)
  ( 21.16666667,  -1.70210407)
  ( 21.25000000,  -1.53469562)
  ( 21.33333333,  -1.36431223)
  ( 21.41666667,  -1.19133439)
  ( 21.50000000,  -1.01619249)
  ( 21.58333333,  -0.83936149)
  ( 21.66666667,  -0.66120294)
  ( 21.75000000,  -0.48218575)
  ( 21.83333333,  -0.30275273)
  ( 21.91666667,  -0.12334980)
  ( 22.00000000,   0.05567049)
  ( 22.08333333,   0.23383673)
  ( 22.16666667,   0.41072565)
  ( 22.25000000,   0.58596488)
  ( 22.33333333,   0.75911148)
  ( 22.41666667,   0.92976928)
  ( 22.50000000,   1.09749418)
  ( 22.58333333,   1.26191426)
  ( 22.66666667,   1.42264222)
  ( 22.75000000,   1.57929763)
  ( 22.83333333,   1.73153211)
  ( 22.91666667,   1.87902868)
  ( 23.00000000,   2.02141116)
  ( 23.08333333,   2.15844647)
  ( 23.16666667,   2.28975438)
  ( 23.25000000,   2.41503947)
  ( 23.33333333,   2.53405171)
  ( 23.41666667,   2.64651445)
  ( 23.50000000,   2.75208239)
  ( 23.58333333,   2.85059170)
  ( 23.66666667,   2.94189723)
  ( 23.75000000,   3.02578530)
  ( 23.83333333,   3.10207444)
  ( 23.91666667,   3.17060493)
  ( 24.00000000,   3.23118818)
  ( 24.08333333,   3.28372789)
  ( 24.16666667,   3.32810637)
  ( 24.25000000,   3.36423985)
  ( 24.33333333,   3.39212169)
  ( 24.41666667,   3.41174961)
  ( 24.50000000,   3.42300235)
  ( 24.58333333,   3.42595345)
  ( 24.66666667,   3.42062450)
  ( 24.75000000,   3.40703688)
  ( 24.83333333,   3.38526094)
  ( 24.91666667,   3.35532866)
  ( 25.00000000,   3.31741476)
  ( 25.08333333,   3.27159868)
  ( 25.16666667,   3.21803468)
  ( 25.25000000,   3.15692030)
  ( 25.33333333,   3.08841808)
  ( 25.41666667,   3.01267598)
  ( 25.50000000,   2.92989649)
  ( 25.58333333,   2.84033570)
  ( 25.66666667,   2.74424994)
  ( 25.75000000,   2.64191233)
  ( 25.83333333,   2.53354589)
  ( 25.91666667,   2.41941142)
  ( 26.00000000,   2.29987050)
  ( 26.08333333,   2.17518866)
  ( 26.16666667,   2.04565663)
  ( 26.25000000,   1.91161463)
  ( 26.33333333,   1.77342598)
  ( 26.41666667,   1.63138504)
  ( 26.50000000,   1.48592039)
  ( 26.58333333,   1.33737375)
  ( 26.66666667,   1.18613041)
  ( 26.75000000,   1.03255338)
  ( 26.83333333,   0.87696990)
  ( 26.91666667,   0.71976377)
  ( 27.00000000,   0.56132786)
  ( 27.08333333,   0.40204068)
  ( 27.16666667,   0.24227016)
  ( 27.25000000,   0.08239785)
  ( 27.33333333,  -0.07716668)
  ( 27.41666667,  -0.23604972)
  ( 27.50000000,  -0.39388336)
  ( 27.58333333,  -0.55029811)
  ( 27.66666667,  -0.70493978)
  ( 27.75000000,  -0.85744731)
  ( 27.83333333,  -1.00749127)
  ( 27.91666667,  -1.15471630)
  ( 28.00000000,  -1.29878277)
  ( 28.08333333,  -1.43934993)
  ( 28.16666667,  -1.57611765)
  ( 28.25000000,  -1.70880556)
  ( 28.33333333,  -1.83710898)
  ( 28.41666667,  -1.96072777)
  ( 28.50000000,  -2.07941235)
  ( 28.58333333,  -2.19292209)
  ( 28.66666667,  -2.30094687)
  ( 28.75000000,  -2.40329137)
  ( 28.83333333,  -2.49978791)
  ( 28.91666667,  -2.59026089)
  ( 29.00000000,  -2.67450697)
  ( 29.08333333,  -2.75240088)
  ( 29.16666667,  -2.82378524)
  ( 29.25000000,  -2.88853763)
  ( 29.33333333,  -2.94654421)
  ( 29.41666667,  -2.99768383)
  ( 29.50000000,  -3.04189205)
  ( 29.58333333,  -3.07913374)
  ( 29.66666667,  -3.10932592)
  ( 29.75000000,  -3.13251865)
  ( 29.83333333,  -3.14867069)
  ( 29.91666667,  -3.15777400)
  ( 30.00000000,  -3.15985510)
  ( 30.08333333,  -3.15494167)
  ( 30.16666667,  -3.14313146)
  ( 30.25000000,  -3.12444651)
  ( 30.33333333,  -3.09906947)
  ( 30.41666667,  -3.06708673)
  ( 30.50000000,  -3.02862365)
  ( 30.58333333,  -2.98377710)
  ( 30.66666667,  -2.93273390)
  ( 30.75000000,  -2.87564730)
  ( 30.83333333,  -2.81266624)
  ( 30.91666667,  -2.74402613)
  ( 31.00000000,  -2.66988655)
  ( 31.08333333,  -2.59047199)
  ( 31.16666667,  -2.50605710)
  ( 31.25000000,  -2.41684915)
  ( 31.33333333,  -2.32309088)
  ( 31.41666667,  -2.22501435)
  ( 31.50000000,  -2.12291722)
  ( 31.58333333,  -2.01704607)
  ( 31.66666667,  -1.90768985)
  ( 31.75000000,  -1.79512807)
  ( 31.83333333,  -1.67960392)
  ( 31.91666667,  -1.56149577)
  ( 32.00000000,  -1.44107381)
  ( 32.08333333,  -1.31862188)
  ( 32.16666667,  -1.19440815)
  ( 32.25000000,  -1.06876242)
  ( 32.33333333,  -0.94193487)
  ( 32.41666667,  -0.81424687)
  ( 32.50000000,  -0.68604395)
  ( 32.58333333,  -0.55756650)
  ( 32.66666667,  -0.42913912)
  ( 32.75000000,  -0.30106665)
  ( 32.83333333,  -0.17367130)
  ( 32.91666667,  -0.04725056)
  ( 33.00000000,   0.07793310)
  ( 33.08333333,   0.20158054)
  ( 33.16666667,   0.32343592)
  ( 33.25000000,   0.44322066)
  ( 33.33333333,   0.56069284)
  ( 33.41666667,   0.67559376)
  ( 33.50000000,   0.78772290)
  ( 33.58333333,   0.89680105)
  ( 33.66666667,   1.00263184)
  ( 33.75000000,   1.10498698)
  ( 33.83333333,   1.20360858)
  ( 33.91666667,   1.29830204)
  ( 34.00000000,   1.38893666)
  ( 34.08333333,   1.47530115)
  ( 34.16666667,   1.55724480)
  ( 34.25000000,   1.63461048)
  ( 34.33333333,   1.70728312)
  ( 34.41666667,   1.77518353)
  ( 34.50000000,   1.83818290)
  ( 34.58333333,   1.89616129)
  ( 34.66666667,   1.94900401)
  ( 34.75000000,   1.99669274)
  ( 34.83333333,   2.03910864)
  ( 34.91666667,   2.07621911)
  ( 35.00000000,   2.10801268)
  ( 35.08333333,   2.13444474)
  ( 35.16666667,   2.15550371)
  ( 35.25000000,   2.17124273)
  ( 35.33333333,   2.18167461)
  ( 35.41666667,   2.18683645)
  ( 35.50000000,   2.18672685)
  ( 35.58333333,   2.18142001)
  ( 35.66666667,   2.17093414)
  ( 35.75000000,   2.15541249)
  ( 35.83333333,   2.13492681)
  ( 35.91666667,   2.10954434)
  ( 36.00000000,   2.07941633)
  ( 36.08333333,   2.04463811)
  ( 36.16666667,   2.00533573)
  ( 36.25000000,   1.96161392)
  ( 36.33333333,   1.91366424)
  ( 36.41666667,   1.86159766)
  ( 36.50000000,   1.80561439)
  ( 36.58333333,   1.74590956)
  ( 36.66666667,   1.68263459)
  ( 36.75000000,   1.61599350)
  ( 36.83333333,   1.54611921)
  ( 36.91666667,   1.47324200)
  ( 37.00000000,   1.39755540)
  ( 37.08333333,   1.31924916)
  ( 37.16666667,   1.23857035)
  ( 37.25000000,   1.15571134)
  ( 37.33333333,   1.07089146)
  ( 37.41666667,   0.98437721)
  ( 37.50000000,   0.89632953)
  ( 37.58333333,   0.80692921)
  ( 37.66666667,   0.71645176)
  ( 37.75000000,   0.62511760)
  ( 37.83333333,   0.53312789)
  ( 37.91666667,   0.44070180)
  ( 38.00000000,   0.34806912)
  ( 38.08333333,   0.25543853)
  ( 38.16666667,   0.16303707)
  ( 38.25000000,   0.07108641)
  ( 38.33333333,  -0.02025488)
  ( 38.41666667,  -0.11078584)
  ( 38.50000000,  -0.20029352)
  ( 38.58333333,  -0.28859559)
  ( 38.66666667,  -0.37548707)
  ( 38.75000000,  -0.46079610)
  ( 38.83333333,  -0.54432833)
  ( 38.91666667,  -0.62592593)
  ( 39.00000000,  -0.70543002)
  ( 39.08333333,  -0.78270666)
  ( 39.16666667,  -0.85764256)
  ( 39.25000000,  -0.93007702)
  ( 39.33333333,  -0.99984798)
  ( 39.41666667,  -1.06683803)
  ( 39.50000000,  -1.13094052)
  ( 39.58333333,  -1.19207863)
  ( 39.66666667,  -1.25013452)
  ( 39.75000000,  -1.30502429)
  ( 39.83333333,  -1.35667613)
  ( 39.91666667,  -1.40509922)
  ( 40.00000000,  -1.45016002)
  ( 40.08333333,  -1.49174901)
  ( 40.16666667,  -1.52988377)
  ( 40.25000000,  -1.56457898)
  ( 40.33333333,  -1.59576188)
  ( 40.41666667,  -1.62342746)
  ( 40.50000000,  -1.64756393)
  ( 40.58333333,  -1.66817523)
  ( 40.66666667,  -1.68530045)
  ( 40.75000000,  -1.69896280)
  ( 40.83333333,  -1.70913361)
  ( 40.91666667,  -1.71586544)
  ( 41.00000000,  -1.71923135)
  ( 41.08333333,  -1.71927899)
  ( 41.16666667,  -1.71606041)
  ( 41.25000000,  -1.70961112)
  ( 41.33333333,  -1.70005156)
  ( 41.41666667,  -1.68746392)
  ( 41.50000000,  -1.67192407)
  ( 41.58333333,  -1.65350211)
  ( 41.66666667,  -1.63224985)
  ( 41.75000000,  -1.60831189)
  ( 41.83333333,  -1.58176362)
  ( 41.91666667,  -1.55276953)
  ( 42.00000000,  -1.52137361)
  ( 42.08333333,  -1.48772275)
  ( 42.16666667,  -1.45188324)
  ( 42.25000000,  -1.41399558)
  ( 42.33333333,  -1.37418647)
  ( 42.41666667,  -1.33259773)
  ( 42.50000000,  -1.28936599)
  ( 42.58333333,  -1.24462754)
  ( 42.66666667,  -1.19849105)
  ( 42.75000000,  -1.15106902)
  ( 42.83333333,  -1.10245732)
  ( 42.91666667,  -1.05281290)
  ( 43.00000000,  -1.00224125)
  ( 43.08333333,  -0.95086567)
  ( 43.16666667,  -0.89882145)
  ( 43.25000000,  -0.84629080)
  ( 43.33333333,  -0.79335529)
  ( 43.41666667,  -0.74010431)
  ( 43.50000000,  -0.68665387)
  ( 43.58333333,  -0.63313061)
  ( 43.66666667,  -0.57966273)
  ( 43.75000000,  -0.52637508)
  ( 43.83333333,  -0.47331059)
  ( 43.91666667,  -0.42059605)
  ( 44.00000000,  -0.36832391)
  ( 44.08333333,  -0.31659183)
  ( 44.16666667,  -0.26544730)
  ( 44.25000000,  -0.21500368)
  ( 44.33333333,  -0.16533836)
  ( 44.41666667,  -0.11655128)
  ( 44.50000000,  -0.06872743)
  ( 44.58333333,  -0.02190807)
  ( 44.66666667,   0.02388056)
  ( 44.75000000,   0.06853317)
  ( 44.83333333,   0.11200180)
  ( 44.91666667,   0.15424523)
  ( 45.00000000,   0.19525523)
  ( 45.08333333,   0.23500561)
  ( 45.16666667,   0.27343869)
  ( 45.25000000,   0.31047869)
  ( 45.33333333,   0.34609220)
  ( 45.41666667,   0.38032327)
  ( 45.50000000,   0.41315094)
  ( 45.58333333,   0.44453194)
  ( 45.66666667,   0.47446881)
  ( 45.75000000,   0.50293287)
  ( 45.83333333,   0.52993430)
  ( 45.91666667,   0.55548232)
  ( 46.00000000,   0.57960182)
  ( 46.08333333,   0.60228736)
  ( 46.16666667,   0.62355473)
  ( 46.25000000,   0.64337623)
  ( 46.33333333,   0.66179748)
  ( 46.41666667,   0.67885286)
  ( 46.50000000,   0.69459643)
  ( 46.58333333,   0.70899162)
  ( 46.66666667,   0.72202969)
  ( 46.75000000,   0.73375550)
  ( 46.83333333,   0.74426691)
  ( 46.91666667,   0.75355736)
  ( 47.00000000,   0.76163759)
  ( 47.08333333,   0.76854037)
  ( 47.16666667,   0.77432012)
  ( 47.25000000,   0.77902699)
  ( 47.33333333,   0.78270052)
  ( 47.41666667,   0.78536702)
  ( 47.50000000,   0.78707424)
  ( 47.58333333,   0.78783800)
  ( 47.66666667,   0.78766466)
  ( 47.75000000,   0.78660701)
  ( 47.83333333,   0.78469506)
  ( 47.91666667,   0.78194120)
  ( 48.00000000,   0.77840807)
  ( 48.08333333,   0.77411823)
  ( 48.16666667,   0.76911295)
  ( 48.25000000,   0.76338782)
  ( 48.33333333,   0.75700184)
  ( 48.41666667,   0.74998674)
  ( 48.50000000,   0.74239162)
  ( 48.58333333,   0.73418502)
  ( 48.66666667,   0.72543586)
  ( 48.75000000,   0.71616217)
  ( 48.83333333,   0.70632804)
  ( 48.91666667,   0.69594319)
  ( 49.00000000,   0.68502943)
  ( 49.08333333,   0.67362675)
  ( 49.16666667,   0.66171146)
  ( 49.25000000,   0.64935048)
  ( 49.33333333,   0.63650092)
  ( 49.41666667,   0.62326377)
  ( 49.50000000,   0.60957757)
  ( 49.58333333,   0.59542396)
  ( 49.66666667,   0.58078011)
  ( 49.75000000,   0.56566465)
  ( 49.83333333,   0.55006995)
  ( 49.91666667,   0.53400514)
  ( 50.00000000,   0.51741333)
  ( 50.08333333,   0.50035032)
  ( 50.16666667,   0.48282227)
  ( 50.25000000,   0.46482082)
  ( 50.33333333,   0.44629083)
  ( 50.41666667,   0.42719612)
  ( 50.50000000,   0.40756677)
  ( 50.58333333,   0.38736111)
  ( 50.66666667,   0.36659148)
  ( 50.75000000,   0.34524151)
  ( 50.83333333,   0.32329905)
  ( 50.91666667,   0.30073266)
  ( 51.00000000,   0.27755053)
  ( 51.08333333,   0.25373444)
  ( 51.16666667,   0.22930549)
  ( 51.25000000,   0.20423281)
  ( 51.33333333,   0.17849525)
  ( 51.41666667,   0.15207191)
  ( 51.50000000,   0.12499012)
  ( 51.58333333,   0.09723103)
  ( 51.66666667,   0.06879283)
  ( 51.75000000,   0.03969321)
  ( 51.83333333,   0.00991587)
  ( 51.91666667,  -0.02053112)
  ( 52.00000000,  -0.05162554)
  ( 52.08333333,  -0.08334202)
  ( 52.16666667,  -0.11567545)
  ( 52.25000000,  -0.14860648)
  ( 52.33333333,  -0.18212156)
  ( 52.41666667,  -0.21616193)
  ( 52.50000000,  -0.25071358)
  ( 52.58333333,  -0.28578286)
  ( 52.66666667,  -0.32133698)
  ( 52.75000000,  -0.35732573)
  ( 52.83333333,  -0.39370447)
  ( 52.91666667,  -0.43043386)
  ( 53.00000000,  -0.46743260)
  ( 53.08333333,  -0.50466570)
  ( 53.16666667,  -0.54206504)
  ( 53.25000000,  -0.57963003)
  ( 53.33333333,  -0.61724364)
  ( 53.41666667,  -0.65484438)
  ( 53.50000000,  -0.69238438)
  ( 53.58333333,  -0.72977742)
  ( 53.66666667,  -0.76695082)
  ( 53.75000000,  -0.80383939)
  ( 53.83333333,  -0.84034974)
  ( 53.91666667,  -0.87642737)
  ( 54.00000000,  -0.91198873)
  ( 54.08333333,  -0.94694655)
  ( 54.16666667,  -0.98119739)
  ( 54.25000000,  -1.01468342)
  ( 54.33333333,  -1.04732387)
  ( 54.41666667,  -1.07901062)
  ( 54.50000000,  -1.10960304)
  ( 54.58333333,  -1.13899686)
  ( 54.66666667,  -1.16713750)
  ( 54.75000000,  -1.19392360)
  ( 54.83333333,  -1.21926873)
  ( 54.91666667,  -1.24307993)
  ( 55.00000000,  -1.26524414)
  ( 55.08333333,  -1.28568240)
  ( 55.16666667,  -1.30432138)
  ( 55.25000000,  -1.32097147)
  ( 55.33333333,  -1.33559289)
  ( 55.41666667,  -1.34812446)
  ( 55.50000000,  -1.35846760)
  ( 55.58333333,  -1.36658030)
  ( 55.66666667,  -1.37239481)
  ( 55.75000000,  -1.37579376)
  ( 55.83333333,  -1.37666239)
  ( 55.91666667,  -1.37503321)
  ( 56.00000000,  -1.37081710)
  ( 56.08333333,  -1.36395315)
  ( 56.16666667,  -1.35439797)
  ( 56.25000000,  -1.34206982)
  ( 56.33333333,  -1.32694534)
  ( 56.41666667,  -1.30904405)
  ( 56.50000000,  -1.28826990)
  ( 56.58333333,  -1.26463698)
  ( 56.66666667,  -1.23811866)
  ( 56.75000000,  -1.20871205)
  ( 56.83333333,  -1.17643009)
  ( 56.91666667,  -1.14131476)
  ( 57.00000000,  -1.10335749)
  ( 57.08333333,  -1.06255612)
  ( 57.16666667,  -1.01891092)
  ( 57.25000000,  -0.97250086)
  ( 57.33333333,  -0.92335718)
  ( 57.41666667,  -0.87152637)
  ( 57.50000000,  -0.81709182)
  ( 57.58333333,  -0.76010093)
  ( 57.66666667,  -0.70065943)
  ( 57.75000000,  -0.63886336)
  ( 57.83333333,  -0.57477010)
  ( 57.91666667,  -0.50844953)
  ( 58.00000000,  -0.44004666)
  ( 58.08333333,  -0.36964221)
  ( 58.16666667,  -0.29739533)
  ( 58.25000000,  -0.22343455)
  ( 58.33333333,  -0.14788271)
  ( 58.41666667,  -0.07084893)
  ( 58.50000000,   0.00749658)
  ( 58.58333333,   0.08699455)
  ( 58.66666667,   0.16746554)
  ( 58.75000000,   0.24872468)
  ( 58.83333333,   0.33065485)
  ( 58.91666667,   0.41309733)
  ( 59.00000000,   0.49589989)
  ( 59.08333333,   0.57885692)
  ( 59.16666667,   0.66175852)
  ( 59.25000000,   0.74443028)
  ( 59.33333333,   0.82665237)
  ( 59.41666667,   0.90821781)
  ( 59.50000000,   0.98899911)
  ( 59.58333333,   1.06871992)
  ( 59.66666667,   1.14720150)
  ( 59.75000000,   1.22424567)
  ( 59.83333333,   1.29968131)
  ( 59.91666667,   1.37329898)
  ( 60.00000000,   1.44495107)
  ( 60.08333333,   1.51442382)
  ( 60.16666667,   1.58152378)
  ( 60.25000000,   1.64606898)
  ( 60.33333333,   1.70782284)
  ( 60.41666667,   1.76661501)
  ( 60.50000000,   1.82229367)
  ( 60.58333333,   1.87469897)
  ( 60.66666667,   1.92366420)
  ( 60.75000000,   1.96901088)
  ( 60.83333333,   2.01063077)
  ( 60.91666667,   2.04836338)
  ( 61.00000000,   2.08204263)
  ( 61.08333333,   2.11153398)
  ( 61.16666667,   2.13673778)
  ( 61.25000000,   2.15751373)
  ( 61.33333333,   2.17378764)
  ( 61.41666667,   2.18548904)
  ( 61.50000000,   2.19252077)
  ( 61.58333333,   2.19481700)
  ( 61.66666667,   2.19235355)
  ( 61.75000000,   2.18500033)
  ( 61.83333333,   2.17273858)
  ( 61.91666667,   2.15557753)
  ( 62.00000000,   2.13344244)
  ( 62.08333333,   2.10634856)
  ( 62.16666667,   2.07429909)
  ( 62.25000000,   2.03731233)
  ( 62.33333333,   1.99541632)
  ( 62.41666667,   1.94869256)
  ( 62.50000000,   1.89719294)
  ( 62.58333333,   1.84094831)
  ( 62.66666667,   1.78009477)
  ( 62.75000000,   1.71465399)
  ( 62.83333333,   1.64474601)
  ( 62.91666667,   1.57050524)
  ( 63.00000000,   1.49200801)
  ( 63.08333333,   1.40944940)
  ( 63.16666667,   1.32295335)
  ( 63.25000000,   1.23270538)
  ( 63.33333333,   1.13883334)
  ( 63.41666667,   1.04152622)
  ( 63.50000000,   0.94098457)
  ( 63.58333333,   0.83745065)
  ( 63.66666667,   0.73110888)
  ( 63.75000000,   0.62217582)
  ( 63.83333333,   0.51087965)
  ( 63.91666667,   0.39742990)
  ( 64.00000000,   0.28205633)
  ( 64.08333333,   0.16506045)
  ( 64.16666667,   0.04667960)
  ( 64.25000000,  -0.07280498)
  ( 64.33333333,  -0.19311748)
  ( 64.41666667,  -0.31399776)
  ( 64.50000000,  -0.43516226)
  ( 64.58333333,  -0.55629361)
  ( 64.66666667,  -0.67715765)
  ( 64.75000000,  -0.79747187)
  ( 64.83333333,  -0.91696073)
  ( 64.91666667,  -1.03531061)
  ( 65.00000000,  -1.15221997)
  ( 65.08333333,  -1.26744002)
  ( 65.16666667,  -1.38068359)
  ( 65.25000000,  -1.49160935)
  ( 65.33333333,  -1.59994546)
  ( 65.41666667,  -1.70543087)
  ( 65.50000000,  -1.80783098)
  ( 65.58333333,  -1.90689913)
  ( 65.66666667,  -2.00237135)
  ( 65.75000000,  -2.09398689)
  ( 65.83333333,  -2.18145601)
  ( 65.91666667,  -2.26452443)
  ( 66.00000000,  -2.34298016)
  ( 66.08333333,  -2.41662744)
  ( 66.16666667,  -2.48524540)
  ( 66.25000000,  -2.54864653)
  ( 66.33333333,  -2.60663608)
  ( 66.41666667,  -2.65903446)
  ( 66.50000000,  -2.70568121)
  ( 66.58333333,  -2.74639566)
  ( 66.66666667,  -2.78103873)
  ( 66.75000000,  -2.80947572)
  ( 66.83333333,  -2.83158444)
  ( 66.91666667,  -2.84730305)
  ( 67.00000000,  -2.85651292)
  ( 67.08333333,  -2.85915664)
  ( 67.16666667,  -2.85516787)
  ( 67.25000000,  -2.84454083)
  ( 67.33333333,  -2.82723930)
  ( 67.41666667,  -2.80328962)
  ( 67.50000000,  -2.77266985)
  ( 67.58333333,  -2.73534613)
  ( 67.66666667,  -2.69137692)
  ( 67.75000000,  -2.64084806)
  ( 67.83333333,  -2.58381351)
  ( 67.91666667,  -2.52042102)
  ( 68.00000000,  -2.45068783)
  ( 68.08333333,  -2.37477789)
  ( 68.16666667,  -2.29284772)
  ( 68.25000000,  -2.20503537)
  ( 68.33333333,  -2.11150585)
  ( 68.41666667,  -2.01247566)
  ( 68.50000000,  -1.90806466)
  ( 68.58333333,  -1.79853661)
  ( 68.66666667,  -1.68411947)
  ( 68.75000000,  -1.56503387)
  ( 68.83333333,  -1.44149251)
  ( 68.91666667,  -1.31378578)
  ( 69.00000000,  -1.18221819)
  ( 69.08333333,  -1.04706330)
  ( 69.16666667,  -0.90862542)
  ( 69.25000000,  -0.76714057)
  ( 69.33333333,  -0.62297977)
  ( 69.41666667,  -0.47650140)
  ( 69.50000000,  -0.32801549)
  ( 69.58333333,  -0.17782264)
  ( 69.66666667,  -0.02625744)
  ( 69.75000000,   0.12632714)
  ( 69.83333333,   0.27957114)
  ( 69.91666667,   0.43313165)
  ( 70.00000000,   0.58664158)
  ( 70.08333333,   0.73972444)
  ( 70.16666667,   0.89204260)
  ( 70.25000000,   1.04324833)
  ( 70.33333333,   1.19299898)
  ( 70.41666667,   1.34092676)
  ( 70.50000000,   1.48670052)
  ( 70.58333333,   1.62997435)
  ( 70.66666667,   1.77032746)
  ( 70.75000000,   1.90742730)
  ( 70.83333333,   2.04088911)
  ( 70.91666667,   2.17045762)
  ( 71.00000000,   2.29581691)
  ( 71.08333333,   2.41659774)
  ( 71.16666667,   2.53254944)
  ( 71.25000000,   2.64338338)
  ( 71.33333333,   2.74885801)
  ( 71.41666667,   2.84866665)
  ( 71.50000000,   2.94248147)
  ( 71.58333333,   3.03014392)
  ( 71.66666667,   3.11134920)
  ( 71.75000000,   3.18587914)
  ( 71.83333333,   3.25353016)
  ( 71.91666667,   3.31419386)
  ( 72.00000000,   3.36769222)
  ( 72.08333333,   3.41383615)
  ( 72.16666667,   3.45252061)
  ( 72.25000000,   3.48358116)
  ( 72.33333333,   3.50694197)
  ( 72.41666667,   3.52250610)
  ( 72.50000000,   3.53020056)
  ( 72.58333333,   3.52999912)
  ( 72.66666667,   3.52186219)
  ( 72.75000000,   3.50576394)
  ( 72.83333333,   3.48173168)
  ( 72.91666667,   3.44980874)
  ( 73.00000000,   3.41000109)
  ( 73.08333333,   3.36239508)
  ( 73.16666667,   3.30705690)
  ( 73.25000000,   3.24411427)
  ( 73.33333333,   3.17365459)
  ( 73.41666667,   3.09582497)
  ( 73.50000000,   3.01080011)
  ( 73.58333333,   2.91875006)
  ( 73.66666667,   2.81989894)
  ( 73.75000000,   2.71440537)
  ( 73.83333333,   2.60256406)
  ( 73.91666667,   2.48458046)
  ( 74.00000000,   2.36071450)
  ( 74.08333333,   2.23121650)
  ( 74.16666667,   2.09633947)
  ( 74.25000000,   1.95641231)
  ( 74.33333333,   1.81176195)
  ( 74.41666667,   1.66269755)
  ( 74.50000000,   1.50949843)
  ( 74.58333333,   1.35256444)
  ( 74.66666667,   1.19227950)
  ( 74.75000000,   1.02901882)
  ( 74.83333333,   0.86313941)
  ( 74.91666667,   0.69501209)
  ( 75.00000000,   0.52500624)
  ( 75.08333333,   0.35353608)
  ( 75.16666667,   0.18097229)
  ( 75.25000000,   0.00773378)
  ( 75.33333333,  -0.16581091)
  ( 75.41666667,  -0.33927038)
  ( 75.50000000,  -0.51224020)
  ( 75.58333333,  -0.68430914)
  ( 75.66666667,  -0.85501962)
  ( 75.75000000,  -1.02394143)
  ( 75.83333333,  -1.19074785)
  ( 75.91666667,  -1.35498201)
  ( 76.00000000,  -1.51625203)
  ( 76.08333333,  -1.67417041)
  ( 76.16666667,  -1.82842122)
  ( 76.25000000,  -1.97859784)
  ( 76.33333333,  -2.12437577)
  ( 76.41666667,  -2.26538014)
  ( 76.50000000,  -2.40122084)
  ( 76.58333333,  -2.53157277)
  ( 76.66666667,  -2.65615824)
  ( 76.75000000,  -2.77467536)
  ( 76.83333333,  -2.88682301)
  ( 76.91666667,  -2.99232063)
  ( 77.00000000,  -3.09088142)
  ( 77.08333333,  -3.18230153)
  ( 77.16666667,  -3.26638187)
  ( 77.25000000,  -3.34283435)
  ( 77.33333333,  -3.41144878)
  ( 77.41666667,  -3.47209556)
  ( 77.50000000,  -3.52459513)
  ( 77.58333333,  -3.56878156)
  ( 77.66666667,  -3.60462262)
  ( 77.75000000,  -3.63200039)
  ( 77.83333333,  -3.65078340)
  ( 77.91666667,  -3.66099728)
  ( 78.00000000,  -3.66256148)
  ( 78.08333333,  -3.65543294)
  ( 78.16666667,  -3.63956654)
  ( 78.25000000,  -3.61502470)
  ( 78.33333333,  -3.58184150)
  ( 78.41666667,  -3.54004098)
  ( 78.50000000,  -3.48968057)
  ( 78.58333333,  -3.43094584)
  ( 78.66666667,  -3.36391892)
  ( 78.75000000,  -3.28874408)
  ( 78.83333333,  -3.20562796)
  ( 78.91666667,  -3.11473731)
  ( 79.00000000,  -3.01625620)
  ( 79.08333333,  -2.91038583)
  ( 79.16666667,  -2.79734492)
  ( 79.25000000,  -2.67739047)
  ( 79.33333333,  -2.55085592)
  ( 79.41666667,  -2.41793880)
  ( 79.50000000,  -2.27893035)
  ( 79.58333333,  -2.13419092)
  ( 79.66666667,  -1.98404755)
  ( 79.75000000,  -1.82886262)
  ( 79.83333333,  -1.66903366)
  ( 79.91666667,  -1.50484486)
  ( 80.00000000,  -1.33669826)
  ( 80.08333333,  -1.16503135)
  ( 80.16666667,  -0.99021557)
  ( 80.25000000,  -0.81262777)
  ( 80.33333333,  -0.63264940)
  ( 80.41666667,  -0.45073067)
  ( 80.50000000,  -0.26730255)
  ( 80.58333333,  -0.08280033)
  ( 80.66666667,   0.10237470)
  ( 80.75000000,   0.28779105)
  ( 80.83333333,   0.47298439)
  ( 80.91666667,   0.65752564)
  ( 81.00000000,   0.84098879)
  ( 81.08333333,   1.02293347)
  ( 81.16666667,   1.20295703)
  ( 81.25000000,   1.38064212)
  ( 81.33333333,   1.55557028)
  ( 81.41666667,   1.72734230)
  ( 81.50000000,   1.89554271)
  ( 81.58333333,   2.05981603)
  ( 81.66666667,   2.21975318)
  ( 81.75000000,   2.37497674)
  ( 81.83333333,   2.52508422)
  ( 81.91666667,   2.66976071)
  ( 82.00000000,   2.80867654)
  ( 82.08333333,   2.94152483)
  ( 82.16666667,   3.06796711)
  ( 82.25000000,   3.18764540)
  ( 82.33333333,   3.30032178)
  ( 82.41666667,   3.40572125)
  ( 82.50000000,   3.50363060)
  ( 82.58333333,   3.59382341)
  ( 82.66666667,   3.67610490)
  ( 82.75000000,   3.75028116)
  ( 82.83333333,   3.81614697)
  ( 82.91666667,   3.87354526)
  ( 83.00000000,   3.92232954)
  ( 83.08333333,   3.96241156)
  ( 83.16666667,   3.99363678)
  ( 83.25000000,   4.01597274)
  ( 83.33333333,   4.02938281)
  ( 83.41666667,   4.03385946)
  ( 83.50000000,   4.02938281)
  ( 83.58333333,   4.01597274)
  ( 83.66666667,   3.99363678)
  ( 83.75000000,   3.96241156)
  ( 83.83333333,   3.92232954)
  ( 83.91666667,   3.87354526)
  ( 84.00000000,   3.81614697)
  ( 84.08333333,   3.75028116)
  ( 84.16666667,   3.67610490)
  ( 84.25000000,   3.59382341)
  ( 84.33333333,   3.50363060)
  ( 84.41666667,   3.40572125)
  ( 84.50000000,   3.30032178)
  ( 84.58333333,   3.18764540)
  ( 84.66666667,   3.06796711)
  ( 84.75000000,   2.94152483)
  ( 84.83333333,   2.80867654)
  ( 84.91666667,   2.66976071)
  ( 85.00000000,   2.52508422)
  ( 85.08333333,   2.37497674)
  ( 85.16666667,   2.21975318)
  ( 85.25000000,   2.05981603)
  ( 85.33333333,   1.89554271)
  ( 85.41666667,   1.72734230)
  ( 85.50000000,   1.55557028)
  ( 85.58333333,   1.38064212)
  ( 85.66666667,   1.20295703)
  ( 85.75000000,   1.02293347)
  ( 85.83333333,   0.84098879)
  ( 85.91666667,   0.65752564)
  ( 86.00000000,   0.47298439)
  ( 86.08333333,   0.28779105)
  ( 86.16666667,   0.10237470)
  ( 86.25000000,  -0.08280033)
  ( 86.33333333,  -0.26730255)
  ( 86.41666667,  -0.45073067)
  ( 86.50000000,  -0.63264940)
  ( 86.58333333,  -0.81262777)
  ( 86.66666667,  -0.99021557)
  ( 86.75000000,  -1.16503135)
  ( 86.83333333,  -1.33669826)
  ( 86.91666667,  -1.50484486)
  ( 87.00000000,  -1.66903366)
  ( 87.08333333,  -1.82886262)
  ( 87.16666667,  -1.98404755)
  ( 87.25000000,  -2.13419092)
  ( 87.33333333,  -2.27893035)
  ( 87.41666667,  -2.41793880)
  ( 87.50000000,  -2.55085592)
  ( 87.58333333,  -2.67739047)
  ( 87.66666667,  -2.79734492)
  ( 87.75000000,  -2.91038583)
  ( 87.83333333,  -3.01625620)
  ( 87.91666667,  -3.11473731)
  ( 88.00000000,  -3.20562796)
  ( 88.08333333,  -3.28874408)
  ( 88.16666667,  -3.36391892)
  ( 88.25000000,  -3.43094584)
  ( 88.33333333,  -3.48968057)
  ( 88.41666667,  -3.54004098)
  ( 88.50000000,  -3.58184150)
  ( 88.58333333,  -3.61502470)
  ( 88.66666667,  -3.63956654)
  ( 88.75000000,  -3.65543294)
  ( 88.83333333,  -3.66256148)
  ( 88.91666667,  -3.66099728)
  ( 89.00000000,  -3.65078340)
  ( 89.08333333,  -3.63200039)
  ( 89.16666667,  -3.60462262)
  ( 89.25000000,  -3.56878156)
  ( 89.33333333,  -3.52459513)
  ( 89.41666667,  -3.47209556)
  ( 89.50000000,  -3.41144878)
  ( 89.58333333,  -3.34283435)
  ( 89.66666667,  -3.26638187)
  ( 89.75000000,  -3.18230153)
  ( 89.83333333,  -3.09088142)
  ( 89.91666667,  -2.99232063)
  ( 90.00000000,  -2.88682301)
  ( 90.08333333,  -2.77467536)
  ( 90.16666667,  -2.65615824)
  ( 90.25000000,  -2.53157277)
  ( 90.33333333,  -2.40122084)
  ( 90.41666667,  -2.26538014)
  ( 90.50000000,  -2.12437577)
  ( 90.58333333,  -1.97859784)
  ( 90.66666667,  -1.82842122)
  ( 90.75000000,  -1.67417041)
  ( 90.83333333,  -1.51625203)
  ( 90.91666667,  -1.35498201)
  ( 91.00000000,  -1.19074785)
  ( 91.08333333,  -1.02394143)
  ( 91.16666667,  -0.85501962)
  ( 91.25000000,  -0.68430914)
  ( 91.33333333,  -0.51224020)
  ( 91.41666667,  -0.33927038)
  ( 91.50000000,  -0.16581091)
  ( 91.58333333,   0.00773378)
  ( 91.66666667,   0.18097229)
  ( 91.75000000,   0.35353608)
  ( 91.83333333,   0.52500624)
  ( 91.91666667,   0.69501209)
  ( 92.00000000,   0.86313941)
  ( 92.08333333,   1.02901882)
  ( 92.16666667,   1.19227950)
  ( 92.25000000,   1.35256444)
  ( 92.33333333,   1.50949843)
  ( 92.41666667,   1.66269755)
  ( 92.50000000,   1.81176195)
  ( 92.58333333,   1.95641231)
  ( 92.66666667,   2.09633947)
  ( 92.75000000,   2.23121650)
  ( 92.83333333,   2.36071450)
  ( 92.91666667,   2.48458046)
  ( 93.00000000,   2.60256406)
  ( 93.08333333,   2.71440537)
  ( 93.16666667,   2.81989894)
  ( 93.25000000,   2.91875006)
  ( 93.33333333,   3.01080011)
  ( 93.41666667,   3.09582497)
  ( 93.50000000,   3.17365459)
  ( 93.58333333,   3.24411427)
  ( 93.66666667,   3.30705690)
  ( 93.75000000,   3.36239508)
  ( 93.83333333,   3.41000109)
  ( 93.91666667,   3.44980874)
  ( 94.00000000,   3.48173168)
  ( 94.08333333,   3.50576394)
  ( 94.16666667,   3.52186219)
  ( 94.25000000,   3.52999912)
  ( 94.33333333,   3.53020056)
  ( 94.41666667,   3.52250610)
  ( 94.50000000,   3.50694197)
  ( 94.58333333,   3.48358116)
  ( 94.66666667,   3.45252061)
  ( 94.75000000,   3.41383615)
  ( 94.83333333,   3.36769222)
  ( 94.91666667,   3.31419386)
  ( 95.00000000,   3.25353016)
  ( 95.08333333,   3.18587914)
  ( 95.16666667,   3.11134920)
  ( 95.25000000,   3.03014392)
  ( 95.33333333,   2.94248147)
  ( 95.41666667,   2.84866665)
  ( 95.50000000,   2.74885801)
  ( 95.58333333,   2.64338338)
  ( 95.66666667,   2.53254944)
  ( 95.75000000,   2.41659774)
  ( 95.83333333,   2.29581691)
  ( 95.91666667,   2.17045762)
  ( 96.00000000,   2.04088911)
  ( 96.08333333,   1.90742730)
  ( 96.16666667,   1.77032746)
  ( 96.25000000,   1.62997435)
  ( 96.33333333,   1.48670052)
  ( 96.41666667,   1.34092676)
  ( 96.50000000,   1.19299898)
  ( 96.58333333,   1.04324833)
  ( 96.66666667,   0.89204260)
  ( 96.75000000,   0.73972444)
  ( 96.83333333,   0.58664158)
  ( 96.91666667,   0.43313165)
  ( 97.00000000,   0.27957114)
  ( 97.08333333,   0.12632714)
  ( 97.16666667,  -0.02625744)
  ( 97.25000000,  -0.17782264)
  ( 97.33333333,  -0.32801549)
  ( 97.41666667,  -0.47650140)
  ( 97.50000000,  -0.62297977)
  ( 97.58333333,  -0.76714057)
  ( 97.66666667,  -0.90862542)
  ( 97.75000000,  -1.04706330)
  ( 97.83333333,  -1.18221819)
  ( 97.91666667,  -1.31378578)
  ( 98.00000000,  -1.44149251)
  ( 98.08333333,  -1.56503387)
  ( 98.16666667,  -1.68411947)
  ( 98.25000000,  -1.79853661)
  ( 98.33333333,  -1.90806466)
  ( 98.41666667,  -2.01247566)
  ( 98.50000000,  -2.11150585)
  ( 98.58333333,  -2.20503537)
  ( 98.66666667,  -2.29284772)
  ( 98.75000000,  -2.37477789)
  ( 98.83333333,  -2.45068783)
  ( 98.91666667,  -2.52042102)
  ( 99.00000000,  -2.58381351)
  ( 99.08333333,  -2.64084806)
  ( 99.16666667,  -2.69137692)
  ( 99.25000000,  -2.73534613)
  ( 99.33333333,  -2.77266985)
  ( 99.41666667,  -2.80328962)
  ( 99.50000000,  -2.82723930)
  ( 99.58333333,  -2.84454083)
  ( 99.66666667,  -2.85516787)
  ( 99.75000000,  -2.85915664)
  ( 99.83333333,  -2.85651292)
  ( 99.91666667,  -2.84730305)
  (100.00000000,  -2.83158444)
  (100.08333333,  -2.80947572)
  (100.16666667,  -2.78103873)
  (100.25000000,  -2.74639566)
  (100.33333333,  -2.70568121)
  (100.41666667,  -2.65903446)
  (100.50000000,  -2.60663608)
  (100.58333333,  -2.54864653)
  (100.66666667,  -2.48524540)
  (100.75000000,  -2.41662744)
  (100.83333333,  -2.34298016)
  (100.91666667,  -2.26452443)
  (101.00000000,  -2.18145601)
  (101.08333333,  -2.09398689)
  (101.16666667,  -2.00237135)
  (101.25000000,  -1.90689913)
  (101.33333333,  -1.80783098)
  (101.41666667,  -1.70543087)
  (101.50000000,  -1.59994546)
  (101.58333333,  -1.49160935)
  (101.66666667,  -1.38068359)
  (101.75000000,  -1.26744002)
  (101.83333333,  -1.15221997)
  (101.91666667,  -1.03531061)
  (102.00000000,  -0.91696073)
  (102.08333333,  -0.79747187)
  (102.16666667,  -0.67715765)
  (102.25000000,  -0.55629361)
  (102.33333333,  -0.43516226)
  (102.41666667,  -0.31399776)
  (102.50000000,  -0.19311748)
  (102.58333333,  -0.07280498)
  (102.66666667,   0.04667960)
  (102.75000000,   0.16506045)
  (102.83333333,   0.28205633)
  (102.91666667,   0.39742990)
  (103.00000000,   0.51087965)
  (103.08333333,   0.62217582)
  (103.16666667,   0.73110888)
  (103.25000000,   0.83745065)
  (103.33333333,   0.94098457)
  (103.41666667,   1.04152622)
  (103.50000000,   1.13883334)
  (103.58333333,   1.23270538)
  (103.66666667,   1.32295335)
  (103.75000000,   1.40944940)
  (103.83333333,   1.49200801)
  (103.91666667,   1.57050524)
  (104.00000000,   1.64474601)
  (104.08333333,   1.71465399)
  (104.16666667,   1.78009477)
  (104.25000000,   1.84094831)
  (104.33333333,   1.89719294)
  (104.41666667,   1.94869256)
  (104.50000000,   1.99541632)
  (104.58333333,   2.03731233)
  (104.66666667,   2.07429909)
  (104.75000000,   2.10634856)
  (104.83333333,   2.13344244)
  (104.91666667,   2.15557753)
  (105.00000000,   2.17273858)
  (105.08333333,   2.18500033)
  (105.16666667,   2.19235355)
  (105.25000000,   2.19481700)
  (105.33333333,   2.19252077)
  (105.41666667,   2.18548904)
  (105.50000000,   2.17378764)
  (105.58333333,   2.15751373)
  (105.66666667,   2.13673778)
  (105.75000000,   2.11153398)
  (105.83333333,   2.08204263)
  (105.91666667,   2.04836338)
  (106.00000000,   2.01063077)
  (106.08333333,   1.96901088)
  (106.16666667,   1.92366420)
  (106.25000000,   1.87469897)
  (106.33333333,   1.82229367)
  (106.41666667,   1.76661501)
  (106.50000000,   1.70782284)
  (106.58333333,   1.64606898)
  (106.66666667,   1.58152378)
  (106.75000000,   1.51442382)
  (106.83333333,   1.44495107)
  (106.91666667,   1.37329898)
  (107.00000000,   1.29968131)
  (107.08333333,   1.22424567)
  (107.16666667,   1.14720150)
  (107.25000000,   1.06871992)
  (107.33333333,   0.98899911)
  (107.41666667,   0.90821781)
  (107.50000000,   0.82665237)
  (107.58333333,   0.74443028)
  (107.66666667,   0.66175852)
  (107.75000000,   0.57885692)
  (107.83333333,   0.49589989)
  (107.91666667,   0.41309733)
  (108.00000000,   0.33065485)
  (108.08333333,   0.24872468)
  (108.16666667,   0.16746554)
  (108.25000000,   0.08699455)
  (108.33333333,   0.00749658)
  (108.41666667,  -0.07084893)
  (108.50000000,  -0.14788271)
  (108.58333333,  -0.22343455)
  (108.66666667,  -0.29739533)
  (108.75000000,  -0.36964221)
  (108.83333333,  -0.44004666)
  (108.91666667,  -0.50844953)
  (109.00000000,  -0.57477010)
  (109.08333333,  -0.63886336)
  (109.16666667,  -0.70065943)
  (109.25000000,  -0.76010093)
  (109.33333333,  -0.81709182)
  (109.41666667,  -0.87152637)
  (109.50000000,  -0.92335718)
  (109.58333333,  -0.97250086)
  (109.66666667,  -1.01891092)
  (109.75000000,  -1.06255612)
  (109.83333333,  -1.10335749)
  (109.91666667,  -1.14131476)
  (110.00000000,  -1.17643009)
  (110.08333333,  -1.20871205)
  (110.16666667,  -1.23811866)
  (110.25000000,  -1.26463698)
  (110.33333333,  -1.28826990)
  (110.41666667,  -1.30904405)
  (110.50000000,  -1.32694534)
  (110.58333333,  -1.34206982)
  (110.66666667,  -1.35439797)
  (110.75000000,  -1.36395315)
  (110.83333333,  -1.37081710)
  (110.91666667,  -1.37503321)
  (111.00000000,  -1.37666239)
  (111.08333333,  -1.37579376)
  (111.16666667,  -1.37239481)
  (111.25000000,  -1.36658030)
  (111.33333333,  -1.35846760)
  (111.41666667,  -1.34812446)
  (111.50000000,  -1.33559289)
  (111.58333333,  -1.32097147)
  (111.66666667,  -1.30432138)
  (111.75000000,  -1.28568240)
  (111.83333333,  -1.26524414)
  (111.91666667,  -1.24307993)
  (112.00000000,  -1.21926873)
  (112.08333333,  -1.19392360)
  (112.16666667,  -1.16713750)
  (112.25000000,  -1.13899686)
  (112.33333333,  -1.10960304)
  (112.41666667,  -1.07901062)
  (112.50000000,  -1.04732387)
  (112.58333333,  -1.01468342)
  (112.66666667,  -0.98119739)
  (112.75000000,  -0.94694655)
  (112.83333333,  -0.91198873)
  (112.91666667,  -0.87642737)
  (113.00000000,  -0.84034974)
  (113.08333333,  -0.80383939)
  (113.16666667,  -0.76695082)
  (113.25000000,  -0.72977742)
  (113.33333333,  -0.69238438)
  (113.41666667,  -0.65484438)
  (113.50000000,  -0.61724364)
  (113.58333333,  -0.57963003)
  (113.66666667,  -0.54206504)
  (113.75000000,  -0.50466570)
  (113.83333333,  -0.46743260)
  (113.91666667,  -0.43043386)
  (114.00000000,  -0.39370447)
  (114.08333333,  -0.35732573)
  (114.16666667,  -0.32133698)
  (114.25000000,  -0.28578286)
  (114.33333333,  -0.25071358)
  (114.41666667,  -0.21616193)
  (114.50000000,  -0.18212156)
  (114.58333333,  -0.14860648)
  (114.66666667,  -0.11567545)
  (114.75000000,  -0.08334202)
  (114.83333333,  -0.05162554)
  (114.91666667,  -0.02053112)
  (115.00000000,   0.00991587)
  (115.08333333,   0.03969321)
  (115.16666667,   0.06879283)
  (115.25000000,   0.09723103)
  (115.33333333,   0.12499012)
  (115.41666667,   0.15207191)
  (115.50000000,   0.17849525)
  (115.58333333,   0.20423281)
  (115.66666667,   0.22930549)
  (115.75000000,   0.25373444)
  (115.83333333,   0.27755053)
  (115.91666667,   0.30073266)
  (116.00000000,   0.32329905)
  (116.08333333,   0.34524151)
  (116.16666667,   0.36659148)
  (116.25000000,   0.38736111)
  (116.33333333,   0.40756677)
  (116.41666667,   0.42719612)
  (116.50000000,   0.44629083)
  (116.58333333,   0.46482082)
  (116.66666667,   0.48282227)
  (116.75000000,   0.50035032)
  (116.83333333,   0.51741333)
  (116.91666667,   0.53400514)
  (117.00000000,   0.55006995)
  (117.08333333,   0.56566465)
  (117.16666667,   0.58078011)
  (117.25000000,   0.59542396)
  (117.33333333,   0.60957757)
  (117.41666667,   0.62326377)
  (117.50000000,   0.63650092)
  (117.58333333,   0.64935048)
  (117.66666667,   0.66171146)
  (117.75000000,   0.67362675)
  (117.83333333,   0.68502943)
  (117.91666667,   0.69594319)
  (118.00000000,   0.70632804)
  (118.08333333,   0.71616217)
  (118.16666667,   0.72543586)
  (118.25000000,   0.73418502)
  (118.33333333,   0.74239162)
  (118.41666667,   0.74998674)
  (118.50000000,   0.75700184)
  (118.58333333,   0.76338782)
  (118.66666667,   0.76911295)
  (118.75000000,   0.77411823)
  (118.83333333,   0.77840807)
  (118.91666667,   0.78194120)
  (119.00000000,   0.78469506)
  (119.08333333,   0.78660701)
  (119.16666667,   0.78766466)
  (119.25000000,   0.78783800)
  (119.33333333,   0.78707424)
  (119.41666667,   0.78536702)
  (119.50000000,   0.78270052)
  (119.58333333,   0.77902699)
  (119.66666667,   0.77432012)
  (119.75000000,   0.76854037)
  (119.83333333,   0.76163759)
  (119.91666667,   0.75355736)
  (120.00000000,   0.74426691)
  (120.08333333,   0.73375550)
  (120.16666667,   0.72202969)
  (120.25000000,   0.70899162)
  (120.33333333,   0.69459643)
  (120.41666667,   0.67885286)
  (120.50000000,   0.66179748)
  (120.58333333,   0.64337623)
  (120.66666667,   0.62355473)
  (120.75000000,   0.60228736)
  (120.83333333,   0.57960182)
  (120.91666667,   0.55548232)
  (121.00000000,   0.52993430)
  (121.08333333,   0.50293287)
  (121.16666667,   0.47446881)
  (121.25000000,   0.44453194)
  (121.33333333,   0.41315094)
  (121.41666667,   0.38032327)
  (121.50000000,   0.34609220)
  (121.58333333,   0.31047869)
  (121.66666667,   0.27343869)
  (121.75000000,   0.23500561)
  (121.83333333,   0.19525523)
  (121.91666667,   0.15424523)
  (122.00000000,   0.11200180)
  (122.08333333,   0.06853317)
  (122.16666667,   0.02388056)
  (122.25000000,  -0.02190807)
  (122.33333333,  -0.06872743)
  (122.41666667,  -0.11655128)
  (122.50000000,  -0.16533836)
  (122.58333333,  -0.21500368)
  (122.66666667,  -0.26544730)
  (122.75000000,  -0.31659183)
  (122.83333333,  -0.36832391)
  (122.91666667,  -0.42059605)
  (123.00000000,  -0.47331059)
  (123.08333333,  -0.52637508)
  (123.16666667,  -0.57966273)
  (123.25000000,  -0.63313061)
  (123.33333333,  -0.68665387)
  (123.41666667,  -0.74010431)
  (123.50000000,  -0.79335529)
  (123.58333333,  -0.84629080)
  (123.66666667,  -0.89882145)
  (123.75000000,  -0.95086567)
  (123.83333333,  -1.00224125)
  (123.91666667,  -1.05281290)
  (124.00000000,  -1.10245732)
  (124.08333333,  -1.15106902)
  (124.16666667,  -1.19849105)
  (124.25000000,  -1.24462754)
  (124.33333333,  -1.28936599)
  (124.41666667,  -1.33259773)
  (124.50000000,  -1.37418647)
  (124.58333333,  -1.41399558)
  (124.66666667,  -1.45188324)
  (124.75000000,  -1.48772275)
  (124.83333333,  -1.52137361)
  (124.91666667,  -1.55276953)
  (125.00000000,  -1.58176362)
  (125.08333333,  -1.60831189)
  (125.16666667,  -1.63224985)
  (125.25000000,  -1.65350211)
  (125.33333333,  -1.67192407)
  (125.41666667,  -1.68746392)
  (125.50000000,  -1.70005156)
  (125.58333333,  -1.70961112)
  (125.66666667,  -1.71606041)
  (125.75000000,  -1.71927899)
  (125.83333333,  -1.71923135)
  (125.91666667,  -1.71586544)
  (126.00000000,  -1.70913361)
  (126.08333333,  -1.69896280)
  (126.16666667,  -1.68530045)
  (126.25000000,  -1.66817523)
  (126.33333333,  -1.64756393)
  (126.41666667,  -1.62342746)
  (126.50000000,  -1.59576188)
  (126.58333333,  -1.56457898)
  (126.66666667,  -1.52988377)
  (126.75000000,  -1.49174901)
  (126.83333333,  -1.45016002)
  (126.91666667,  -1.40509922)
  (127.00000000,  -1.35667613)
  (127.08333333,  -1.30502429)
  (127.16666667,  -1.25013452)
  (127.25000000,  -1.19207863)
  (127.33333333,  -1.13094052)
  (127.41666667,  -1.06683803)
  (127.50000000,  -0.99984798)
  (127.58333333,  -0.93007702)
  (127.66666667,  -0.85764256)
  (127.75000000,  -0.78270666)
  (127.83333333,  -0.70543002)
  (127.91666667,  -0.62592593)
  (128.00000000,  -0.54432833)
  (128.08333333,  -0.46079610)
  (128.16666667,  -0.37548707)
  (128.25000000,  -0.28859559)
  (128.33333333,  -0.20029352)
  (128.41666667,  -0.11078584)
  (128.50000000,  -0.02025488)
  (128.58333333,   0.07108641)
  (128.66666667,   0.16303707)
  (128.75000000,   0.25543853)
  (128.83333333,   0.34806912)
  (128.91666667,   0.44070180)
  (129.00000000,   0.53312789)
  (129.08333333,   0.62511760)
  (129.16666667,   0.71645176)
  (129.25000000,   0.80692921)
  (129.33333333,   0.89632953)
  (129.41666667,   0.98437721)
  (129.50000000,   1.07089146)
  (129.58333333,   1.15571134)
  (129.66666667,   1.23857035)
  (129.75000000,   1.31924916)
  (129.83333333,   1.39755540)
  (129.91666667,   1.47324200)
  (130.00000000,   1.54611921)
  (130.08333333,   1.61599350)
  (130.16666667,   1.68263459)
  (130.25000000,   1.74590956)
  (130.33333333,   1.80561439)
  (130.41666667,   1.86159766)
  (130.50000000,   1.91366424)
  (130.58333333,   1.96161392)
  (130.66666667,   2.00533573)
  (130.75000000,   2.04463811)
  (130.83333333,   2.07941633)
  (130.91666667,   2.10954434)
  (131.00000000,   2.13492681)
  (131.08333333,   2.15541249)
  (131.16666667,   2.17093414)
  (131.25000000,   2.18142001)
  (131.33333333,   2.18672685)
  (131.41666667,   2.18683645)
  (131.50000000,   2.18167461)
  (131.58333333,   2.17124273)
  (131.66666667,   2.15550371)
  (131.75000000,   2.13444474)
  (131.83333333,   2.10801268)
  (131.91666667,   2.07621911)
  (132.00000000,   2.03910864)
  (132.08333333,   1.99669274)
  (132.16666667,   1.94900401)
  (132.25000000,   1.89616129)
  (132.33333333,   1.83818290)
  (132.41666667,   1.77518353)
  (132.50000000,   1.70728312)
  (132.58333333,   1.63461048)
  (132.66666667,   1.55724480)
  (132.75000000,   1.47530115)
  (132.83333333,   1.38893666)
  (132.91666667,   1.29830204)
  (133.00000000,   1.20360858)
  (133.08333333,   1.10498698)
  (133.16666667,   1.00263184)
  (133.25000000,   0.89680105)
  (133.33333333,   0.78772290)
  (133.41666667,   0.67559376)
  (133.50000000,   0.56069284)
  (133.58333333,   0.44322066)
  (133.66666667,   0.32343592)
  (133.75000000,   0.20158054)
  (133.83333333,   0.07793310)
  (133.91666667,  -0.04725056)
  (134.00000000,  -0.17367130)
  (134.08333333,  -0.30106665)
  (134.16666667,  -0.42913912)
  (134.25000000,  -0.55756650)
  (134.33333333,  -0.68604395)
  (134.41666667,  -0.81424687)
  (134.50000000,  -0.94193487)
  (134.58333333,  -1.06876242)
  (134.66666667,  -1.19440815)
  (134.75000000,  -1.31862188)
  (134.83333333,  -1.44107381)
  (134.91666667,  -1.56149577)
  (135.00000000,  -1.67960392)
  (135.08333333,  -1.79512807)
  (135.16666667,  -1.90768985)
  (135.25000000,  -2.01704607)
  (135.33333333,  -2.12291722)
  (135.41666667,  -2.22501435)
  (135.50000000,  -2.32309088)
  (135.58333333,  -2.41684915)
  (135.66666667,  -2.50605710)
  (135.75000000,  -2.59047199)
  (135.83333333,  -2.66988655)
  (135.91666667,  -2.74402613)
  (136.00000000,  -2.81266624)
  (136.08333333,  -2.87564730)
  (136.16666667,  -2.93273390)
  (136.25000000,  -2.98377710)
  (136.33333333,  -3.02862365)
  (136.41666667,  -3.06708673)
  (136.50000000,  -3.09906947)
  (136.58333333,  -3.12444651)
  (136.66666667,  -3.14313146)
  (136.75000000,  -3.15494167)
  (136.83333333,  -3.15985510)
  (136.91666667,  -3.15777400)
  (137.00000000,  -3.14867069)
  (137.08333333,  -3.13251865)
  (137.16666667,  -3.10932592)
  (137.25000000,  -3.07913374)
  (137.33333333,  -3.04189205)
  (137.41666667,  -2.99768383)
  (137.50000000,  -2.94654421)
  (137.58333333,  -2.88853763)
  (137.66666667,  -2.82378524)
  (137.75000000,  -2.75240088)
  (137.83333333,  -2.67450697)
  (137.91666667,  -2.59026089)
  (138.00000000,  -2.49978791)
  (138.08333333,  -2.40329137)
  (138.16666667,  -2.30094687)
  (138.25000000,  -2.19292209)
  (138.33333333,  -2.07941235)
  (138.41666667,  -1.96072777)
  (138.50000000,  -1.83710898)
  (138.58333333,  -1.70880556)
  (138.66666667,  -1.57611765)
  (138.75000000,  -1.43934993)
  (138.83333333,  -1.29878277)
  (138.91666667,  -1.15471630)
  (139.00000000,  -1.00749127)
  (139.08333333,  -0.85744731)
  (139.16666667,  -0.70493978)
  (139.25000000,  -0.55029811)
  (139.33333333,  -0.39388336)
  (139.41666667,  -0.23604972)
  (139.50000000,  -0.07716668)
  (139.58333333,   0.08239785)
  (139.66666667,   0.24227016)
  (139.75000000,   0.40204068)
  (139.83333333,   0.56132786)
  (139.91666667,   0.71976377)
  (140.00000000,   0.87696990)
  (140.08333333,   1.03255338)
  (140.16666667,   1.18613041)
  (140.25000000,   1.33737375)
  (140.33333333,   1.48592039)
  (140.41666667,   1.63138504)
  (140.50000000,   1.77342598)
  (140.58333333,   1.91161463)
  (140.66666667,   2.04565663)
  (140.75000000,   2.17518866)
  (140.83333333,   2.29987050)
  (140.91666667,   2.41941142)
  (141.00000000,   2.53354589)
  (141.08333333,   2.64191233)
  (141.16666667,   2.74424994)
  (141.25000000,   2.84033570)
  (141.33333333,   2.92989649)
  (141.41666667,   3.01267598)
  (141.50000000,   3.08841808)
  (141.58333333,   3.15692030)
  (141.66666667,   3.21803468)
  (141.75000000,   3.27159868)
  (141.83333333,   3.31741476)
  (141.91666667,   3.35532866)
  (142.00000000,   3.38526094)
  (142.08333333,   3.40703688)
  (142.16666667,   3.42062450)
  (142.25000000,   3.42595345)
  (142.33333333,   3.42300235)
  (142.41666667,   3.41174961)
  (142.50000000,   3.39212169)
  (142.58333333,   3.36423985)
  (142.66666667,   3.32810637)
  (142.75000000,   3.28372789)
  (142.83333333,   3.23118818)
  (142.91666667,   3.17060493)
  (143.00000000,   3.10207444)
  (143.08333333,   3.02578530)
  (143.16666667,   2.94189723)
  (143.25000000,   2.85059170)
  (143.33333333,   2.75208239)
  (143.41666667,   2.64651445)
  (143.50000000,   2.53405171)
  (143.58333333,   2.41503947)
  (143.66666667,   2.28975438)
  (143.75000000,   2.15844647)
  (143.83333333,   2.02141116)
  (143.91666667,   1.87902868)
  (144.00000000,   1.73153211)
  (144.08333333,   1.57929763)
  (144.16666667,   1.42264222)
  (144.25000000,   1.26191426)
  (144.33333333,   1.09749418)
  (144.41666667,   0.92976928)
  (144.50000000,   0.75911148)
  (144.58333333,   0.58596488)
  (144.66666667,   0.41072565)
  (144.75000000,   0.23383673)
  (144.83333333,   0.05567049)
  (144.91666667,  -0.12334980)
  (145.00000000,  -0.30275273)
  (145.08333333,  -0.48218575)
  (145.16666667,  -0.66120294)
  (145.25000000,  -0.83936149)
  (145.33333333,  -1.01619249)
  (145.41666667,  -1.19133439)
  (145.50000000,  -1.36431223)
  (145.58333333,  -1.53469562)
  (145.66666667,  -1.70210407)
  (145.75000000,  -1.86610394)
  (145.83333333,  -2.02630562)
  (145.91666667,  -2.18232769)
  (146.00000000,  -2.33372061)
  (146.08333333,  -2.48010825)
  (146.16666667,  -2.62116897)
  (146.25000000,  -2.75658368)
  (146.33333333,  -2.88596127)
  (146.41666667,  -3.00894274)
  (146.50000000,  -3.12525918)
  (146.58333333,  -3.23457860)
  (146.66666667,  -3.33664419)
  (146.75000000,  -3.43119942)
  (146.83333333,  -3.51797588)
  (146.91666667,  -3.59673377)
  (147.00000000,  -3.66725763)
  (147.08333333,  -3.72934784)
  (147.16666667,  -3.78287010)
  (147.25000000,  -3.82766607)
  (147.33333333,  -3.86354538)
  (147.41666667,  -3.89044301)
  (147.50000000,  -3.90829867)
  (147.58333333,  -3.91698588)
  (147.66666667,  -3.91646211)
  (147.75000000,  -3.90673766)
  (147.83333333,  -3.88782189)
  (147.91666667,  -3.85971127)
  (148.00000000,  -3.82245620)
  (148.08333333,  -3.77613280)
  (148.16666667,  -3.72079683)
  (148.25000000,  -3.65657727)
  (148.33333333,  -3.58358580)
  (148.41666667,  -3.50195866)
  (148.50000000,  -3.41190528)
  (148.58333333,  -3.31367055)
  (148.66666667,  -3.20741977)
  (148.75000000,  -3.09340216)
  (148.83333333,  -2.97190738)
  (148.91666667,  -2.84318484)
  (149.00000000,  -2.70747442)
  (149.08333333,  -2.56514209)
  (149.16666667,  -2.41651919)
  (149.25000000,  -2.26192313)
  (149.33333333,  -2.10173880)
  (149.41666667,  -1.93632106)
  (149.50000000,  -1.76604330)
  (149.58333333,  -1.59133451)
  (149.66666667,  -1.41263501)
  (149.75000000,  -1.23034318)
  (149.83333333,  -1.04489248)
  (149.91666667,  -0.85674567)
  (150.00000000,  -0.66630379)
  (150.08333333,  -0.47407865)
  (150.16666667,  -0.28054995)
  (150.25000000,  -0.08613820)
  (150.33333333,   0.10868521)
  (150.41666667,   0.30340732)
  (150.50000000,   0.49756022)
  (150.58333333,   0.69071869)
  (150.66666667,   0.88239076)
  (150.75000000,   1.07208954)
  (150.83333333,   1.25937784)
  (150.91666667,   1.44378290)
  (151.00000000,   1.62485794)
  (151.08333333,   1.80218287)
  (151.16666667,   1.97528036)
  (151.25000000,   2.14371257)
  (151.33333333,   2.30703907)
  (151.41666667,   2.46496162)
  (151.50000000,   2.61700887)
  (151.58333333,   2.76281177)
  (151.66666667,   2.90207022)
  (151.75000000,   3.03445569)
  (151.83333333,   3.15961527)
  (151.91666667,   3.27722778)
  (152.00000000,   3.38698665)
  (152.08333333,   3.48857679)
  (152.16666667,   3.58186493)
  (152.25000000,   3.66653244)
  (152.33333333,   3.74240272)
  (152.41666667,   3.80927806)
  (152.50000000,   3.86694679)
  (152.58333333,   3.91528317)
  (152.66666667,   3.95423987)
  (152.75000000,   3.98370094)
  (152.83333333,   4.00355373)
  (152.91666667,   4.01374244)
  (153.00000000,   4.01430233)
  (153.08333333,   4.00520478)
  (153.16666667,   3.98645841)
  (153.25000000,   3.95809924)
  (153.33333333,   3.92022084)
  (153.41666667,   3.87288532)
  (153.50000000,   3.81621442)
  (153.58333333,   3.75037982)
  (153.66666667,   3.67554977)
  (153.75000000,   3.59191416)
  (153.83333333,   3.49966725)
  (153.91666667,   3.39907150)
  (154.00000000,   3.29033824)
  (154.08333333,   3.17374991)
  (154.16666667,   3.04957203)
  (154.25000000,   2.91817160)
  (154.33333333,   2.77989889)
  (154.41666667,   2.63505635)
  (154.50000000,   2.48402093)
  (154.58333333,   2.32712240)
  (154.66666667,   2.16481488)
  (154.75000000,   1.99747866)
  (154.83333333,   1.82551188)
  (154.91666667,   1.64934930)
  (155.00000000,   1.46942171)
  (155.08333333,   1.28621769)
  (155.16666667,   1.10020338)
  (155.25000000,   0.91180875)
  (155.33333333,   0.72150867)
  (155.41666667,   0.52977580)
  (155.50000000,   0.33704044)
  (155.58333333,   0.14375462)
  (155.66666667,  -0.04955178)
  (155.75000000,  -0.24244106)
  (155.83333333,  -0.43440640)
  (155.91666667,  -0.62499278)
  (156.00000000,  -0.81370623)
  (156.08333333,  -1.00006123)
  (156.16666667,  -1.18360049)
  (156.25000000,  -1.36393971)
  (156.33333333,  -1.54062405)
  (156.41666667,  -1.71321146)
  (156.50000000,  -1.88129131)
  (156.58333333,  -2.04446767)
  (156.66666667,  -2.20229885)
  (156.75000000,  -2.35446603)
  (156.83333333,  -2.50054856)
  (156.91666667,  -2.64021326)
  (157.00000000,  -2.77309858)
  (157.08333333,  -2.89890953)
  (157.16666667,  -3.01735467)
  (157.25000000,  -3.12816793)
  (157.33333333,  -3.23107958)
  (157.41666667,  -3.32579384)
  (157.50000000,  -3.41212274)
  (157.58333333,  -3.48988977)
  (157.66666667,  -3.55893493)
  (157.75000000,  -3.61901741)
  (157.83333333,  -3.67000597)
  (157.91666667,  -3.71184878)
  (158.00000000,  -3.74442174)
  (158.08333333,  -3.76764176)
  (158.16666667,  -3.78148745)
  (158.25000000,  -3.78596079)
  (158.33333333,  -3.78100547)
  (158.41666667,  -3.76669618)
  (158.50000000,  -3.74307239)
  (158.58333333,  -3.71019812)
  (158.66666667,  -3.66817205)
  (158.75000000,  -3.61711453)
  (158.83333333,  -3.55711551)
  (158.91666667,  -3.48838389)
  (159.00000000,  -3.41107917)
  (159.08333333,  -3.32542884)
  (159.16666667,  -3.23165175)
  (159.25000000,  -3.13001902)
  (159.33333333,  -3.02074079)
  (159.41666667,  -2.90411435)
  (159.50000000,  -2.78046965)
  (159.58333333,  -2.65006520)
  (159.66666667,  -2.51323380)
  (159.75000000,  -2.37033820)
  (159.83333333,  -2.22178381)
  (159.91666667,  -2.06793697)
  (160.00000000,  -1.90914018)
  (160.08333333,  -1.74583681)
  (160.16666667,  -1.57840642)
  (160.25000000,  -1.40729801)
  (160.33333333,  -1.23293233)
  (160.41666667,  -1.05573493)
  (160.50000000,  -0.87612703)
  (160.58333333,  -0.69461495)
  (160.66666667,  -0.51161878)
  (160.75000000,  -0.32757761)
  (160.83333333,  -0.14298144)
  (160.91666667,   0.04173835)
  (161.00000000,   0.22609814)
  (161.08333333,   0.40959964)
  (161.16666667,   0.59184478)
  (161.25000000,   0.77240372)
  (161.33333333,   0.95076535)
  (161.41666667,   1.12656093)
  (161.50000000,   1.29936094)
  (161.58333333,   1.46868444)
  (161.66666667,   1.63415512)
  (161.75000000,   1.79537132)
  (161.83333333,   1.95192534)
  (161.91666667,   2.10340756)
  (162.00000000,   2.24953183)
  (162.08333333,   2.38995393)
  (162.16666667,   2.52435277)
  (162.25000000,   2.65236891)
  (162.33333333,   2.77373598)
  (162.41666667,   2.88816440)
  (162.50000000,   2.99541185)
  (162.58333333,   3.09517491)
  (162.66666667,   3.18722479)
  (162.75000000,   3.27136860)
  (162.83333333,   3.34746880)
  (162.91666667,   3.41532997)
  (163.00000000,   3.47481040)
  (163.08333333,   3.52586116)
  (163.16666667,   3.56830912)
  (163.25000000,   3.60206164)
  (163.33333333,   3.62711648)
  (163.41666667,   3.64345157)
  (163.50000000,   3.65103390)
  (163.58333333,   3.64985277)
  (163.66666667,   3.63998169)
  (163.75000000,   3.62146866)
  (163.83333333,   3.59440319)
  (163.91666667,   3.55889603)
  (164.00000000,   3.51506329)
  (164.08333333,   3.46307802)
  (164.16666667,   3.40309840)
  (164.25000000,   3.33524300)
  (164.33333333,   3.25978017)
  (164.41666667,   3.17690167)
  (164.50000000,   3.08688327)
  (164.58333333,   2.98996946)
  (164.66666667,   2.88652434)
  (164.75000000,   2.77677291)
  (164.83333333,   2.66095322)
  (164.91666667,   2.53947481)
  (165.00000000,   2.41261639)
  (165.08333333,   2.28070245)
  (165.16666667,   2.14418265)
  (165.25000000,   2.00338257)
  (165.33333333,   1.85866118)
  (165.41666667,   1.71046402)
  (165.50000000,   1.55915341)
  (165.58333333,   1.40517510)
  (165.66666667,   1.24888435)
  (165.75000000,   1.09070336)
  (165.83333333,   0.93107463)
  (165.91666667,   0.77042331)
  (166.00000000,   0.60912777)
  (166.08333333,   0.44759289)
  (166.16666667,   0.28615750)
  (166.25000000,   0.12527496)
  (166.33333333,  -0.03461278)
  (166.41666667,  -0.19311247)
  (166.50000000,  -0.34981217)
  (166.58333333,  -0.50431731)
  (166.66666667,  -0.65620085)
  (166.75000000,  -0.80487504)
]
