%=============================================================================
% Daniel J. Greenhoe 
% Sunspot eigen vector 5 data file suitable for use with LaTeX PStricks
% For an example, see "sunspots_eigen.tex"
% This file auto-generated using "sunspots.R" --- hand-editing not recommended
%=============================================================================
[
  (  0.08333333,   3.22114563)
  (  0.16666667,   3.28915757)
  (  0.25000000,   3.34845511)
  (  0.33333333,   3.39934669)
  (  0.41666667,   3.44200217)
  (  0.50000000,   3.47610774)
  (  0.58333333,   3.50172058)
  (  0.66666667,   3.51849315)
  (  0.75000000,   3.52665895)
  (  0.83333333,   3.52632851)
  (  0.91666667,   3.51711837)
  (  1.00000000,   3.49899890)
  (  1.08333333,   3.47210344)
  (  1.16666667,   3.43636272)
  (  1.25000000,   3.39198241)
  (  1.33333333,   3.33888497)
  (  1.41666667,   3.27698431)
  (  1.50000000,   3.20651211)
  (  1.58333333,   3.12756796)
  (  1.66666667,   3.04051856)
  (  1.75000000,   2.94549927)
  (  1.83333333,   2.84274785)
  (  1.91666667,   2.73254805)
  (  2.00000000,   2.61533492)
  (  2.08333333,   2.49103116)
  (  2.16666667,   2.36032049)
  (  2.25000000,   2.22321995)
  (  2.33333333,   2.07992990)
  (  2.41666667,   1.93083212)
  (  2.50000000,   1.77642607)
  (  2.58333333,   1.61723168)
  (  2.66666667,   1.45344599)
  (  2.75000000,   1.28561088)
  (  2.83333333,   1.11392017)
  (  2.91666667,   0.93890204)
  (  3.00000000,   0.76099415)
  (  3.08333333,   0.58075359)
  (  3.16666667,   0.39860201)
  (  3.25000000,   0.21500197)
  (  3.33333333,   0.03033829)
  (  3.41666667,  -0.15474191)
  (  3.50000000,  -0.33991502)
  (  3.58333333,  -0.52465517)
  (  3.66666667,  -0.70858545)
  (  3.75000000,  -0.89110128)
  (  3.83333333,  -1.07181161)
  (  3.91666667,  -1.25012244)
  (  4.00000000,  -1.42568179)
  (  4.08333333,  -1.59817002)
  (  4.16666667,  -1.76703264)
  (  4.25000000,  -1.93179791)
  (  4.33333333,  -2.09206967)
  (  4.41666667,  -2.24737848)
  (  4.50000000,  -2.39730095)
  (  4.58333333,  -2.54152267)
  (  4.66666667,  -2.67972481)
  (  4.75000000,  -2.81150010)
  (  4.83333333,  -2.93651188)
  (  4.91666667,  -3.05442323)
  (  5.00000000,  -3.16488539)
  (  5.08333333,  -3.26757978)
  (  5.16666667,  -3.36225378)
  (  5.25000000,  -3.44859772)
  (  5.33333333,  -3.52645194)
  (  5.41666667,  -3.59554252)
  (  5.50000000,  -3.65567672)
  (  5.58333333,  -3.70674878)
  (  5.66666667,  -3.74854230)
  (  5.75000000,  -3.78098590)
  (  5.83333333,  -3.80398018)
  (  5.91666667,  -3.81745912)
  (  6.00000000,  -3.82135299)
  (  6.08333333,  -3.81554893)
  (  6.16666667,  -3.79998878)
  (  6.25000000,  -3.77492482)
  (  6.33333333,  -3.74024631)
  (  6.41666667,  -3.69603208)
  (  6.50000000,  -3.64240561)
  (  6.58333333,  -3.57961070)
  (  6.66666667,  -3.50763194)
  (  6.75000000,  -3.42668628)
  (  6.83333333,  -3.33700849)
  (  6.91666667,  -3.23867628)
  (  7.00000000,  -3.13188019)
  (  7.08333333,  -3.01689196)
  (  7.16666667,  -2.89419110)
  (  7.25000000,  -2.76404002)
  (  7.33333333,  -2.62677816)
  (  7.41666667,  -2.48259933)
  (  7.50000000,  -2.33187718)
  (  7.58333333,  -2.17491830)
  (  7.66666667,  -2.01219223)
  (  7.75000000,  -1.84391947)
  (  7.83333333,  -1.67068371)
  (  7.91666667,  -1.49292354)
  (  8.00000000,  -1.31110892)
  (  8.08333333,  -1.12559391)
  (  8.16666667,  -0.93692421)
  (  8.25000000,  -0.74545018)
  (  8.33333333,  -0.55175570)
  (  8.41666667,  -0.35624697)
  (  8.50000000,  -0.15948038)
  (  8.58333333,   0.03827375)
  (  8.66666667,   0.23629281)
  (  8.75000000,   0.43409169)
  (  8.83333333,   0.63124171)
  (  8.91666667,   0.82719369)
  (  9.00000000,   1.02155683)
  (  9.08333333,   1.21388905)
  (  9.16666667,   1.40348015)
  (  9.25000000,   1.58991831)
  (  9.33333333,   1.77292609)
  (  9.41666667,   1.95196265)
  (  9.50000000,   2.12661316)
  (  9.58333333,   2.29626133)
  (  9.66666667,   2.46059350)
  (  9.75000000,   2.61927884)
  (  9.83333333,   2.77194990)
  (  9.91666667,   2.91790174)
  ( 10.00000000,   3.05693806)
  ( 10.08333333,   3.18869424)
  ( 10.16666667,   3.31286907)
  ( 10.25000000,   3.42919811)
  ( 10.33333333,   3.53751228)
  ( 10.41666667,   3.63729147)
  ( 10.50000000,   3.72831968)
  ( 10.58333333,   3.81036190)
  ( 10.66666667,   3.88329411)
  ( 10.75000000,   3.94701038)
  ( 10.83333333,   4.00120361)
  ( 10.91666667,   4.04565380)
  ( 11.00000000,   4.08023175)
  ( 11.08333333,   4.10496656)
  ( 11.16666667,   4.11972685)
  ( 11.25000000,   4.12456832)
  ( 11.33333333,   4.11919187)
  ( 11.41666667,   4.10390006)
  ( 11.50000000,   4.07882222)
  ( 11.58333333,   4.04396158)
  ( 11.66666667,   3.99920573)
  ( 11.75000000,   3.94471044)
  ( 11.83333333,   3.88054096)
  ( 11.91666667,   3.80680937)
  ( 12.00000000,   3.72382900)
  ( 12.08333333,   3.63181448)
  ( 12.16666667,   3.53092553)
  ( 12.25000000,   3.42152113)
  ( 12.33333333,   3.30366880)
  ( 12.41666667,   3.17781154)
  ( 12.50000000,   3.04434220)
  ( 12.58333333,   2.90340291)
  ( 12.66666667,   2.75535646)
  ( 12.75000000,   2.60061615)
  ( 12.83333333,   2.43970376)
  ( 12.91666667,   2.27294142)
  ( 13.00000000,   2.10076467)
  ( 13.08333333,   1.92339345)
  ( 13.16666667,   1.74148124)
  ( 13.25000000,   1.55537998)
  ( 13.33333333,   1.36553566)
  ( 13.41666667,   1.17232901)
  ( 13.50000000,   0.97643046)
  ( 13.58333333,   0.77835533)
  ( 13.66666667,   0.57866309)
  ( 13.75000000,   0.37762739)
  ( 13.83333333,   0.17582759)
  ( 13.91666667,  -0.02611965)
  ( 14.00000000,  -0.22785650)
  ( 14.08333333,  -0.42873939)
  ( 14.16666667,  -0.62826101)
  ( 14.25000000,  -0.82612183)
  ( 14.33333333,  -1.02181000)
  ( 14.41666667,  -1.21472699)
  ( 14.50000000,  -1.40452780)
  ( 14.58333333,  -1.59069415)
  ( 14.66666667,  -1.77281037)
  ( 14.75000000,  -1.95012575)
  ( 14.83333333,  -2.12239510)
  ( 14.91666667,  -2.28926961)
  ( 15.00000000,  -2.45026392)
  ( 15.08333333,  -2.60491341)
  ( 15.16666667,  -2.75307388)
  ( 15.25000000,  -2.89421335)
  ( 15.33333333,  -3.02803983)
  ( 15.41666667,  -3.15432168)
  ( 15.50000000,  -3.27273430)
  ( 15.58333333,  -3.38299704)
  ( 15.66666667,  -3.48495328)
  ( 15.75000000,  -3.57813198)
  ( 15.83333333,  -3.66233561)
  ( 15.91666667,  -3.73743288)
  ( 16.00000000,  -3.80321290)
  ( 16.08333333,  -3.85942880)
  ( 16.16666667,  -3.90616954)
  ( 16.25000000,  -3.94317497)
  ( 16.33333333,  -3.97048533)
  ( 16.41666667,  -3.98815908)
  ( 16.50000000,  -3.99597604)
  ( 16.58333333,  -3.99403339)
  ( 16.66666667,  -3.98228191)
  ( 16.75000000,  -3.96085891)
  ( 16.83333333,  -3.92976759)
  ( 16.91666667,  -3.88906261)
  ( 17.00000000,  -3.83890339)
  ( 17.08333333,  -3.77947932)
  ( 17.16666667,  -3.71089704)
  ( 17.25000000,  -3.63335291)
  ( 17.33333333,  -3.54700462)
  ( 17.41666667,  -3.45204169)
  ( 17.50000000,  -3.34889581)
  ( 17.58333333,  -3.23788157)
  ( 17.66666667,  -3.11930731)
  ( 17.75000000,  -2.99349897)
  ( 17.83333333,  -2.86062132)
  ( 17.91666667,  -2.72093653)
  ( 18.00000000,  -2.57486579)
  ( 18.08333333,  -2.42277175)
  ( 18.16666667,  -2.26499271)
  ( 18.25000000,  -2.10206781)
  ( 18.33333333,  -1.93434136)
  ( 18.41666667,  -1.76221477)
  ( 18.50000000,  -1.58621652)
  ( 18.58333333,  -1.40669205)
  ( 18.66666667,  -1.22414684)
  ( 18.75000000,  -1.03897556)
  ( 18.83333333,  -0.85177052)
  ( 18.91666667,  -0.66285414)
  ( 19.00000000,  -0.47264404)
  ( 19.08333333,  -0.28163031)
  ( 19.16666667,  -0.09034855)
  ( 19.25000000,   0.10085257)
  ( 19.33333333,   0.29147907)
  ( 19.41666667,   0.48085596)
  ( 19.50000000,   0.66879764)
  ( 19.58333333,   0.85470442)
  ( 19.66666667,   1.03807870)
  ( 19.75000000,   1.21848488)
  ( 19.83333333,   1.39557044)
  ( 19.91666667,   1.56883756)
  ( 20.00000000,   1.73801565)
  ( 20.08333333,   1.90254928)
  ( 20.16666667,   2.06217243)
  ( 20.25000000,   2.21661586)
  ( 20.33333333,   2.36522638)
  ( 20.41666667,   2.50773578)
  ( 20.50000000,   2.64403769)
  ( 20.58333333,   2.77369173)
  ( 20.66666667,   2.89631578)
  ( 20.75000000,   3.01184233)
  ( 20.83333333,   3.12003395)
  ( 20.91666667,   3.22042320)
  ( 21.00000000,   3.31284101)
  ( 21.08333333,   3.39711496)
  ( 21.16666667,   3.47311934)
  ( 21.25000000,   3.54066116)
  ( 21.33333333,   3.59965842)
  ( 21.41666667,   3.64995391)
  ( 21.50000000,   3.69138216)
  ( 21.58333333,   3.72387691)
  ( 21.66666667,   3.74739343)
  ( 21.75000000,   3.76197524)
  ( 21.83333333,   3.76760782)
  ( 21.91666667,   3.76443397)
  ( 22.00000000,   3.75218620)
  ( 22.08333333,   3.73123793)
  ( 22.16666667,   3.70159726)
  ( 22.25000000,   3.66319692)
  ( 22.33333333,   3.61621563)
  ( 22.41666667,   3.56083829)
  ( 22.50000000,   3.49716458)
  ( 22.58333333,   3.42541984)
  ( 22.66666667,   3.34599686)
  ( 22.75000000,   3.25888748)
  ( 22.83333333,   3.16430300)
  ( 22.91666667,   3.06267205)
  ( 23.00000000,   2.95431326)
  ( 23.08333333,   2.83936323)
  ( 23.16666667,   2.71795216)
  ( 23.25000000,   2.59054838)
  ( 23.33333333,   2.45740311)
  ( 23.41666667,   2.31887547)
  ( 23.50000000,   2.17543031)
  ( 23.58333333,   2.02747999)
  ( 23.66666667,   1.87532564)
  ( 23.75000000,   1.71918112)
  ( 23.83333333,   1.55946165)
  ( 23.91666667,   1.39665918)
  ( 24.00000000,   1.23117782)
  ( 24.08333333,   1.06333272)
  ( 24.16666667,   0.89361090)
  ( 24.25000000,   0.72252114)
  ( 24.33333333,   0.55046922)
  ( 24.41666667,   0.37764747)
  ( 24.50000000,   0.20462830)
  ( 24.58333333,   0.03189591)
  ( 24.66666667,  -0.14012160)
  ( 24.75000000,  -0.31105740)
  ( 24.83333333,  -0.48053332)
  ( 24.91666667,  -0.64821262)
  ( 25.00000000,  -0.81350679)
  ( 25.08333333,  -0.97612154)
  ( 25.16666667,  -1.13573981)
  ( 25.25000000,  -1.29197678)
  ( 25.33333333,  -1.44443108)
  ( 25.41666667,  -1.59273402)
  ( 25.50000000,  -1.73658284)
  ( 25.58333333,  -1.87561313)
  ( 25.66666667,  -2.00958761)
  ( 25.75000000,  -2.13818193)
  ( 25.83333333,  -2.26115426)
  ( 25.91666667,  -2.37813832)
  ( 26.00000000,  -2.48893864)
  ( 26.08333333,  -2.59328765)
  ( 26.16666667,  -2.69093230)
  ( 26.25000000,  -2.78183563)
  ( 26.33333333,  -2.86577630)
  ( 26.41666667,  -2.94242775)
  ( 26.50000000,  -3.01166903)
  ( 26.58333333,  -3.07343647)
  ( 26.66666667,  -3.12754517)
  ( 26.75000000,  -3.17404436)
  ( 26.83333333,  -3.21257359)
  ( 26.91666667,  -3.24318495)
  ( 27.00000000,  -3.26606050)
  ( 27.08333333,  -3.28112064)
  ( 27.16666667,  -3.28822689)
  ( 27.25000000,  -3.28748494)
  ( 27.33333333,  -3.27896957)
  ( 27.41666667,  -3.26265456)
  ( 27.50000000,  -3.23855056)
  ( 27.58333333,  -3.20683918)
  ( 27.66666667,  -3.16762801)
  ( 27.75000000,  -3.12120242)
  ( 27.83333333,  -3.06758393)
  ( 27.91666667,  -3.00704499)
  ( 28.00000000,  -2.93966724)
  ( 28.08333333,  -2.86573053)
  ( 28.16666667,  -2.78545984)
  ( 28.25000000,  -2.69891403)
  ( 28.33333333,  -2.60650448)
  ( 28.41666667,  -2.50853705)
  ( 28.50000000,  -2.40513374)
  ( 28.58333333,  -2.29670992)
  ( 28.66666667,  -2.18352114)
  ( 28.75000000,  -2.06593044)
  ( 28.83333333,  -1.94423615)
  ( 28.91666667,  -1.81872873)
  ( 29.00000000,  -1.68955167)
  ( 29.08333333,  -1.55717629)
  ( 29.16666667,  -1.42202230)
  ( 29.25000000,  -1.28441869)
  ( 29.33333333,  -1.14460685)
  ( 29.41666667,  -1.00302480)
  ( 29.50000000,  -0.86008786)
  ( 29.58333333,  -0.71595439)
  ( 29.66666667,  -0.57121024)
  ( 29.75000000,  -0.42599409)
  ( 29.83333333,  -0.28077628)
  ( 29.91666667,  -0.13582940)
  ( 30.00000000,   0.00835417)
  ( 30.08333333,   0.15145755)
  ( 30.16666667,   0.29318551)
  ( 30.25000000,   0.43313272)
  ( 30.33333333,   0.57113706)
  ( 30.41666667,   0.70689731)
  ( 30.50000000,   0.84023249)
  ( 30.58333333,   0.97052283)
  ( 30.66666667,   1.09758091)
  ( 30.75000000,   1.22107623)
  ( 30.83333333,   1.34081917)
  ( 30.91666667,   1.45648534)
  ( 31.00000000,   1.56800148)
  ( 31.08333333,   1.67501271)
  ( 31.16666667,   1.77735365)
  ( 31.25000000,   1.87472226)
  ( 31.33333333,   1.96687774)
  ( 31.41666667,   2.05371397)
  ( 31.50000000,   2.13516695)
  ( 31.58333333,   2.21103092)
  ( 31.66666667,   2.28127576)
  ( 31.75000000,   2.34563934)
  ( 31.83333333,   2.40398899)
  ( 31.91666667,   2.45629790)
  ( 32.00000000,   2.50252069)
  ( 32.08333333,   2.54249165)
  ( 32.16666667,   2.57622761)
  ( 32.25000000,   2.60377417)
  ( 32.33333333,   2.62510235)
  ( 32.41666667,   2.64016856)
  ( 32.50000000,   2.64881499)
  ( 32.58333333,   2.65126823)
  ( 32.66666667,   2.64744575)
  ( 32.75000000,   2.63740452)
  ( 32.83333333,   2.62117153)
  ( 32.91666667,   2.59911627)
  ( 33.00000000,   2.57113906)
  ( 33.08333333,   2.53746346)
  ( 33.16666667,   2.49810940)
  ( 33.25000000,   2.45327718)
  ( 33.33333333,   2.40307635)
  ( 33.41666667,   2.34765465)
  ( 33.50000000,   2.28710460)
  ( 33.58333333,   2.22173265)
  ( 33.66666667,   2.15180163)
  ( 33.75000000,   2.07744115)
  ( 33.83333333,   1.99885244)
  ( 33.91666667,   1.91632950)
  ( 34.00000000,   1.83012381)
  ( 34.08333333,   1.74030172)
  ( 34.16666667,   1.64727975)
  ( 34.25000000,   1.55130825)
  ( 34.33333333,   1.45267310)
  ( 34.41666667,   1.35155254)
  ( 34.50000000,   1.24823702)
  ( 34.58333333,   1.14302697)
  ( 34.66666667,   1.03605213)
  ( 34.75000000,   0.92769343)
  ( 34.83333333,   0.81821062)
  ( 34.91666667,   0.70796881)
  ( 35.00000000,   0.59721637)
  ( 35.08333333,   0.48611636)
  ( 35.16666667,   0.37499861)
  ( 35.25000000,   0.26405186)
  ( 35.33333333,   0.15361181)
  ( 35.41666667,   0.04383377)
  ( 35.50000000,  -0.06494639)
  ( 35.58333333,  -0.17251172)
  ( 35.66666667,  -0.27855883)
  ( 35.75000000,  -0.38289411)
  ( 35.83333333,  -0.48530512)
  ( 35.91666667,  -0.58555254)
  ( 36.00000000,  -0.68341482)
  ( 36.08333333,  -0.77869270)
  ( 36.16666667,  -0.87112659)
  ( 36.25000000,  -0.96061790)
  ( 36.33333333,  -1.04710828)
  ( 36.41666667,  -1.13016705)
  ( 36.50000000,  -1.20974517)
  ( 36.58333333,  -1.28581579)
  ( 36.66666667,  -1.35814737)
  ( 36.75000000,  -1.42665749)
  ( 36.83333333,  -1.49110540)
  ( 36.91666667,  -1.55138485)
  ( 37.00000000,  -1.60752680)
  ( 37.08333333,  -1.65924339)
  ( 37.16666667,  -1.70660296)
  ( 37.25000000,  -1.74952456)
  ( 37.33333333,  -1.78802640)
  ( 37.41666667,  -1.82212445)
  ( 37.50000000,  -1.85158932)
  ( 37.58333333,  -1.87648550)
  ( 37.66666667,  -1.89690629)
  ( 37.75000000,  -1.91284362)
  ( 37.83333333,  -1.92431632)
  ( 37.91666667,  -1.93133367)
  ( 38.00000000,  -1.93405231)
  ( 38.08333333,  -1.93239000)
  ( 38.16666667,  -1.92637704)
  ( 38.25000000,  -1.91613997)
  ( 38.33333333,  -1.90163652)
  ( 38.41666667,  -1.88308161)
  ( 38.50000000,  -1.86048821)
  ( 38.58333333,  -1.83399356)
  ( 38.66666667,  -1.80380494)
  ( 38.75000000,  -1.76999567)
  ( 38.83333333,  -1.73270066)
  ( 38.91666667,  -1.69211460)
  ( 39.00000000,  -1.64822640)
  ( 39.08333333,  -1.60132603)
  ( 39.16666667,  -1.55165262)
  ( 39.25000000,  -1.49910290)
  ( 39.33333333,  -1.44385945)
  ( 39.41666667,  -1.38628015)
  ( 39.50000000,  -1.32650354)
  ( 39.58333333,  -1.26482581)
  ( 39.66666667,  -1.20131816)
  ( 39.75000000,  -1.13611001)
  ( 39.83333333,  -1.06941047)
  ( 39.91666667,  -1.00147642)
  ( 40.00000000,  -0.93234210)
  ( 40.08333333,  -0.86230758)
  ( 40.16666667,  -0.79155258)
  ( 40.25000000,  -0.72010587)
  ( 40.33333333,  -0.64841842)
  ( 40.41666667,  -0.57644233)
  ( 40.50000000,  -0.50444037)
  ( 40.58333333,  -0.43267110)
  ( 40.66666667,  -0.36128909)
  ( 40.75000000,  -0.29025939)
  ( 40.83333333,  -0.22003104)
  ( 40.91666667,  -0.15062511)
  ( 41.00000000,  -0.08212221)
  ( 41.08333333,  -0.01475479)
  ( 41.16666667,   0.05150356)
  ( 41.25000000,   0.11630023)
  ( 41.33333333,   0.17950182)
  ( 41.41666667,   0.24107351)
  ( 41.50000000,   0.30094533)
  ( 41.58333333,   0.35906067)
  ( 41.66666667,   0.41517422)
  ( 41.75000000,   0.46914351)
  ( 41.83333333,   0.52087823)
  ( 41.91666667,   0.57051561)
  ( 42.00000000,   0.61798014)
  ( 42.08333333,   0.66318523)
  ( 42.16666667,   0.70587427)
  ( 42.25000000,   0.74602767)
  ( 42.33333333,   0.78372838)
  ( 42.41666667,   0.81887781)
  ( 42.50000000,   0.85144352)
  ( 42.58333333,   0.88138351)
  ( 42.66666667,   0.90877328)
  ( 42.75000000,   0.93346957)
  ( 42.83333333,   0.95555415)
  ( 42.91666667,   0.97509829)
  ( 43.00000000,   0.99211449)
  ( 43.08333333,   1.00650207)
  ( 43.16666667,   1.01844617)
  ( 43.25000000,   1.02793394)
  ( 43.33333333,   1.03495806)
  ( 43.41666667,   1.03966975)
  ( 43.50000000,   1.04194795)
  ( 43.58333333,   1.04186237)
  ( 43.66666667,   1.03965032)
  ( 43.75000000,   1.03551277)
  ( 43.83333333,   1.02917357)
  ( 43.91666667,   1.02087099)
  ( 44.00000000,   1.01064375)
  ( 44.08333333,   0.99864334)
  ( 44.16666667,   0.98493560)
  ( 44.25000000,   0.96966112)
  ( 44.33333333,   0.95280769)
  ( 44.41666667,   0.93441951)
  ( 44.50000000,   0.91457871)
  ( 44.58333333,   0.89360868)
  ( 44.66666667,   0.87142150)
  ( 44.75000000,   0.84820101)
  ( 44.83333333,   0.82399837)
  ( 44.91666667,   0.79882043)
  ( 45.00000000,   0.77276523)
  ( 45.08333333,   0.74609850)
  ( 45.16666667,   0.71878400)
  ( 45.25000000,   0.69084942)
  ( 45.33333333,   0.66255429)
  ( 45.41666667,   0.63400142)
  ( 45.50000000,   0.60520561)
  ( 45.58333333,   0.57620675)
  ( 45.66666667,   0.54711787)
  ( 45.75000000,   0.51790978)
  ( 45.83333333,   0.48910030)
  ( 45.91666667,   0.46045360)
  ( 46.00000000,   0.43191391)
  ( 46.08333333,   0.40365459)
  ( 46.16666667,   0.37564466)
  ( 46.25000000,   0.34792265)
  ( 46.33333333,   0.32067698)
  ( 46.41666667,   0.29395219)
  ( 46.50000000,   0.26766349)
  ( 46.58333333,   0.24188653)
  ( 46.66666667,   0.21677963)
  ( 46.75000000,   0.19228828)
  ( 46.83333333,   0.16851184)
  ( 46.91666667,   0.14532698)
  ( 47.00000000,   0.12272175)
  ( 47.08333333,   0.10091443)
  ( 47.16666667,   0.07973422)
  ( 47.25000000,   0.05926440)
  ( 47.33333333,   0.03941876)
  ( 47.41666667,   0.02027367)
  ( 47.50000000,   0.00178851)
  ( 47.58333333,  -0.01608181)
  ( 47.66666667,  -0.03331695)
  ( 47.75000000,  -0.04990701)
  ( 47.83333333,  -0.06588719)
  ( 47.91666667,  -0.08122706)
  ( 48.00000000,  -0.09601491)
  ( 48.08333333,  -0.11030216)
  ( 48.16666667,  -0.12410629)
  ( 48.25000000,  -0.13744198)
  ( 48.33333333,  -0.15029995)
  ( 48.41666667,  -0.16274407)
  ( 48.50000000,  -0.17480202)
  ( 48.58333333,  -0.18645613)
  ( 48.66666667,  -0.19787893)
  ( 48.75000000,  -0.20917118)
  ( 48.83333333,  -0.22032659)
  ( 48.91666667,  -0.23115896)
  ( 49.00000000,  -0.24188176)
  ( 49.08333333,  -0.25258940)
  ( 49.16666667,  -0.26327692)
  ( 49.25000000,  -0.27388822)
  ( 49.33333333,  -0.28452533)
  ( 49.41666667,  -0.29534520)
  ( 49.50000000,  -0.30628045)
  ( 49.58333333,  -0.31741981)
  ( 49.66666667,  -0.32864698)
  ( 49.75000000,  -0.34000297)
  ( 49.83333333,  -0.35165354)
  ( 49.91666667,  -0.36364427)
  ( 50.00000000,  -0.37582707)
  ( 50.08333333,  -0.38821628)
  ( 50.16666667,  -0.40089174)
  ( 50.25000000,  -0.41382345)
  ( 50.33333333,  -0.42712368)
  ( 50.41666667,  -0.44071363)
  ( 50.50000000,  -0.45451502)
  ( 50.58333333,  -0.46881062)
  ( 50.66666667,  -0.48340056)
  ( 50.75000000,  -0.49831958)
  ( 50.83333333,  -0.51355851)
  ( 50.91666667,  -0.52895364)
  ( 51.00000000,  -0.54459267)
  ( 51.08333333,  -0.56043952)
  ( 51.16666667,  -0.57644131)
  ( 51.25000000,  -0.59263720)
  ( 51.33333333,  -0.60904298)
  ( 51.41666667,  -0.62537981)
  ( 51.50000000,  -0.64191433)
  ( 51.58333333,  -0.65845152)
  ( 51.66666667,  -0.67496772)
  ( 51.75000000,  -0.69135814)
  ( 51.83333333,  -0.70753087)
  ( 51.91666667,  -0.72339276)
  ( 52.00000000,  -0.73907328)
  ( 52.08333333,  -0.75447288)
  ( 52.16666667,  -0.76933356)
  ( 52.25000000,  -0.78366211)
  ( 52.33333333,  -0.79736382)
  ( 52.41666667,  -0.81058232)
  ( 52.50000000,  -0.82324866)
  ( 52.58333333,  -0.83502921)
  ( 52.66666667,  -0.84596833)
  ( 52.75000000,  -0.85600588)
  ( 52.83333333,  -0.86506241)
  ( 52.91666667,  -0.87295603)
  ( 53.00000000,  -0.87974999)
  ( 53.08333333,  -0.88530486)
  ( 53.16666667,  -0.88967776)
  ( 53.25000000,  -0.89278671)
  ( 53.33333333,  -0.89449871)
  ( 53.41666667,  -0.89473169)
  ( 53.50000000,  -0.89336605)
  ( 53.58333333,  -0.89043469)
  ( 53.66666667,  -0.88598980)
  ( 53.75000000,  -0.87974571)
  ( 53.83333333,  -0.87172607)
  ( 53.91666667,  -0.86181750)
  ( 54.00000000,  -0.84996161)
  ( 54.08333333,  -0.83614297)
  ( 54.16666667,  -0.82043167)
  ( 54.25000000,  -0.80274997)
  ( 54.33333333,  -0.78299754)
  ( 54.41666667,  -0.76117553)
  ( 54.50000000,  -0.73720005)
  ( 54.58333333,  -0.71115336)
  ( 54.66666667,  -0.68299839)
  ( 54.75000000,  -0.65281604)
  ( 54.83333333,  -0.62054489)
  ( 54.91666667,  -0.58626356)
  ( 55.00000000,  -0.54991499)
  ( 55.08333333,  -0.51142614)
  ( 55.16666667,  -0.47078831)
  ( 55.25000000,  -0.42819865)
  ( 55.33333333,  -0.38384954)
  ( 55.41666667,  -0.33752679)
  ( 55.50000000,  -0.28933199)
  ( 55.58333333,  -0.23956329)
  ( 55.66666667,  -0.18824717)
  ( 55.75000000,  -0.13547315)
  ( 55.83333333,  -0.08106771)
  ( 55.91666667,  -0.02531302)
  ( 56.00000000,   0.03158841)
  ( 56.08333333,   0.08959673)
  ( 56.16666667,   0.14865071)
  ( 56.25000000,   0.20863450)
  ( 56.33333333,   0.26928595)
  ( 56.41666667,   0.33060529)
  ( 56.50000000,   0.39249571)
  ( 56.58333333,   0.45490038)
  ( 56.66666667,   0.51757646)
  ( 56.75000000,   0.58031227)
  ( 56.83333333,   0.64309840)
  ( 56.91666667,   0.70562971)
  ( 57.00000000,   0.76772213)
  ( 57.08333333,   0.82925091)
  ( 57.16666667,   0.89000127)
  ( 57.25000000,   0.94978760)
  ( 57.33333333,   1.00858139)
  ( 57.41666667,   1.06618656)
  ( 57.50000000,   1.12233252)
  ( 57.58333333,   1.17695904)
  ( 57.66666667,   1.22983056)
  ( 57.75000000,   1.28089669)
  ( 57.83333333,   1.32995997)
  ( 57.91666667,   1.37684339)
  ( 58.00000000,   1.42139381)
  ( 58.08333333,   1.46331303)
  ( 58.16666667,   1.50252111)
  ( 58.25000000,   1.53888655)
  ( 58.33333333,   1.57221482)
  ( 58.41666667,   1.60227298)
  ( 58.50000000,   1.62908483)
  ( 58.58333333,   1.65253812)
  ( 58.66666667,   1.67244755)
  ( 58.75000000,   1.68889727)
  ( 58.83333333,   1.70154488)
  ( 58.91666667,   1.71036716)
  ( 59.00000000,   1.71539604)
  ( 59.08333333,   1.71639120)
  ( 59.16666667,   1.71329434)
  ( 59.25000000,   1.70612484)
  ( 59.33333333,   1.69470768)
  ( 59.41666667,   1.67908638)
  ( 59.50000000,   1.65918980)
  ( 59.58333333,   1.63508641)
  ( 59.66666667,   1.60674721)
  ( 59.75000000,   1.57414103)
  ( 59.83333333,   1.53725945)
  ( 59.91666667,   1.49637204)
  ( 60.00000000,   1.45142363)
  ( 60.08333333,   1.40239933)
  ( 60.16666667,   1.34918879)
  ( 60.25000000,   1.29186703)
  ( 60.33333333,   1.23065763)
  ( 60.41666667,   1.16568613)
  ( 60.50000000,   1.09707172)
  ( 60.58333333,   1.02489016)
  ( 60.66666667,   0.94936081)
  ( 60.75000000,   0.87053642)
  ( 60.83333333,   0.78874024)
  ( 60.91666667,   0.70403166)
  ( 61.00000000,   0.61641142)
  ( 61.08333333,   0.52610424)
  ( 61.16666667,   0.43336282)
  ( 61.25000000,   0.33837900)
  ( 61.33333333,   0.24139173)
  ( 61.41666667,   0.14246625)
  ( 61.50000000,   0.04192427)
  ( 61.58333333,  -0.06009662)
  ( 61.66666667,  -0.16336043)
  ( 61.75000000,  -0.26757636)
  ( 61.83333333,  -0.37250002)
  ( 61.91666667,  -0.47784674)
  ( 62.00000000,  -0.58336023)
  ( 62.08333333,  -0.68865204)
  ( 62.16666667,  -0.79371097)
  ( 62.25000000,  -0.89825232)
  ( 62.33333333,  -1.00203393)
  ( 62.41666667,  -1.10476232)
  ( 62.50000000,  -1.20633194)
  ( 62.58333333,  -1.30634472)
  ( 62.66666667,  -1.40461888)
  ( 62.75000000,  -1.50077829)
  ( 62.83333333,  -1.59438578)
  ( 62.91666667,  -1.68536280)
  ( 63.00000000,  -1.77355725)
  ( 63.08333333,  -1.85874341)
  ( 63.16666667,  -1.94057480)
  ( 63.25000000,  -2.01883814)
  ( 63.33333333,  -2.09323363)
  ( 63.41666667,  -2.16375496)
  ( 63.50000000,  -2.23008538)
  ( 63.58333333,  -2.29203340)
  ( 63.66666667,  -2.34927588)
  ( 63.75000000,  -2.40193795)
  ( 63.83333333,  -2.44970883)
  ( 63.91666667,  -2.49238433)
  ( 64.00000000,  -2.52964116)
  ( 64.08333333,  -2.56143450)
  ( 64.16666667,  -2.58750053)
  ( 64.25000000,  -2.60789554)
  ( 64.33333333,  -2.62248292)
  ( 64.41666667,  -2.63124235)
  ( 64.50000000,  -2.63410035)
  ( 64.58333333,  -2.63102732)
  ( 64.66666667,  -2.62204689)
  ( 64.75000000,  -2.60698591)
  ( 64.83333333,  -2.58582865)
  ( 64.91666667,  -2.55844647)
  ( 65.00000000,  -2.52500146)
  ( 65.08333333,  -2.48547261)
  ( 65.16666667,  -2.44002183)
  ( 65.25000000,  -2.38849626)
  ( 65.33333333,  -2.33103095)
  ( 65.41666667,  -2.26781831)
  ( 65.50000000,  -2.19894421)
  ( 65.58333333,  -2.12443768)
  ( 65.66666667,  -2.04457452)
  ( 65.75000000,  -1.95946802)
  ( 65.83333333,  -1.86931569)
  ( 65.91666667,  -1.77427658)
  ( 66.00000000,  -1.67451781)
  ( 66.08333333,  -1.57007666)
  ( 66.16666667,  -1.46112393)
  ( 66.25000000,  -1.34795605)
  ( 66.33333333,  -1.23083929)
  ( 66.41666667,  -1.11018451)
  ( 66.50000000,  -0.98618716)
  ( 66.58333333,  -0.85913674)
  ( 66.66666667,  -0.72909135)
  ( 66.75000000,  -0.59659812)
  ( 66.83333333,  -0.46175500)
  ( 66.91666667,  -0.32503028)
  ( 67.00000000,  -0.18653288)
  ( 67.08333333,  -0.04676223)
  ( 67.16666667,   0.09388898)
  ( 67.25000000,   0.23517578)
  ( 67.33333333,   0.37691768)
  ( 67.41666667,   0.51864957)
  ( 67.50000000,   0.66006791)
  ( 67.58333333,   0.80090097)
  ( 67.66666667,   0.94059453)
  ( 67.75000000,   1.07881777)
  ( 67.83333333,   1.21534289)
  ( 67.91666667,   1.34989038)
  ( 68.00000000,   1.48217784)
  ( 68.08333333,   1.61170283)
  ( 68.16666667,   1.73818384)
  ( 68.25000000,   1.86131229)
  ( 68.33333333,   1.98081114)
  ( 68.41666667,   2.09636156)
  ( 68.50000000,   2.20745148)
  ( 68.58333333,   2.31396002)
  ( 68.66666667,   2.41557801)
  ( 68.75000000,   2.51210685)
  ( 68.83333333,   2.60310632)
  ( 68.91666667,   2.68840951)
  ( 69.00000000,   2.76792929)
  ( 69.08333333,   2.84133048)
  ( 69.16666667,   2.90852613)
  ( 69.25000000,   2.96916514)
  ( 69.33333333,   3.02311785)
  ( 69.41666667,   3.07020789)
  ( 69.50000000,   3.11025910)
  ( 69.58333333,   3.14312171)
  ( 69.66666667,   3.16875963)
  ( 69.75000000,   3.18699331)
  ( 69.83333333,   3.19775103)
  ( 69.91666667,   3.20097719)
  ( 70.00000000,   3.19677296)
  ( 70.08333333,   3.18493755)
  ( 70.16666667,   3.16552147)
  ( 70.25000000,   3.13848963)
  ( 70.33333333,   3.10400328)
  ( 70.41666667,   3.06193717)
  ( 70.50000000,   3.01234679)
  ( 70.58333333,   2.95533604)
  ( 70.66666667,   2.89112042)
  ( 70.75000000,   2.81955407)
  ( 70.83333333,   2.74097747)
  ( 70.91666667,   2.65543832)
  ( 71.00000000,   2.56314221)
  ( 71.08333333,   2.46428389)
  ( 71.16666667,   2.35926776)
  ( 71.25000000,   2.24823306)
  ( 71.33333333,   2.13148585)
  ( 71.41666667,   2.00901928)
  ( 71.50000000,   1.88119088)
  ( 71.58333333,   1.74827584)
  ( 71.66666667,   1.61060742)
  ( 71.75000000,   1.46841147)
  ( 71.83333333,   1.32219611)
  ( 71.91666667,   1.17214541)
  ( 72.00000000,   1.01871097)
  ( 72.08333333,   0.86226261)
  ( 72.16666667,   0.70307693)
  ( 72.25000000,   0.54144138)
  ( 72.33333333,   0.37788012)
  ( 72.41666667,   0.21269494)
  ( 72.50000000,   0.04641398)
  ( 72.58333333,  -0.12082858)
  ( 72.66666667,  -0.28850585)
  ( 72.75000000,  -0.45622052)
  ( 72.83333333,  -0.62364131)
  ( 72.91666667,  -0.79037156)
  ( 73.00000000,  -0.95594145)
  ( 73.08333333,  -1.11991778)
  ( 73.16666667,  -1.28202421)
  ( 73.25000000,  -1.44167860)
  ( 73.33333333,  -1.59864781)
  ( 73.41666667,  -1.75245757)
  ( 73.50000000,  -1.90260042)
  ( 73.58333333,  -2.04886071)
  ( 73.66666667,  -2.19092788)
  ( 73.75000000,  -2.32846331)
  ( 73.83333333,  -2.46103838)
  ( 73.91666667,  -2.58829996)
  ( 74.00000000,  -2.70996185)
  ( 74.08333333,  -2.82582982)
  ( 74.16666667,  -2.93568589)
  ( 74.25000000,  -3.03891758)
  ( 74.33333333,  -3.13541234)
  ( 74.41666667,  -3.22501310)
  ( 74.50000000,  -3.30739794)
  ( 74.58333333,  -3.38245565)
  ( 74.66666667,  -3.44989015)
  ( 74.75000000,  -3.50954825)
  ( 74.83333333,  -3.56121764)
  ( 74.91666667,  -3.60480092)
  ( 75.00000000,  -3.64008211)
  ( 75.08333333,  -3.66711256)
  ( 75.16666667,  -3.68571256)
  ( 75.25000000,  -3.69586648)
  ( 75.33333333,  -3.69739686)
  ( 75.41666667,  -3.69051069)
  ( 75.50000000,  -3.67511639)
  ( 75.58333333,  -3.65107857)
  ( 75.66666667,  -3.61835586)
  ( 75.75000000,  -3.57709945)
  ( 75.83333333,  -3.52737249)
  ( 75.91666667,  -3.46939770)
  ( 76.00000000,  -3.40311552)
  ( 76.08333333,  -3.32879308)
  ( 76.16666667,  -3.24661769)
  ( 76.25000000,  -3.15668591)
  ( 76.33333333,  -3.05924869)
  ( 76.41666667,  -2.95439433)
  ( 76.50000000,  -2.84239117)
  ( 76.58333333,  -2.72362331)
  ( 76.66666667,  -2.59855015)
  ( 76.75000000,  -2.46705883)
  ( 76.83333333,  -2.32960243)
  ( 76.91666667,  -2.18630525)
  ( 77.00000000,  -2.03758148)
  ( 77.08333333,  -1.88385401)
  ( 77.16666667,  -1.72544457)
  ( 77.25000000,  -1.56269195)
  ( 77.33333333,  -1.39610244)
  ( 77.41666667,  -1.22611587)
  ( 77.50000000,  -1.05287913)
  ( 77.58333333,  -0.87700567)
  ( 77.66666667,  -0.69879139)
  ( 77.75000000,  -0.51856949)
  ( 77.83333333,  -0.33680188)
  ( 77.91666667,  -0.15389732)
  ( 78.00000000,   0.02980757)
  ( 78.08333333,   0.21366084)
  ( 78.16666667,   0.39741907)
  ( 78.25000000,   0.58052890)
  ( 78.33333333,   0.76253492)
  ( 78.41666667,   0.94319760)
  ( 78.50000000,   1.12187192)
  ( 78.58333333,   1.29804383)
  ( 78.66666667,   1.47145286)
  ( 78.75000000,   1.64169118)
  ( 78.83333333,   1.80831451)
  ( 78.91666667,   1.97099648)
  ( 79.00000000,   2.12939125)
  ( 79.08333333,   2.28312550)
  ( 79.16666667,   2.43178032)
  ( 79.25000000,   2.57493004)
  ( 79.33333333,   2.71225930)
  ( 79.41666667,   2.84361549)
  ( 79.50000000,   2.96833890)
  ( 79.58333333,   3.08623924)
  ( 79.66666667,   3.19705007)
  ( 79.75000000,   3.30045015)
  ( 79.83333333,   3.39620770)
  ( 79.91666667,   3.48409354)
  ( 80.00000000,   3.56397452)
  ( 80.08333333,   3.63571469)
  ( 80.16666667,   3.69907244)
  ( 80.25000000,   3.75377443)
  ( 80.33333333,   3.79991305)
  ( 80.41666667,   3.83729360)
  ( 80.50000000,   3.86570959)
  ( 80.58333333,   3.88507429)
  ( 80.66666667,   3.89532249)
  ( 80.75000000,   3.89644866)
  ( 80.83333333,   3.88841903)
  ( 80.91666667,   3.87134782)
  ( 81.00000000,   3.84514121)
  ( 81.08333333,   3.80993096)
  ( 81.16666667,   3.76566725)
  ( 81.25000000,   3.71253862)
  ( 81.33333333,   3.65066513)
  ( 81.41666667,   3.58033731)
  ( 81.50000000,   3.50157189)
  ( 81.58333333,   3.41456653)
  ( 81.66666667,   3.31939116)
  ( 81.75000000,   3.21652621)
  ( 81.83333333,   3.10616782)
  ( 81.91666667,   2.98849077)
  ( 82.00000000,   2.86373829)
  ( 82.08333333,   2.73214401)
  ( 82.16666667,   2.59412831)
  ( 82.25000000,   2.45003278)
  ( 82.33333333,   2.30016465)
  ( 82.41666667,   2.14478733)
  ( 82.50000000,   1.98429698)
  ( 82.58333333,   1.81915200)
  ( 82.66666667,   1.64971827)
  ( 82.75000000,   1.47640990)
  ( 82.83333333,   1.29955996)
  ( 82.91666667,   1.11961425)
  ( 83.00000000,   0.93712665)
  ( 83.08333333,   0.75237515)
  ( 83.16666667,   0.56583629)
  ( 83.25000000,   0.37796927)
  ( 83.33333333,   0.18922599)
  ( 83.41666667,  -0.00000000)
  ( 83.50000000,  -0.18922599)
  ( 83.58333333,  -0.37796927)
  ( 83.66666667,  -0.56583629)
  ( 83.75000000,  -0.75237515)
  ( 83.83333333,  -0.93712665)
  ( 83.91666667,  -1.11961425)
  ( 84.00000000,  -1.29955996)
  ( 84.08333333,  -1.47640990)
  ( 84.16666667,  -1.64971827)
  ( 84.25000000,  -1.81915200)
  ( 84.33333333,  -1.98429698)
  ( 84.41666667,  -2.14478733)
  ( 84.50000000,  -2.30016465)
  ( 84.58333333,  -2.45003278)
  ( 84.66666667,  -2.59412831)
  ( 84.75000000,  -2.73214401)
  ( 84.83333333,  -2.86373829)
  ( 84.91666667,  -2.98849077)
  ( 85.00000000,  -3.10616782)
  ( 85.08333333,  -3.21652621)
  ( 85.16666667,  -3.31939116)
  ( 85.25000000,  -3.41456653)
  ( 85.33333333,  -3.50157189)
  ( 85.41666667,  -3.58033731)
  ( 85.50000000,  -3.65066513)
  ( 85.58333333,  -3.71253862)
  ( 85.66666667,  -3.76566725)
  ( 85.75000000,  -3.80993096)
  ( 85.83333333,  -3.84514121)
  ( 85.91666667,  -3.87134782)
  ( 86.00000000,  -3.88841903)
  ( 86.08333333,  -3.89644866)
  ( 86.16666667,  -3.89532249)
  ( 86.25000000,  -3.88507429)
  ( 86.33333333,  -3.86570959)
  ( 86.41666667,  -3.83729360)
  ( 86.50000000,  -3.79991305)
  ( 86.58333333,  -3.75377443)
  ( 86.66666667,  -3.69907244)
  ( 86.75000000,  -3.63571469)
  ( 86.83333333,  -3.56397452)
  ( 86.91666667,  -3.48409354)
  ( 87.00000000,  -3.39620770)
  ( 87.08333333,  -3.30045015)
  ( 87.16666667,  -3.19705007)
  ( 87.25000000,  -3.08623924)
  ( 87.33333333,  -2.96833890)
  ( 87.41666667,  -2.84361549)
  ( 87.50000000,  -2.71225930)
  ( 87.58333333,  -2.57493004)
  ( 87.66666667,  -2.43178032)
  ( 87.75000000,  -2.28312550)
  ( 87.83333333,  -2.12939125)
  ( 87.91666667,  -1.97099648)
  ( 88.00000000,  -1.80831451)
  ( 88.08333333,  -1.64169118)
  ( 88.16666667,  -1.47145286)
  ( 88.25000000,  -1.29804383)
  ( 88.33333333,  -1.12187192)
  ( 88.41666667,  -0.94319760)
  ( 88.50000000,  -0.76253492)
  ( 88.58333333,  -0.58052890)
  ( 88.66666667,  -0.39741907)
  ( 88.75000000,  -0.21366084)
  ( 88.83333333,  -0.02980757)
  ( 88.91666667,   0.15389732)
  ( 89.00000000,   0.33680188)
  ( 89.08333333,   0.51856949)
  ( 89.16666667,   0.69879139)
  ( 89.25000000,   0.87700567)
  ( 89.33333333,   1.05287913)
  ( 89.41666667,   1.22611587)
  ( 89.50000000,   1.39610244)
  ( 89.58333333,   1.56269195)
  ( 89.66666667,   1.72544457)
  ( 89.75000000,   1.88385401)
  ( 89.83333333,   2.03758148)
  ( 89.91666667,   2.18630525)
  ( 90.00000000,   2.32960243)
  ( 90.08333333,   2.46705883)
  ( 90.16666667,   2.59855015)
  ( 90.25000000,   2.72362331)
  ( 90.33333333,   2.84239117)
  ( 90.41666667,   2.95439433)
  ( 90.50000000,   3.05924869)
  ( 90.58333333,   3.15668591)
  ( 90.66666667,   3.24661769)
  ( 90.75000000,   3.32879308)
  ( 90.83333333,   3.40311552)
  ( 90.91666667,   3.46939770)
  ( 91.00000000,   3.52737249)
  ( 91.08333333,   3.57709945)
  ( 91.16666667,   3.61835586)
  ( 91.25000000,   3.65107857)
  ( 91.33333333,   3.67511639)
  ( 91.41666667,   3.69051069)
  ( 91.50000000,   3.69739686)
  ( 91.58333333,   3.69586648)
  ( 91.66666667,   3.68571256)
  ( 91.75000000,   3.66711256)
  ( 91.83333333,   3.64008211)
  ( 91.91666667,   3.60480092)
  ( 92.00000000,   3.56121764)
  ( 92.08333333,   3.50954825)
  ( 92.16666667,   3.44989015)
  ( 92.25000000,   3.38245565)
  ( 92.33333333,   3.30739794)
  ( 92.41666667,   3.22501310)
  ( 92.50000000,   3.13541234)
  ( 92.58333333,   3.03891758)
  ( 92.66666667,   2.93568589)
  ( 92.75000000,   2.82582982)
  ( 92.83333333,   2.70996185)
  ( 92.91666667,   2.58829996)
  ( 93.00000000,   2.46103838)
  ( 93.08333333,   2.32846331)
  ( 93.16666667,   2.19092788)
  ( 93.25000000,   2.04886071)
  ( 93.33333333,   1.90260042)
  ( 93.41666667,   1.75245757)
  ( 93.50000000,   1.59864781)
  ( 93.58333333,   1.44167860)
  ( 93.66666667,   1.28202421)
  ( 93.75000000,   1.11991778)
  ( 93.83333333,   0.95594145)
  ( 93.91666667,   0.79037156)
  ( 94.00000000,   0.62364131)
  ( 94.08333333,   0.45622052)
  ( 94.16666667,   0.28850585)
  ( 94.25000000,   0.12082858)
  ( 94.33333333,  -0.04641398)
  ( 94.41666667,  -0.21269494)
  ( 94.50000000,  -0.37788012)
  ( 94.58333333,  -0.54144138)
  ( 94.66666667,  -0.70307693)
  ( 94.75000000,  -0.86226261)
  ( 94.83333333,  -1.01871097)
  ( 94.91666667,  -1.17214541)
  ( 95.00000000,  -1.32219611)
  ( 95.08333333,  -1.46841147)
  ( 95.16666667,  -1.61060742)
  ( 95.25000000,  -1.74827584)
  ( 95.33333333,  -1.88119088)
  ( 95.41666667,  -2.00901928)
  ( 95.50000000,  -2.13148585)
  ( 95.58333333,  -2.24823306)
  ( 95.66666667,  -2.35926776)
  ( 95.75000000,  -2.46428389)
  ( 95.83333333,  -2.56314221)
  ( 95.91666667,  -2.65543832)
  ( 96.00000000,  -2.74097747)
  ( 96.08333333,  -2.81955407)
  ( 96.16666667,  -2.89112042)
  ( 96.25000000,  -2.95533604)
  ( 96.33333333,  -3.01234679)
  ( 96.41666667,  -3.06193717)
  ( 96.50000000,  -3.10400328)
  ( 96.58333333,  -3.13848963)
  ( 96.66666667,  -3.16552147)
  ( 96.75000000,  -3.18493755)
  ( 96.83333333,  -3.19677296)
  ( 96.91666667,  -3.20097719)
  ( 97.00000000,  -3.19775103)
  ( 97.08333333,  -3.18699331)
  ( 97.16666667,  -3.16875963)
  ( 97.25000000,  -3.14312171)
  ( 97.33333333,  -3.11025910)
  ( 97.41666667,  -3.07020789)
  ( 97.50000000,  -3.02311785)
  ( 97.58333333,  -2.96916514)
  ( 97.66666667,  -2.90852613)
  ( 97.75000000,  -2.84133048)
  ( 97.83333333,  -2.76792929)
  ( 97.91666667,  -2.68840951)
  ( 98.00000000,  -2.60310632)
  ( 98.08333333,  -2.51210685)
  ( 98.16666667,  -2.41557801)
  ( 98.25000000,  -2.31396002)
  ( 98.33333333,  -2.20745148)
  ( 98.41666667,  -2.09636156)
  ( 98.50000000,  -1.98081114)
  ( 98.58333333,  -1.86131229)
  ( 98.66666667,  -1.73818384)
  ( 98.75000000,  -1.61170283)
  ( 98.83333333,  -1.48217784)
  ( 98.91666667,  -1.34989038)
  ( 99.00000000,  -1.21534289)
  ( 99.08333333,  -1.07881777)
  ( 99.16666667,  -0.94059453)
  ( 99.25000000,  -0.80090097)
  ( 99.33333333,  -0.66006791)
  ( 99.41666667,  -0.51864957)
  ( 99.50000000,  -0.37691768)
  ( 99.58333333,  -0.23517578)
  ( 99.66666667,  -0.09388898)
  ( 99.75000000,   0.04676223)
  ( 99.83333333,   0.18653288)
  ( 99.91666667,   0.32503028)
  (100.00000000,   0.46175500)
  (100.08333333,   0.59659812)
  (100.16666667,   0.72909135)
  (100.25000000,   0.85913674)
  (100.33333333,   0.98618716)
  (100.41666667,   1.11018451)
  (100.50000000,   1.23083929)
  (100.58333333,   1.34795605)
  (100.66666667,   1.46112393)
  (100.75000000,   1.57007666)
  (100.83333333,   1.67451781)
  (100.91666667,   1.77427658)
  (101.00000000,   1.86931569)
  (101.08333333,   1.95946802)
  (101.16666667,   2.04457452)
  (101.25000000,   2.12443768)
  (101.33333333,   2.19894421)
  (101.41666667,   2.26781831)
  (101.50000000,   2.33103095)
  (101.58333333,   2.38849626)
  (101.66666667,   2.44002183)
  (101.75000000,   2.48547261)
  (101.83333333,   2.52500146)
  (101.91666667,   2.55844647)
  (102.00000000,   2.58582865)
  (102.08333333,   2.60698591)
  (102.16666667,   2.62204689)
  (102.25000000,   2.63102732)
  (102.33333333,   2.63410035)
  (102.41666667,   2.63124235)
  (102.50000000,   2.62248292)
  (102.58333333,   2.60789554)
  (102.66666667,   2.58750053)
  (102.75000000,   2.56143450)
  (102.83333333,   2.52964116)
  (102.91666667,   2.49238433)
  (103.00000000,   2.44970883)
  (103.08333333,   2.40193795)
  (103.16666667,   2.34927588)
  (103.25000000,   2.29203340)
  (103.33333333,   2.23008538)
  (103.41666667,   2.16375496)
  (103.50000000,   2.09323363)
  (103.58333333,   2.01883814)
  (103.66666667,   1.94057480)
  (103.75000000,   1.85874341)
  (103.83333333,   1.77355725)
  (103.91666667,   1.68536280)
  (104.00000000,   1.59438578)
  (104.08333333,   1.50077829)
  (104.16666667,   1.40461888)
  (104.25000000,   1.30634472)
  (104.33333333,   1.20633194)
  (104.41666667,   1.10476232)
  (104.50000000,   1.00203393)
  (104.58333333,   0.89825232)
  (104.66666667,   0.79371097)
  (104.75000000,   0.68865204)
  (104.83333333,   0.58336023)
  (104.91666667,   0.47784674)
  (105.00000000,   0.37250002)
  (105.08333333,   0.26757636)
  (105.16666667,   0.16336043)
  (105.25000000,   0.06009662)
  (105.33333333,  -0.04192427)
  (105.41666667,  -0.14246625)
  (105.50000000,  -0.24139173)
  (105.58333333,  -0.33837900)
  (105.66666667,  -0.43336282)
  (105.75000000,  -0.52610424)
  (105.83333333,  -0.61641142)
  (105.91666667,  -0.70403166)
  (106.00000000,  -0.78874024)
  (106.08333333,  -0.87053642)
  (106.16666667,  -0.94936081)
  (106.25000000,  -1.02489016)
  (106.33333333,  -1.09707172)
  (106.41666667,  -1.16568613)
  (106.50000000,  -1.23065763)
  (106.58333333,  -1.29186703)
  (106.66666667,  -1.34918879)
  (106.75000000,  -1.40239933)
  (106.83333333,  -1.45142363)
  (106.91666667,  -1.49637204)
  (107.00000000,  -1.53725945)
  (107.08333333,  -1.57414103)
  (107.16666667,  -1.60674721)
  (107.25000000,  -1.63508641)
  (107.33333333,  -1.65918980)
  (107.41666667,  -1.67908638)
  (107.50000000,  -1.69470768)
  (107.58333333,  -1.70612484)
  (107.66666667,  -1.71329434)
  (107.75000000,  -1.71639120)
  (107.83333333,  -1.71539604)
  (107.91666667,  -1.71036716)
  (108.00000000,  -1.70154488)
  (108.08333333,  -1.68889727)
  (108.16666667,  -1.67244755)
  (108.25000000,  -1.65253812)
  (108.33333333,  -1.62908483)
  (108.41666667,  -1.60227298)
  (108.50000000,  -1.57221482)
  (108.58333333,  -1.53888655)
  (108.66666667,  -1.50252111)
  (108.75000000,  -1.46331303)
  (108.83333333,  -1.42139381)
  (108.91666667,  -1.37684339)
  (109.00000000,  -1.32995997)
  (109.08333333,  -1.28089669)
  (109.16666667,  -1.22983056)
  (109.25000000,  -1.17695904)
  (109.33333333,  -1.12233252)
  (109.41666667,  -1.06618656)
  (109.50000000,  -1.00858139)
  (109.58333333,  -0.94978760)
  (109.66666667,  -0.89000127)
  (109.75000000,  -0.82925091)
  (109.83333333,  -0.76772213)
  (109.91666667,  -0.70562971)
  (110.00000000,  -0.64309840)
  (110.08333333,  -0.58031227)
  (110.16666667,  -0.51757646)
  (110.25000000,  -0.45490038)
  (110.33333333,  -0.39249571)
  (110.41666667,  -0.33060529)
  (110.50000000,  -0.26928595)
  (110.58333333,  -0.20863450)
  (110.66666667,  -0.14865071)
  (110.75000000,  -0.08959673)
  (110.83333333,  -0.03158841)
  (110.91666667,   0.02531302)
  (111.00000000,   0.08106771)
  (111.08333333,   0.13547315)
  (111.16666667,   0.18824717)
  (111.25000000,   0.23956329)
  (111.33333333,   0.28933199)
  (111.41666667,   0.33752679)
  (111.50000000,   0.38384954)
  (111.58333333,   0.42819865)
  (111.66666667,   0.47078831)
  (111.75000000,   0.51142614)
  (111.83333333,   0.54991499)
  (111.91666667,   0.58626356)
  (112.00000000,   0.62054489)
  (112.08333333,   0.65281604)
  (112.16666667,   0.68299839)
  (112.25000000,   0.71115336)
  (112.33333333,   0.73720005)
  (112.41666667,   0.76117553)
  (112.50000000,   0.78299754)
  (112.58333333,   0.80274997)
  (112.66666667,   0.82043167)
  (112.75000000,   0.83614297)
  (112.83333333,   0.84996161)
  (112.91666667,   0.86181750)
  (113.00000000,   0.87172607)
  (113.08333333,   0.87974571)
  (113.16666667,   0.88598980)
  (113.25000000,   0.89043469)
  (113.33333333,   0.89336605)
  (113.41666667,   0.89473169)
  (113.50000000,   0.89449871)
  (113.58333333,   0.89278671)
  (113.66666667,   0.88967776)
  (113.75000000,   0.88530486)
  (113.83333333,   0.87974999)
  (113.91666667,   0.87295603)
  (114.00000000,   0.86506241)
  (114.08333333,   0.85600588)
  (114.16666667,   0.84596833)
  (114.25000000,   0.83502921)
  (114.33333333,   0.82324866)
  (114.41666667,   0.81058232)
  (114.50000000,   0.79736382)
  (114.58333333,   0.78366211)
  (114.66666667,   0.76933356)
  (114.75000000,   0.75447288)
  (114.83333333,   0.73907328)
  (114.91666667,   0.72339276)
  (115.00000000,   0.70753087)
  (115.08333333,   0.69135814)
  (115.16666667,   0.67496772)
  (115.25000000,   0.65845152)
  (115.33333333,   0.64191433)
  (115.41666667,   0.62537981)
  (115.50000000,   0.60904298)
  (115.58333333,   0.59263720)
  (115.66666667,   0.57644131)
  (115.75000000,   0.56043952)
  (115.83333333,   0.54459267)
  (115.91666667,   0.52895364)
  (116.00000000,   0.51355851)
  (116.08333333,   0.49831958)
  (116.16666667,   0.48340056)
  (116.25000000,   0.46881062)
  (116.33333333,   0.45451502)
  (116.41666667,   0.44071363)
  (116.50000000,   0.42712368)
  (116.58333333,   0.41382345)
  (116.66666667,   0.40089174)
  (116.75000000,   0.38821628)
  (116.83333333,   0.37582707)
  (116.91666667,   0.36364427)
  (117.00000000,   0.35165354)
  (117.08333333,   0.34000297)
  (117.16666667,   0.32864698)
  (117.25000000,   0.31741981)
  (117.33333333,   0.30628045)
  (117.41666667,   0.29534520)
  (117.50000000,   0.28452533)
  (117.58333333,   0.27388822)
  (117.66666667,   0.26327692)
  (117.75000000,   0.25258940)
  (117.83333333,   0.24188176)
  (117.91666667,   0.23115896)
  (118.00000000,   0.22032659)
  (118.08333333,   0.20917118)
  (118.16666667,   0.19787893)
  (118.25000000,   0.18645613)
  (118.33333333,   0.17480202)
  (118.41666667,   0.16274407)
  (118.50000000,   0.15029995)
  (118.58333333,   0.13744198)
  (118.66666667,   0.12410629)
  (118.75000000,   0.11030216)
  (118.83333333,   0.09601491)
  (118.91666667,   0.08122706)
  (119.00000000,   0.06588719)
  (119.08333333,   0.04990701)
  (119.16666667,   0.03331695)
  (119.25000000,   0.01608181)
  (119.33333333,  -0.00178851)
  (119.41666667,  -0.02027367)
  (119.50000000,  -0.03941876)
  (119.58333333,  -0.05926440)
  (119.66666667,  -0.07973422)
  (119.75000000,  -0.10091443)
  (119.83333333,  -0.12272175)
  (119.91666667,  -0.14532698)
  (120.00000000,  -0.16851184)
  (120.08333333,  -0.19228828)
  (120.16666667,  -0.21677963)
  (120.25000000,  -0.24188653)
  (120.33333333,  -0.26766349)
  (120.41666667,  -0.29395219)
  (120.50000000,  -0.32067698)
  (120.58333333,  -0.34792265)
  (120.66666667,  -0.37564466)
  (120.75000000,  -0.40365459)
  (120.83333333,  -0.43191391)
  (120.91666667,  -0.46045360)
  (121.00000000,  -0.48910030)
  (121.08333333,  -0.51790978)
  (121.16666667,  -0.54711787)
  (121.25000000,  -0.57620675)
  (121.33333333,  -0.60520561)
  (121.41666667,  -0.63400142)
  (121.50000000,  -0.66255429)
  (121.58333333,  -0.69084942)
  (121.66666667,  -0.71878400)
  (121.75000000,  -0.74609850)
  (121.83333333,  -0.77276523)
  (121.91666667,  -0.79882043)
  (122.00000000,  -0.82399837)
  (122.08333333,  -0.84820101)
  (122.16666667,  -0.87142150)
  (122.25000000,  -0.89360868)
  (122.33333333,  -0.91457871)
  (122.41666667,  -0.93441951)
  (122.50000000,  -0.95280769)
  (122.58333333,  -0.96966112)
  (122.66666667,  -0.98493560)
  (122.75000000,  -0.99864334)
  (122.83333333,  -1.01064375)
  (122.91666667,  -1.02087099)
  (123.00000000,  -1.02917357)
  (123.08333333,  -1.03551277)
  (123.16666667,  -1.03965032)
  (123.25000000,  -1.04186237)
  (123.33333333,  -1.04194795)
  (123.41666667,  -1.03966975)
  (123.50000000,  -1.03495806)
  (123.58333333,  -1.02793394)
  (123.66666667,  -1.01844617)
  (123.75000000,  -1.00650207)
  (123.83333333,  -0.99211449)
  (123.91666667,  -0.97509829)
  (124.00000000,  -0.95555415)
  (124.08333333,  -0.93346957)
  (124.16666667,  -0.90877328)
  (124.25000000,  -0.88138351)
  (124.33333333,  -0.85144352)
  (124.41666667,  -0.81887781)
  (124.50000000,  -0.78372838)
  (124.58333333,  -0.74602767)
  (124.66666667,  -0.70587427)
  (124.75000000,  -0.66318523)
  (124.83333333,  -0.61798014)
  (124.91666667,  -0.57051561)
  (125.00000000,  -0.52087823)
  (125.08333333,  -0.46914351)
  (125.16666667,  -0.41517422)
  (125.25000000,  -0.35906067)
  (125.33333333,  -0.30094533)
  (125.41666667,  -0.24107351)
  (125.50000000,  -0.17950182)
  (125.58333333,  -0.11630023)
  (125.66666667,  -0.05150356)
  (125.75000000,   0.01475479)
  (125.83333333,   0.08212221)
  (125.91666667,   0.15062511)
  (126.00000000,   0.22003104)
  (126.08333333,   0.29025939)
  (126.16666667,   0.36128909)
  (126.25000000,   0.43267110)
  (126.33333333,   0.50444037)
  (126.41666667,   0.57644233)
  (126.50000000,   0.64841842)
  (126.58333333,   0.72010587)
  (126.66666667,   0.79155258)
  (126.75000000,   0.86230758)
  (126.83333333,   0.93234210)
  (126.91666667,   1.00147642)
  (127.00000000,   1.06941047)
  (127.08333333,   1.13611001)
  (127.16666667,   1.20131816)
  (127.25000000,   1.26482581)
  (127.33333333,   1.32650354)
  (127.41666667,   1.38628015)
  (127.50000000,   1.44385945)
  (127.58333333,   1.49910290)
  (127.66666667,   1.55165262)
  (127.75000000,   1.60132603)
  (127.83333333,   1.64822640)
  (127.91666667,   1.69211460)
  (128.00000000,   1.73270066)
  (128.08333333,   1.76999567)
  (128.16666667,   1.80380494)
  (128.25000000,   1.83399356)
  (128.33333333,   1.86048821)
  (128.41666667,   1.88308161)
  (128.50000000,   1.90163652)
  (128.58333333,   1.91613997)
  (128.66666667,   1.92637704)
  (128.75000000,   1.93239000)
  (128.83333333,   1.93405231)
  (128.91666667,   1.93133367)
  (129.00000000,   1.92431632)
  (129.08333333,   1.91284362)
  (129.16666667,   1.89690629)
  (129.25000000,   1.87648550)
  (129.33333333,   1.85158932)
  (129.41666667,   1.82212445)
  (129.50000000,   1.78802640)
  (129.58333333,   1.74952456)
  (129.66666667,   1.70660296)
  (129.75000000,   1.65924339)
  (129.83333333,   1.60752680)
  (129.91666667,   1.55138485)
  (130.00000000,   1.49110540)
  (130.08333333,   1.42665749)
  (130.16666667,   1.35814737)
  (130.25000000,   1.28581579)
  (130.33333333,   1.20974517)
  (130.41666667,   1.13016705)
  (130.50000000,   1.04710828)
  (130.58333333,   0.96061790)
  (130.66666667,   0.87112659)
  (130.75000000,   0.77869270)
  (130.83333333,   0.68341482)
  (130.91666667,   0.58555254)
  (131.00000000,   0.48530512)
  (131.08333333,   0.38289411)
  (131.16666667,   0.27855883)
  (131.25000000,   0.17251172)
  (131.33333333,   0.06494639)
  (131.41666667,  -0.04383377)
  (131.50000000,  -0.15361181)
  (131.58333333,  -0.26405186)
  (131.66666667,  -0.37499861)
  (131.75000000,  -0.48611636)
  (131.83333333,  -0.59721637)
  (131.91666667,  -0.70796881)
  (132.00000000,  -0.81821062)
  (132.08333333,  -0.92769343)
  (132.16666667,  -1.03605213)
  (132.25000000,  -1.14302697)
  (132.33333333,  -1.24823702)
  (132.41666667,  -1.35155254)
  (132.50000000,  -1.45267310)
  (132.58333333,  -1.55130825)
  (132.66666667,  -1.64727975)
  (132.75000000,  -1.74030172)
  (132.83333333,  -1.83012381)
  (132.91666667,  -1.91632950)
  (133.00000000,  -1.99885244)
  (133.08333333,  -2.07744115)
  (133.16666667,  -2.15180163)
  (133.25000000,  -2.22173265)
  (133.33333333,  -2.28710460)
  (133.41666667,  -2.34765465)
  (133.50000000,  -2.40307635)
  (133.58333333,  -2.45327718)
  (133.66666667,  -2.49810940)
  (133.75000000,  -2.53746346)
  (133.83333333,  -2.57113906)
  (133.91666667,  -2.59911627)
  (134.00000000,  -2.62117153)
  (134.08333333,  -2.63740452)
  (134.16666667,  -2.64744575)
  (134.25000000,  -2.65126823)
  (134.33333333,  -2.64881499)
  (134.41666667,  -2.64016856)
  (134.50000000,  -2.62510235)
  (134.58333333,  -2.60377417)
  (134.66666667,  -2.57622761)
  (134.75000000,  -2.54249165)
  (134.83333333,  -2.50252069)
  (134.91666667,  -2.45629790)
  (135.00000000,  -2.40398899)
  (135.08333333,  -2.34563934)
  (135.16666667,  -2.28127576)
  (135.25000000,  -2.21103092)
  (135.33333333,  -2.13516695)
  (135.41666667,  -2.05371397)
  (135.50000000,  -1.96687774)
  (135.58333333,  -1.87472226)
  (135.66666667,  -1.77735365)
  (135.75000000,  -1.67501271)
  (135.83333333,  -1.56800148)
  (135.91666667,  -1.45648534)
  (136.00000000,  -1.34081917)
  (136.08333333,  -1.22107623)
  (136.16666667,  -1.09758091)
  (136.25000000,  -0.97052283)
  (136.33333333,  -0.84023249)
  (136.41666667,  -0.70689731)
  (136.50000000,  -0.57113706)
  (136.58333333,  -0.43313272)
  (136.66666667,  -0.29318551)
  (136.75000000,  -0.15145755)
  (136.83333333,  -0.00835417)
  (136.91666667,   0.13582940)
  (137.00000000,   0.28077628)
  (137.08333333,   0.42599409)
  (137.16666667,   0.57121024)
  (137.25000000,   0.71595439)
  (137.33333333,   0.86008786)
  (137.41666667,   1.00302480)
  (137.50000000,   1.14460685)
  (137.58333333,   1.28441869)
  (137.66666667,   1.42202230)
  (137.75000000,   1.55717629)
  (137.83333333,   1.68955167)
  (137.91666667,   1.81872873)
  (138.00000000,   1.94423615)
  (138.08333333,   2.06593044)
  (138.16666667,   2.18352114)
  (138.25000000,   2.29670992)
  (138.33333333,   2.40513374)
  (138.41666667,   2.50853705)
  (138.50000000,   2.60650448)
  (138.58333333,   2.69891403)
  (138.66666667,   2.78545984)
  (138.75000000,   2.86573053)
  (138.83333333,   2.93966724)
  (138.91666667,   3.00704499)
  (139.00000000,   3.06758393)
  (139.08333333,   3.12120242)
  (139.16666667,   3.16762801)
  (139.25000000,   3.20683918)
  (139.33333333,   3.23855056)
  (139.41666667,   3.26265456)
  (139.50000000,   3.27896957)
  (139.58333333,   3.28748494)
  (139.66666667,   3.28822689)
  (139.75000000,   3.28112064)
  (139.83333333,   3.26606050)
  (139.91666667,   3.24318495)
  (140.00000000,   3.21257359)
  (140.08333333,   3.17404436)
  (140.16666667,   3.12754517)
  (140.25000000,   3.07343647)
  (140.33333333,   3.01166903)
  (140.41666667,   2.94242775)
  (140.50000000,   2.86577630)
  (140.58333333,   2.78183563)
  (140.66666667,   2.69093230)
  (140.75000000,   2.59328765)
  (140.83333333,   2.48893864)
  (140.91666667,   2.37813832)
  (141.00000000,   2.26115426)
  (141.08333333,   2.13818193)
  (141.16666667,   2.00958761)
  (141.25000000,   1.87561313)
  (141.33333333,   1.73658284)
  (141.41666667,   1.59273402)
  (141.50000000,   1.44443108)
  (141.58333333,   1.29197678)
  (141.66666667,   1.13573981)
  (141.75000000,   0.97612154)
  (141.83333333,   0.81350679)
  (141.91666667,   0.64821262)
  (142.00000000,   0.48053332)
  (142.08333333,   0.31105740)
  (142.16666667,   0.14012160)
  (142.25000000,  -0.03189591)
  (142.33333333,  -0.20462830)
  (142.41666667,  -0.37764747)
  (142.50000000,  -0.55046922)
  (142.58333333,  -0.72252114)
  (142.66666667,  -0.89361090)
  (142.75000000,  -1.06333272)
  (142.83333333,  -1.23117782)
  (142.91666667,  -1.39665918)
  (143.00000000,  -1.55946165)
  (143.08333333,  -1.71918112)
  (143.16666667,  -1.87532564)
  (143.25000000,  -2.02747999)
  (143.33333333,  -2.17543031)
  (143.41666667,  -2.31887547)
  (143.50000000,  -2.45740311)
  (143.58333333,  -2.59054838)
  (143.66666667,  -2.71795216)
  (143.75000000,  -2.83936323)
  (143.83333333,  -2.95431326)
  (143.91666667,  -3.06267205)
  (144.00000000,  -3.16430300)
  (144.08333333,  -3.25888748)
  (144.16666667,  -3.34599686)
  (144.25000000,  -3.42541984)
  (144.33333333,  -3.49716458)
  (144.41666667,  -3.56083829)
  (144.50000000,  -3.61621563)
  (144.58333333,  -3.66319692)
  (144.66666667,  -3.70159726)
  (144.75000000,  -3.73123793)
  (144.83333333,  -3.75218620)
  (144.91666667,  -3.76443397)
  (145.00000000,  -3.76760782)
  (145.08333333,  -3.76197524)
  (145.16666667,  -3.74739343)
  (145.25000000,  -3.72387691)
  (145.33333333,  -3.69138216)
  (145.41666667,  -3.64995391)
  (145.50000000,  -3.59965842)
  (145.58333333,  -3.54066116)
  (145.66666667,  -3.47311934)
  (145.75000000,  -3.39711496)
  (145.83333333,  -3.31284101)
  (145.91666667,  -3.22042320)
  (146.00000000,  -3.12003395)
  (146.08333333,  -3.01184233)
  (146.16666667,  -2.89631578)
  (146.25000000,  -2.77369173)
  (146.33333333,  -2.64403769)
  (146.41666667,  -2.50773578)
  (146.50000000,  -2.36522638)
  (146.58333333,  -2.21661586)
  (146.66666667,  -2.06217243)
  (146.75000000,  -1.90254928)
  (146.83333333,  -1.73801565)
  (146.91666667,  -1.56883756)
  (147.00000000,  -1.39557044)
  (147.08333333,  -1.21848488)
  (147.16666667,  -1.03807870)
  (147.25000000,  -0.85470442)
  (147.33333333,  -0.66879764)
  (147.41666667,  -0.48085596)
  (147.50000000,  -0.29147907)
  (147.58333333,  -0.10085257)
  (147.66666667,   0.09034855)
  (147.75000000,   0.28163031)
  (147.83333333,   0.47264404)
  (147.91666667,   0.66285414)
  (148.00000000,   0.85177052)
  (148.08333333,   1.03897556)
  (148.16666667,   1.22414684)
  (148.25000000,   1.40669205)
  (148.33333333,   1.58621652)
  (148.41666667,   1.76221477)
  (148.50000000,   1.93434136)
  (148.58333333,   2.10206781)
  (148.66666667,   2.26499271)
  (148.75000000,   2.42277175)
  (148.83333333,   2.57486579)
  (148.91666667,   2.72093653)
  (149.00000000,   2.86062132)
  (149.08333333,   2.99349897)
  (149.16666667,   3.11930731)
  (149.25000000,   3.23788157)
  (149.33333333,   3.34889581)
  (149.41666667,   3.45204169)
  (149.50000000,   3.54700462)
  (149.58333333,   3.63335291)
  (149.66666667,   3.71089704)
  (149.75000000,   3.77947932)
  (149.83333333,   3.83890339)
  (149.91666667,   3.88906261)
  (150.00000000,   3.92976759)
  (150.08333333,   3.96085891)
  (150.16666667,   3.98228191)
  (150.25000000,   3.99403339)
  (150.33333333,   3.99597604)
  (150.41666667,   3.98815908)
  (150.50000000,   3.97048533)
  (150.58333333,   3.94317497)
  (150.66666667,   3.90616954)
  (150.75000000,   3.85942880)
  (150.83333333,   3.80321290)
  (150.91666667,   3.73743288)
  (151.00000000,   3.66233561)
  (151.08333333,   3.57813198)
  (151.16666667,   3.48495328)
  (151.25000000,   3.38299704)
  (151.33333333,   3.27273430)
  (151.41666667,   3.15432168)
  (151.50000000,   3.02803983)
  (151.58333333,   2.89421335)
  (151.66666667,   2.75307388)
  (151.75000000,   2.60491341)
  (151.83333333,   2.45026392)
  (151.91666667,   2.28926961)
  (152.00000000,   2.12239510)
  (152.08333333,   1.95012575)
  (152.16666667,   1.77281037)
  (152.25000000,   1.59069415)
  (152.33333333,   1.40452780)
  (152.41666667,   1.21472699)
  (152.50000000,   1.02181000)
  (152.58333333,   0.82612183)
  (152.66666667,   0.62826101)
  (152.75000000,   0.42873939)
  (152.83333333,   0.22785650)
  (152.91666667,   0.02611965)
  (153.00000000,  -0.17582759)
  (153.08333333,  -0.37762739)
  (153.16666667,  -0.57866309)
  (153.25000000,  -0.77835533)
  (153.33333333,  -0.97643046)
  (153.41666667,  -1.17232901)
  (153.50000000,  -1.36553566)
  (153.58333333,  -1.55537998)
  (153.66666667,  -1.74148124)
  (153.75000000,  -1.92339345)
  (153.83333333,  -2.10076467)
  (153.91666667,  -2.27294142)
  (154.00000000,  -2.43970376)
  (154.08333333,  -2.60061615)
  (154.16666667,  -2.75535646)
  (154.25000000,  -2.90340291)
  (154.33333333,  -3.04434220)
  (154.41666667,  -3.17781154)
  (154.50000000,  -3.30366880)
  (154.58333333,  -3.42152113)
  (154.66666667,  -3.53092553)
  (154.75000000,  -3.63181448)
  (154.83333333,  -3.72382900)
  (154.91666667,  -3.80680937)
  (155.00000000,  -3.88054096)
  (155.08333333,  -3.94471044)
  (155.16666667,  -3.99920573)
  (155.25000000,  -4.04396158)
  (155.33333333,  -4.07882222)
  (155.41666667,  -4.10390006)
  (155.50000000,  -4.11919187)
  (155.58333333,  -4.12456832)
  (155.66666667,  -4.11972685)
  (155.75000000,  -4.10496656)
  (155.83333333,  -4.08023175)
  (155.91666667,  -4.04565380)
  (156.00000000,  -4.00120361)
  (156.08333333,  -3.94701038)
  (156.16666667,  -3.88329411)
  (156.25000000,  -3.81036190)
  (156.33333333,  -3.72831968)
  (156.41666667,  -3.63729147)
  (156.50000000,  -3.53751228)
  (156.58333333,  -3.42919811)
  (156.66666667,  -3.31286907)
  (156.75000000,  -3.18869424)
  (156.83333333,  -3.05693806)
  (156.91666667,  -2.91790174)
  (157.00000000,  -2.77194990)
  (157.08333333,  -2.61927884)
  (157.16666667,  -2.46059350)
  (157.25000000,  -2.29626133)
  (157.33333333,  -2.12661316)
  (157.41666667,  -1.95196265)
  (157.50000000,  -1.77292609)
  (157.58333333,  -1.58991831)
  (157.66666667,  -1.40348015)
  (157.75000000,  -1.21388905)
  (157.83333333,  -1.02155683)
  (157.91666667,  -0.82719369)
  (158.00000000,  -0.63124171)
  (158.08333333,  -0.43409169)
  (158.16666667,  -0.23629281)
  (158.25000000,  -0.03827375)
  (158.33333333,   0.15948038)
  (158.41666667,   0.35624697)
  (158.50000000,   0.55175570)
  (158.58333333,   0.74545018)
  (158.66666667,   0.93692421)
  (158.75000000,   1.12559391)
  (158.83333333,   1.31110892)
  (158.91666667,   1.49292354)
  (159.00000000,   1.67068371)
  (159.08333333,   1.84391947)
  (159.16666667,   2.01219223)
  (159.25000000,   2.17491830)
  (159.33333333,   2.33187718)
  (159.41666667,   2.48259933)
  (159.50000000,   2.62677816)
  (159.58333333,   2.76404002)
  (159.66666667,   2.89419110)
  (159.75000000,   3.01689196)
  (159.83333333,   3.13188019)
  (159.91666667,   3.23867628)
  (160.00000000,   3.33700849)
  (160.08333333,   3.42668628)
  (160.16666667,   3.50763194)
  (160.25000000,   3.57961070)
  (160.33333333,   3.64240561)
  (160.41666667,   3.69603208)
  (160.50000000,   3.74024631)
  (160.58333333,   3.77492482)
  (160.66666667,   3.79998878)
  (160.75000000,   3.81554893)
  (160.83333333,   3.82135299)
  (160.91666667,   3.81745912)
  (161.00000000,   3.80398018)
  (161.08333333,   3.78098590)
  (161.16666667,   3.74854230)
  (161.25000000,   3.70674878)
  (161.33333333,   3.65567672)
  (161.41666667,   3.59554252)
  (161.50000000,   3.52645194)
  (161.58333333,   3.44859772)
  (161.66666667,   3.36225378)
  (161.75000000,   3.26757978)
  (161.83333333,   3.16488539)
  (161.91666667,   3.05442323)
  (162.00000000,   2.93651188)
  (162.08333333,   2.81150010)
  (162.16666667,   2.67972481)
  (162.25000000,   2.54152267)
  (162.33333333,   2.39730095)
  (162.41666667,   2.24737848)
  (162.50000000,   2.09206967)
  (162.58333333,   1.93179791)
  (162.66666667,   1.76703264)
  (162.75000000,   1.59817002)
  (162.83333333,   1.42568179)
  (162.91666667,   1.25012244)
  (163.00000000,   1.07181161)
  (163.08333333,   0.89110128)
  (163.16666667,   0.70858545)
  (163.25000000,   0.52465517)
  (163.33333333,   0.33991502)
  (163.41666667,   0.15474191)
  (163.50000000,  -0.03033829)
  (163.58333333,  -0.21500197)
  (163.66666667,  -0.39860201)
  (163.75000000,  -0.58075359)
  (163.83333333,  -0.76099415)
  (163.91666667,  -0.93890204)
  (164.00000000,  -1.11392017)
  (164.08333333,  -1.28561088)
  (164.16666667,  -1.45344599)
  (164.25000000,  -1.61723168)
  (164.33333333,  -1.77642607)
  (164.41666667,  -1.93083212)
  (164.50000000,  -2.07992990)
  (164.58333333,  -2.22321995)
  (164.66666667,  -2.36032049)
  (164.75000000,  -2.49103116)
  (164.83333333,  -2.61533492)
  (164.91666667,  -2.73254805)
  (165.00000000,  -2.84274785)
  (165.08333333,  -2.94549927)
  (165.16666667,  -3.04051856)
  (165.25000000,  -3.12756796)
  (165.33333333,  -3.20651211)
  (165.41666667,  -3.27698431)
  (165.50000000,  -3.33888497)
  (165.58333333,  -3.39198241)
  (165.66666667,  -3.43636272)
  (165.75000000,  -3.47210344)
  (165.83333333,  -3.49899890)
  (165.91666667,  -3.51711837)
  (166.00000000,  -3.52632851)
  (166.08333333,  -3.52665895)
  (166.16666667,  -3.51849315)
  (166.25000000,  -3.50172058)
  (166.33333333,  -3.47610774)
  (166.41666667,  -3.44200217)
  (166.50000000,  -3.39934669)
  (166.58333333,  -3.34845511)
  (166.66666667,  -3.28915757)
  (166.75000000,  -3.22114563)
]
