%=============================================================================
% Daniel J. Greenhoe 
% Sunspot eigen synthesis vector data using 6 coefficients
% File suitable for use with LaTeX PStricks
% For an example, see "sunspots_eigen_syn.tex"
% This file auto-generated using "sunspots.R" --- hand-editing not recommended
% Total RMS synthesis error using 6 coefficients =   1.00646978
%=============================================================================
[
  (1854.62300000,  27.26087322)
  (1854.70700000,  25.10427684)
  (1854.79000000,  23.08582646)
  (1854.87400000,  21.20653804)
  (1854.95800000,  19.46812533)
  (1855.04200000,  17.87669441)
  (1855.12300000,  16.43467764)
  (1855.20400000,  15.14818564)
  (1855.28800000,  14.01771545)
  (1855.37100000,  13.04478340)
  (1855.45500000,  12.23516278)
  (1855.53800000,  11.59125356)
  (1855.62300000,  11.11360428)
  (1855.70700000,  10.80465546)
  (1855.79000000,  10.66408408)
  (1855.87400000,  10.69406683)
  (1855.95800000,  10.89651129)
  (1856.04200000,  11.27035268)
  (1856.12400000,  11.81536682)
  (1856.20600000,  12.52881264)
  (1856.29000000,  13.40974005)
  (1856.37300000,  14.45592250)
  (1856.45600000,  15.66488511)
  (1856.54000000,  17.03216612)
  (1856.62400000,  18.55792222)
  (1856.70800000,  20.23521779)
  (1856.79100000,  22.06286675)
  (1856.87400000,  24.03772545)
  (1856.95800000,  26.15517086)
  (1857.04200000,  28.40895664)
  (1857.12300000,  30.79256224)
  (1857.20400000,  33.30219946)
  (1857.28800000,  35.93087388)
  (1857.37100000,  38.67438527)
  (1857.45500000,  41.52530054)
  (1857.53800000,  44.47698029)
  (1857.62300000,  47.52135896)
  (1857.70700000,  50.65155041)
  (1857.79000000,  53.86013293)
  (1857.87400000,  57.14023549)
  (1857.95800000,  60.48246072)
  (1858.04200000,  63.88020969)
  (1858.12300000,  67.32480682)
  (1858.20400000,  70.80898510)
  (1858.28800000,  74.32331834)
  (1858.37100000,  77.86013951)
  (1858.45500000,  81.40953051)
  (1858.53800000,  84.96423666)
  (1858.62300000,  88.51708585)
  (1858.70700000,  92.05847734)
  (1858.79000000,  95.57976470)
  (1858.87400000,  99.07290118)
  (1858.95800000, 102.52905154)
  (1859.04200000, 105.93960653)
  (1859.12300000, 109.29721191)
  (1859.20400000, 112.59439881)
  (1859.28800000, 115.82297577)
  (1859.37100000, 118.97521160)
  (1859.45500000, 122.04353818)
  (1859.53800000, 125.02028142)
  (1859.62300000, 127.89832871)
  (1859.70700000, 130.67094818)
  (1859.79000000, 133.33093822)
  (1859.87400000, 135.87265571)
  (1859.95800000, 138.28955452)
  (1860.04200000, 140.57566511)
  (1860.12400000, 142.72610941)
  (1860.20600000, 144.73527149)
  (1860.29000000, 146.59864632)
  (1860.37300000, 148.31181930)
  (1860.45600000, 149.87095664)
  (1860.54000000, 151.27204618)
  (1860.62400000, 152.51081648)
  (1860.70800000, 153.58381231)
  (1860.79100000, 154.49056851)
  (1860.87400000, 155.22744021)
  (1860.95800000, 155.79282303)
  (1861.04200000, 156.18545277)
  (1861.12300000, 156.40563877)
  (1861.20400000, 156.45136238)
  (1861.28800000, 156.32301602)
  (1861.37100000, 156.02125569)
  (1861.45500000, 155.54559094)
  (1861.53800000, 154.89657972)
  (1861.62300000, 154.07602510)
  (1861.70700000, 153.08787620)
  (1861.79000000, 151.93405736)
  (1861.87400000, 150.61750019)
  (1861.95800000, 149.13996891)
  (1862.04200000, 147.50534206)
  (1862.12300000, 145.71681450)
  (1862.20400000, 143.77938823)
  (1862.28800000, 141.69608341)
  (1862.37100000, 139.47339706)
  (1862.45500000, 137.11674441)
  (1862.53800000, 134.63195837)
  (1862.62300000, 132.02408591)
  (1862.70700000, 129.29999629)
  (1862.79000000, 126.46515194)
  (1862.87400000, 123.52731182)
  (1862.95800000, 120.49270838)
  (1863.04200000, 117.36923113)
  (1863.12300000, 114.16218657)
  (1863.20400000, 110.88121495)
  (1863.28800000, 107.53417465)
  (1863.37100000, 104.12830255)
  (1863.45500000, 100.67212163)
  (1863.53800000,  97.17287642)
  (1863.62300000,  93.63849012)
  (1863.70700000,  90.07932316)
  (1863.79000000,  86.50314046)
  (1863.87400000,  82.91677318)
  (1863.95800000,  79.32939631)
  (1864.04200000,  75.74903978)
  (1864.12400000,  72.18571793)
  (1864.20600000,  68.64687247)
  (1864.29000000,  65.14003737)
  (1864.37300000,  61.67306993)
  (1864.45600000,  58.25715791)
  (1864.54000000,  54.89859295)
  (1864.62400000,  51.60543105)
  (1864.70800000,  48.38500076)
  (1864.79100000,  45.24449087)
  (1864.87400000,  42.18980747)
  (1864.95800000,  39.23054043)
  (1865.04200000,  36.37319600)
  (1865.12300000,  33.62442151)
  (1865.20400000,  30.98980266)
  (1865.28800000,  28.47469619)
  (1865.37100000,  26.08608944)
  (1865.45500000,  23.83025173)
  (1865.53800000,  21.71257625)
  (1865.62300000,  19.73685446)
  (1865.70700000,  17.90819077)
  (1865.79000000,  16.22992507)
  (1865.87400000,  14.70850250)
  (1865.95800000,  13.34472621)
  (1866.04200000,  12.14067433)
  (1866.12300000,  11.09941283)
  (1866.20400000,  10.22511977)
  (1866.28800000,   9.51927912)
  (1866.37100000,   8.98396083)
  (1866.45500000,   8.62074328)
  (1866.53800000,   8.42919052)
  (1866.62300000,   8.40948851)
  (1866.70700000,   8.56221372)
  (1866.79000000,   8.88575518)
  (1866.87400000,   9.38108808)
  (1866.95800000,  10.04565139)
  (1867.04200000,  10.87682541)
  (1867.12300000,  11.87437874)
  (1867.20400000,  13.03559235)
  (1867.28800000,  14.35722460)
  (1867.37100000,  15.83488725)
  (1867.45500000,  17.46566510)
  (1867.53800000,  19.24544816)
  (1867.62300000,  21.17184940)
  (1867.70700000,  23.23830389)
  (1867.79000000,  25.44078969)
  (1867.87400000,  27.77422826)
  (1867.95800000,  30.23397196)
  (1868.04200000,  32.81245357)
  (1868.12400000,  35.50330083)
  (1868.20600000,  38.29938990)
  (1868.29000000,  41.19632013)
  (1868.37300000,  44.18647891)
  (1868.45600000,  47.26166148)
  (1868.54000000,  50.41591513)
  (1868.62400000,  53.64062543)
  (1868.70800000,  56.92812101)
  (1868.79100000,  60.27246726)
  (1868.87400000,  63.66558099)
  (1868.95800000,  67.09865676)
  (1869.04200000,  70.56504817)
  (1869.12300000,  74.05611477)
  (1869.20400000,  77.56414934)
  (1869.28800000,  81.07819913)
  (1869.37100000,  84.59167251)
  (1869.45500000,  88.09750995)
  (1869.53800000,  91.58679505)
  (1869.62300000,  95.05076127)
  (1869.70700000,  98.48365959)
  (1869.79000000, 101.87589068)
  (1869.87400000, 105.22019884)
  (1869.95800000, 108.51002510)
  (1870.04200000, 111.73774541)
  (1870.12300000, 114.89583521)
  (1870.20400000, 117.97849387)
  (1870.28800000, 120.97651725)
  (1870.37100000, 123.88332619)
  (1870.45500000, 126.69288942)
  (1870.53800000, 129.39861434)
  (1870.62300000, 131.99352854)
  (1870.70700000, 134.47387917)
  (1870.79000000, 136.83273188)
  (1870.87400000, 139.06596198)
  (1870.95800000, 141.16968973)
  (1871.04200000, 143.13762820)
  (1871.12300000, 144.96651131)
  (1871.20400000, 146.65161840)
  (1871.28800000, 148.19022809)
  (1871.37100000, 149.57859974)
  (1871.45500000, 150.81342399)
  (1871.53800000, 151.89239666)
  (1871.62300000, 152.81395169)
  (1871.70700000, 153.57568337)
  (1871.79000000, 154.17625066)
  (1871.87400000, 154.61418296)
  (1871.95800000, 154.88832359)
  (1872.04200000, 155.00001708)
  (1872.12400000, 154.94980910)
  (1872.20600000, 154.73840344)
  (1872.29000000, 154.36673550)
  (1872.37300000, 153.83452332)
  (1872.45600000, 153.14251704)
  (1872.54000000, 152.29303330)
  (1872.62400000, 151.28835924)
  (1872.70800000, 150.13070489)
  (1872.79100000, 148.82426492)
  (1872.87400000, 147.37163405)
  (1872.95800000, 145.77636575)
  (1873.04200000, 144.04317691)
  (1873.12300000, 142.17525988)
  (1873.20400000, 140.17770795)
  (1873.28800000, 138.05479480)
  (1873.37100000, 135.81281093)
  (1873.45500000, 133.45582463)
  (1873.53800000, 130.98890211)
  (1873.62300000, 128.41802595)
  (1873.70700000, 125.74994050)
  (1873.79000000, 122.98970281)
  (1873.87400000, 120.14388338)
  (1873.95800000, 117.22110121)
  (1874.04200000, 114.22566136)
  (1874.12300000, 111.16578557)
  (1874.20400000, 108.04885090)
  (1874.28800000, 104.88213161)
  (1874.37100000, 101.67213841)
  (1874.45500000,  98.42680696)
  (1874.53800000,  95.15216488)
  (1874.62300000,  91.85712789)
  (1874.70700000,  88.54800182)
  (1874.79000000,  85.23127922)
  (1874.87400000,  81.91721635)
  (1874.95800000,  78.61245323)
  (1875.04200000,  75.32232689)
  (1875.12300000,  72.05524889)
  (1875.20400000,  68.81940464)
  (1875.28800000,  65.62010992)
  (1875.37100000,  62.46412519)
  (1875.45500000,  59.36045842)
  (1875.53800000,  56.31543486)
  (1875.62300000,  53.33565329)
  (1875.70700000,  50.42708255)
  (1875.79000000,  47.59635167)
  (1875.87400000,  44.84914583)
  (1875.95800000,  42.19170080)
  (1876.04200000,  39.63045791)
  (1876.12400000,  37.17103232)
  (1876.20600000,  34.81845785)
  (1876.29000000,  32.57716727)
  (1876.37300000,  30.45203546)
  (1876.45600000,  28.44637277)
  (1876.54000000,  26.56709651)
  (1876.62400000,  24.81522201)
  (1876.70800000,  23.19504724)
  (1876.79100000,  21.71137237)
  (1876.87400000,  20.36674926)
  (1876.95800000,  19.16342962)
  (1877.04200000,  18.10452986)
  (1877.12300000,  17.19164769)
  (1877.20400000,  16.42466638)
  (1877.28800000,  15.80719084)
  (1877.37100000,  15.34052266)
  (1877.45500000,  15.02361474)
  (1877.53800000,  14.85648886)
  (1877.62300000,  14.84035537)
  (1877.70700000,  14.97679419)
  (1877.79000000,  15.26376184)
  (1877.87400000,  15.70099279)
  (1877.95800000,  16.28710176)
  (1878.04200000,  17.01974770)
  (1878.12300000,  17.89639703)
  (1878.20400000,  18.91532206)
  (1878.28800000,  20.07567355)
  (1878.37100000,  21.37442388)
  (1878.45500000,  22.80755852)
  (1878.53800000,  24.37182447)
  (1878.62300000,  26.06440185)
  (1878.70700000,  27.88070514)
  (1878.79000000,  29.81565534)
  (1878.87400000,  31.86474026)
  (1878.95800000,  34.02530924)
  (1879.04200000,  36.29125926)
  (1879.12300000,  38.65658401)
  (1879.20400000,  41.11576313)
  (1879.28800000,  43.66371164)
  (1879.37100000,  46.29494185)
  (1879.45500000,  49.00433829)
  (1879.53800000,  51.78376874)
  (1879.62300000,  54.62802810)
  (1879.70700000,  57.53135126)
  (1879.79000000,  60.48703335)
  (1879.87400000,  63.48815183)
  (1879.95800000,  66.52801524)
  (1880.04200000,  69.60029493)
  (1880.12400000,  72.69777849)
  (1880.20600000,  75.81433994)
  (1880.29000000,  78.94284438)
  (1880.37300000,  82.07699714)
  (1880.45600000,  85.20911176)
  (1880.54000000,  88.33273461)
  (1880.62400000,  91.44090334)
  (1880.70800000,  94.52665812)
  (1880.79100000,  97.58491900)
  (1880.87400000, 100.60869973)
  (1880.95800000, 103.59012879)
  (1881.04200000, 106.52284879)
  (1881.12300000, 109.40125428)
  (1881.20400000, 112.21841445)
  (1881.28800000, 114.96969091)
  (1881.37100000, 117.64659808)
  (1881.45500000, 120.24444184)
  (1881.53800000, 122.75978338)
  (1881.62300000, 125.18673180)
  (1881.70700000, 127.51885997)
  (1881.79000000, 129.75207327)
  (1881.87400000, 131.88193633)
  (1881.95800000, 133.90317520)
  (1882.04200000, 135.81092681)
  (1882.12300000, 137.60203385)
  (1882.20400000, 139.27275595)
  (1882.28800000, 140.82113849)
  (1882.37100000, 142.24287707)
  (1882.45500000, 143.53609768)
  (1882.53800000, 144.69723327)
  (1882.62300000, 145.72471807)
  (1882.70700000, 146.61670365)
  (1882.79000000, 147.36992173)
  (1882.87400000, 147.98455938)
  (1882.95800000, 148.45995403)
  (1883.04200000, 148.79395482)
  (1883.12300000, 148.98741760)
  (1883.20400000, 149.03960756)
  (1883.28800000, 148.95130604)
  (1883.37100000, 148.72295009)
  (1883.45500000, 148.35506631)
  (1883.53800000, 147.84684133)
  (1883.62300000, 147.20102387)
  (1883.70700000, 146.41999564)
  (1883.79000000, 145.50556379)
  (1883.87400000, 144.45889826)
  (1883.95800000, 143.28322384)
  (1884.04200000, 141.98192209)
  (1884.12400000, 140.55618887)
  (1884.20600000, 139.01139165)
  (1884.29000000, 137.34920301)
  (1884.37300000, 135.57442889)
  (1884.45600000, 133.69026234)
  (1884.54000000, 131.70231583)
  (1884.62400000, 129.61472962)
  (1884.70800000, 127.43183906)
  (1884.79100000, 125.15901590)
  (1884.87400000, 122.79995971)
  (1884.95800000, 120.35963094)
  (1885.04200000, 117.84212123)
  (1885.12300000, 115.25585910)
  (1885.20400000, 112.60558548)
  (1885.28800000, 109.89750190)
  (1885.37100000, 107.13660127)
  (1885.45500000, 104.32959600)
  (1885.53800000, 101.48071894)
  (1885.62300000,  98.59724033)
  (1885.70700000,  95.68493884)
  (1885.79000000,  92.75086906)
  (1885.87400000,  89.80174294)
  (1885.95800000,  86.84306432)
  (1886.04200000,  83.88023041)
  (1886.12300000,  80.91996882)
  (1886.20400000,  77.96754101)
  (1886.28800000,  75.03051951)
  (1886.37100000,  72.11521918)
  (1886.45500000,  69.22741872)
  (1886.53800000,  66.37284369)
  (1886.62300000,  63.55847061)
  (1886.70700000,  60.78951515)
  (1886.79000000,  58.07111776)
  (1886.87400000,  55.40892075)
  (1886.95800000,  52.80892884)
  (1887.04200000,  50.27837056)
  (1887.12300000,  47.82046234)
  (1887.20400000,  45.44160170)
  (1887.28800000,  43.14679164)
  (1887.37100000,  40.94135644)
  (1887.45500000,  38.82719788)
  (1887.53800000,  36.81055988)
  (1887.62300000,  34.89463150)
  (1887.70700000,  33.08436056)
  (1887.79000000,  31.38294576)
  (1887.87400000,  29.79425184)
  (1887.95800000,  28.32172229)
  (1888.04200000,  26.96904524)
  (1888.12400000,  25.73794919)
  (1888.20600000,  24.63019136)
  (1888.29000000,  23.64875558)
  (1888.37300000,  22.79590523)
  (1888.45600000,  22.07268041)
  (1888.54000000,  21.48014824)
  (1888.62400000,  21.02122570)
  (1888.70800000,  20.69511438)
  (1888.79100000,  20.50242149)
  (1888.87400000,  20.44308754)
  (1888.95800000,  20.51776421)
  (1889.04200000,  20.72595623)
  (1889.12300000,  21.06684028)
  (1889.20400000,  21.54102946)
  (1889.28800000,  22.14621265)
  (1889.37100000,  22.88129731)
  (1889.45500000,  23.74370544)
  (1889.53800000,  24.73166720)
  (1889.62300000,  25.84410922)
  (1889.70700000,  27.07803793)
  (1889.79000000,  28.43137379)
  (1889.87400000,  29.90048505)
  (1889.95800000,  31.48316569)
  (1890.04200000,  33.17535881)
  (1890.12300000,  34.97369464)
  (1890.20400000,  36.87390321)
  (1890.28800000,  38.87216292)
  (1890.37100000,  40.96443383)
  (1890.45500000,  43.14621776)
  (1890.53800000,  45.41270983)
  (1890.62300000,  47.75925251)
  (1890.70700000,  50.18030525)
  (1890.79000000,  52.67174131)
  (1890.87400000,  55.22938083)
  (1890.95800000,  57.84547941)
  (1891.04200000,  60.51549432)
  (1891.12300000,  63.23492759)
  (1891.20400000,  65.99726114)
  (1891.28800000,  68.79708131)
  (1891.37100000,  71.62749724)
  (1891.45500000,  74.48246874)
  (1891.53800000,  77.35724006)
  (1891.62300000,  80.24386421)
  (1891.70700000,  83.13751161)
  (1891.79000000,  86.03196766)
  (1891.87400000,  88.92179712)
  (1891.95800000,  91.80130368)
  (1892.04200000,  94.66263825)
  (1892.12400000,  97.50066819)
  (1892.20600000, 100.31021555)
  (1892.29000000, 103.08522614)
  (1892.37300000, 105.81992533)
  (1892.45600000, 108.50837051)
  (1892.54000000, 111.14599556)
  (1892.62400000, 113.72599022)
  (1892.70800000, 116.24256073)
  (1892.79100000, 118.69087023)
  (1892.87400000, 121.06468280)
  (1892.95800000, 123.36017728)
  (1893.04200000, 125.57161758)
  (1893.12300000, 127.69461592)
  (1893.20400000, 129.72548798)
  (1893.28800000, 131.65945467)
  (1893.37100000, 133.49236407)
  (1893.45500000, 135.22086796)
  (1893.53800000, 136.83976181)
  (1893.62300000, 138.34695725)
  (1893.70700000, 139.74013621)
  (1893.79000000, 141.01369913)
  (1893.87400000, 142.16492071)
  (1893.95800000, 143.19309343)
  (1894.04200000, 144.09564887)
  (1894.12300000, 144.87184619)
  (1894.20400000, 145.51887885)
  (1894.28800000, 146.03479397)
  (1894.37100000, 146.41867122)
  (1894.45500000, 146.67056380)
  (1894.53800000, 146.78820867)
  (1894.62300000, 146.77216807)
  (1894.70700000, 146.62248632)
  (1894.79000000, 146.33803145)
  (1894.87400000, 145.92175638)
  (1894.95800000, 145.37227718)
  (1895.04200000, 144.69143698)
  (1895.12300000, 143.88138039)
  (1895.20400000, 142.94365030)
  (1895.28800000, 141.87818922)
  (1895.37100000, 140.68971557)
  (1895.45500000, 139.37935367)
  (1895.53800000, 137.94913367)
  (1895.62300000, 136.40276481)
  (1895.70700000, 134.74174810)
  (1895.79000000, 132.97145235)
  (1895.87400000, 131.09569077)
  (1895.95800000, 129.11749588)
  (1896.04200000, 127.04047038)
  (1896.12400000, 124.86831360)
  (1896.20600000, 122.60673070)
  (1896.29000000, 120.26097868)
  (1896.37300000, 117.83586533)
  (1896.45600000, 115.33448695)
  (1896.54000000, 112.76183648)
  (1896.62400000, 110.12352277)
  (1896.70800000, 107.42678422)
  (1896.79100000, 104.67700126)
  (1896.87400000, 101.87870655)
  (1896.95800000,  99.03839920)
  (1897.04200000,  96.16211256)
  (1897.12300000,  93.25613560)
  (1897.20400000,  90.32567883)
  (1897.28800000,  87.37818862)
  (1897.37100000,  84.41900648)
  (1897.45500000,  81.45383665)
  (1897.53800000,  78.48888616)
  (1897.62300000,  75.53158417)
  (1897.70700000,  72.58670829)
  (1897.79000000,  69.66113654)
  (1897.87400000,  66.76145443)
  (1897.95800000,  63.89273469)
  (1898.04200000,  61.06274620)
  (1898.12300000,  58.27746561)
  (1898.20400000,  55.54122537)
  (1898.28800000,  52.85863635)
  (1898.37100000,  50.23861606)
  (1898.45500000,  47.68531926)
  (1898.53800000,  45.20462842)
  (1898.62300000,  42.80125454)
  (1898.70700000,  40.48045659)
  (1898.79000000,  38.24683261)
  (1898.87400000,  36.10622002)
  (1898.95800000,  34.06385040)
  (1899.04200000,  32.12439798)
  (1899.12300000,  30.28988000)
  (1899.20400000,  28.56600569)
  (1899.28800000,  26.95591102)
  (1899.37100000,  25.46363531)
  (1899.45500000,  24.09340695)
  (1899.53800000,  22.84823595)
  (1899.62300000,  21.72928332)
  (1899.70700000,  20.74044474)
  (1899.79000000,  19.88483200)
  (1899.87400000,  19.16293438)
  (1899.95800000,  18.57619699)
  (1900.04200000,  18.12679340)
  (1900.12300000,  17.81644816)
  (1900.20400000,  17.64575284)
  (1900.28800000,  17.61645808)
  (1900.37100000,  17.72459682)
  (1900.45500000,  17.97311297)
  (1900.53800000,  18.36289563)
  (1900.62300000,  18.89239451)
  (1900.70700000,  19.56163678)
  (1900.79000000,  20.36980529)
  (1900.87400000,  21.31409397)
  (1900.95800000,  22.39275577)
  (1901.04200000,  23.60490494)
  (1901.12300000,  24.94807439)
  (1901.20400000,  26.41861737)
  (1901.28800000,  28.01446547)
  (1901.37100000,  29.73157983)
  (1901.45500000,  31.56805743)
  (1901.53800000,  33.52061419)
  (1901.62300000,  35.58338250)
  (1901.70700000,  37.75387696)
  (1901.79000000,  40.02690284)
  (1901.87400000,  42.39864967)
  (1901.95800000,  44.86352398)
  (1902.04200000,  47.41673809)
  (1902.12300000,  50.05341075)
  (1902.20400000,  52.76784797)
  (1902.28800000,  55.55410216)
  (1902.37100000,  58.40651554)
  (1902.45500000,  61.31866649)
  (1902.53800000,  64.28495088)
  (1902.62300000,  67.29936497)
  (1902.70700000,  70.35537714)
  (1902.79000000,  73.44643202)
  (1902.87400000,  76.56543607)
  (1902.95800000,  79.70596187)
  (1903.04200000,  82.86109005)
  (1903.12300000,  86.02363307)
  (1903.20400000,  89.18790051)
  (1903.28800000,  92.34762745)
  (1903.37100000,  95.49567467)
  (1903.45500000,  98.62302885)
  (1903.53800000, 101.72449370)
  (1903.62300000, 104.79372117)
  (1903.70700000, 107.82364349)
  (1903.79000000, 110.80648099)
  (1903.87400000, 113.73636865)
  (1903.95800000, 116.60765727)
  (1904.04200000, 119.41311738)
  (1904.12400000, 122.14705304)
  (1904.20600000, 124.80196388)
  (1904.29000000, 127.37189469)
  (1904.37300000, 129.85236028)
  (1904.45600000, 132.23788292)
  (1904.54000000, 134.52152238)
  (1904.62400000, 136.69777732)
  (1904.70800000, 138.76214137)
  (1904.79100000, 140.70934821)
  (1904.87400000, 142.53592680)
  (1904.95800000, 144.23682231)
  (1905.04200000, 145.80706246)
  (1905.12300000, 147.24567748)
  (1905.20400000, 148.54722688)
  (1905.28800000, 149.70890727)
  (1905.37100000, 150.72782156)
  (1905.45500000, 151.59997651)
  (1905.53800000, 152.32402767)
  (1905.62300000, 152.89788188)
  (1905.70700000, 153.31952150)
  (1905.79000000, 153.58833488)
  (1905.87400000, 153.70385536)
  (1905.95800000, 153.66314696)
  (1906.04200000, 153.46875680)
  (1906.12300000, 153.11931947)
  (1906.20400000, 152.61543802)
  (1906.28800000, 151.95724897)
  (1906.37100000, 151.14548060)
  (1906.45500000, 150.18115525)
  (1906.53800000, 149.06778019)
  (1906.62300000, 147.80702721)
  (1906.70700000, 146.39943889)
  (1906.79000000, 144.84841070)
  (1906.87400000, 143.15673979)
  (1906.95800000, 141.32973842)
  (1907.04200000, 139.37115410)
  (1907.12300000, 137.28255979)
  (1907.20400000, 135.06936197)
  (1907.28800000, 132.73622723)
  (1907.37100000, 130.28793934)
  (1907.45500000, 127.72858087)
  (1907.53800000, 125.06473069)
  (1907.62300000, 122.30140654)
  (1907.70700000, 119.44566458)
  (1907.79000000, 116.50366873)
  (1907.87400000, 113.48095076)
  (1907.95800000, 110.38385250)
  (1908.04200000, 107.21856772)
  (1908.12400000, 103.99280560)
  (1908.20600000, 100.71465367)
  (1908.29000000,  97.38908107)
  (1908.37300000,  94.02402919)
  (1908.45600000,  90.62632308)
  (1908.54000000,  87.20329638)
  (1908.62400000,  83.76273011)
  (1908.70800000,  80.31321234)
  (1908.79100000,  76.86205792)
  (1908.87400000,  73.41628182)
  (1908.95800000,  69.98375110)
  (1909.04200000,  66.57133818)
  (1909.12300000,  63.18752589)
  (1909.20400000,  59.83971554)
  (1909.28800000,  56.53620828)
  (1909.37100000,  53.28384613)
  (1909.45500000,  50.09064602)
  (1909.53800000,  46.96308100)
  (1909.62300000,  43.90735615)
  (1909.70700000,  40.93010035)
  (1909.79000000,  38.03934464)
  (1909.87400000,  35.24327995)
  (1909.95800000,  32.54587671)
  (1910.04200000,  29.95373354)
  (1910.12300000,  27.47525165)
  (1910.20400000,  25.11587463)
  (1910.28800000,  22.88116572)
  (1910.37100000,  20.77377178)
  (1910.45500000,  18.80081078)
  (1910.53800000,  16.96798202)
  (1910.62300000,  15.27912223)
  (1910.70700000,  13.73792939)
  (1910.79000000,  12.34810964)
  (1910.87400000,  11.11455474)
  (1910.95800000,  10.03937740)
  (1911.04200000,   9.12485213)
  (1911.12300000,   8.37274782)
  (1911.20400000,   7.78609557)
  (1911.28800000,   7.36728926)
  (1911.37100000,   7.11639531)
  (1911.45500000,   7.03599927)
  (1911.53800000,   7.12697356)
  (1911.62300000,   7.38919181)
  (1911.70700000,   7.82295650)
  (1911.79000000,   8.42810630)
  (1911.87400000,   9.20240761)
  (1911.95800000,  10.14484795)
  (1912.04200000,  11.25485196)
  (1912.12400000,  12.52931581)
  (1912.20600000,  13.96659546)
  (1912.29000000,  15.56286457)
  (1912.37300000,  17.31520797)
  (1912.45600000,  19.22017113)
  (1912.54000000,  21.27394167)
  (1912.62400000,  23.47359342)
  (1912.70800000,  25.81401100)
  (1912.79100000,  28.29017727)
  (1912.87400000,  30.89736656)
  (1912.95800000,  33.63089947)
  (1913.04200000,  36.48352774)
  (1913.12300000,  39.44902182)
  (1913.20400000,  42.52169847)
  (1913.28800000,  45.69308950)
  (1913.37100000,  48.95843365)
  (1913.45500000,  52.30984427)
  (1913.53800000,  55.73869618)
  (1913.62300000,  59.23900935)
  (1913.70700000,  62.80298867)
  (1913.79000000,  66.42189297)
  (1913.87400000,  70.08892392)
  (1913.95800000,  73.79511779)
  (1914.04200000,  77.53233355)
  (1914.12300000,  81.29151655)
  (1914.20400000,  85.06430269)
  (1914.28800000,  88.84244847)
  (1914.37100000,  92.61747638)
  (1914.45500000,  96.37840712)
  (1914.53800000, 100.11728812)
  (1914.62300000, 103.82611531)
  (1914.70700000, 107.49793324)
  (1914.79000000, 111.12416141)
  (1914.87400000, 114.69514337)
  (1914.95800000, 118.20218542)
  (1915.04200000, 121.63682262)
  (1915.12300000, 124.99127940)
  (1915.20400000, 128.25668946)
  (1915.28800000, 131.42612521)
  (1915.37100000, 134.49015212)
  (1915.45500000, 137.44233835)
  (1915.53800000, 140.27722772)
  (1915.62300000, 142.98750649)
  (1915.70700000, 145.56584790)
  (1915.79000000, 148.00601468)
  (1915.87400000, 150.30152687)
  (1915.95800000, 152.44797390)
  (1916.04200000, 154.43898541)
  (1916.12400000, 156.27030670)
  (1916.20600000, 157.93705455)
  (1916.29000000, 159.43458630)
  (1916.37300000, 160.75885682)
  (1916.45600000, 161.90579418)
  (1916.54000000, 162.87231769)
  (1916.62400000, 163.65429073)
  (1916.70800000, 164.25172325)
  (1916.79100000, 164.66245925)
  (1916.87400000, 164.88520044)
  (1916.95800000, 164.91846299)
  (1917.04200000, 164.76312935)
  (1917.12300000, 164.41781617)
  (1917.20400000, 163.88336427)
  (1917.28800000, 163.15953757)
  (1917.37100000, 162.24566838)
  (1917.45500000, 161.14493114)
  (1917.53800000, 159.86044276)
  (1917.62300000, 158.39470503)
  (1917.70700000, 156.74965757)
  (1917.79000000, 154.92873581)
  (1917.87400000, 152.93510210)
  (1917.95800000, 150.77496843)
  (1918.04200000, 148.45189370)
  (1918.12300000, 145.97083467)
  (1918.20400000, 143.33595839)
  (1918.28800000, 140.55598681)
  (1918.37100000, 137.63572568)
  (1918.45500000, 134.58131592)
  (1918.53800000, 131.39793513)
  (1918.62300000, 128.09343929)
  (1918.70700000, 124.67396028)
  (1918.79000000, 121.14877260)
  (1918.87400000, 117.52548329)
  (1918.95800000, 113.81300755)
  (1919.04200000, 110.01980670)
  (1919.12300000, 106.15474361)
  (1919.20400000, 102.22751468)
  (1919.28800000,  98.24583430)
  (1919.37100000,  94.21895496)
  (1919.45500000,  90.15490788)
  (1919.53800000,  86.06451129)
  (1919.62300000,  81.95693987)
  (1919.70700000,  77.84295263)
  (1919.79000000,  73.72998733)
  (1919.87400000,  69.62828459)
  (1919.95800000,  65.54854048)
  (1920.04200000,  61.50035135)
  (1920.12400000,  57.49253602)
  (1920.20600000,  53.53602116)
  (1920.29000000,  49.63993941)
  (1920.37300000,  45.81385700)
  (1920.45600000,  42.06675901)
  (1920.54000000,  38.40751117)
  (1920.62400000,  34.84343790)
  (1920.70800000,  31.38270463)
  (1920.79100000,  28.03441804)
  (1920.87400000,  24.80700177)
  (1920.95800000,  21.70992649)
  (1921.04200000,  18.75023626)
  (1921.12300000,  15.93536847)
  (1921.20400000,  13.27017249)
  (1921.28800000,  10.76375068)
  (1921.37100000,   8.42044907)
  (1921.45500000,   6.24786845)
  (1921.53800000,   4.24949273)
  (1921.62300000,   2.43222382)
  (1921.70700000,   0.80142915)
  (1921.79000000,  -0.63928218)
  (1921.87400000,  -1.88754957)
  (1921.95800000,  -2.93861336)
  (1922.04200000,  -3.78992001)
  (1922.12300000,  -4.43982580)
  (1922.20400000,  -4.88422795)
  (1922.28800000,  -5.12157841)
  (1922.37100000,  -5.15194640)
  (1922.45500000,  -4.97515442)
  (1922.53800000,  -4.59190729)
  (1922.62300000,  -4.00087436)
  (1922.70700000,  -3.20332901)
  (1922.79000000,  -2.20082937)
  (1922.87400000,  -0.99564520)
  (1922.95800000,   0.41005035)
  (1923.04200000,   2.01522101)
  (1923.12300000,   3.81504373)
  (1923.20400000,   5.80598359)
  (1923.28800000,   7.98300655)
  (1923.37100000,  10.34298250)
  (1923.45500000,  12.88001532)
  (1923.53800000,  15.58712667)
  (1923.62300000,  18.45930731)
  (1923.70700000,  21.48894191)
  (1923.79000000,  24.67045437)
  (1923.87400000,  27.99627555)
  (1923.95800000,  31.45903724)
  (1924.04200000,  35.05102330)
  (1924.12400000,  38.76402939)
  (1924.20600000,  42.58866705)
  (1924.29000000,  46.51683890)
  (1924.37300000,  50.53932855)
  (1924.45600000,  54.64662226)
  (1924.54000000,  58.82768925)
  (1924.62400000,  63.07440797)
  (1924.70800000,  67.37613200)
  (1924.79100000,  71.72307185)
  (1924.87400000,  76.10356230)
  (1924.95800000,  80.50884096)
  (1925.04200000,  84.92841716)
  (1925.12300000,  89.35149188)
  (1925.20400000,  93.76657165)
  (1925.28800000,  98.16560179)
  (1925.37100000, 102.53622845)
  (1925.45500000, 106.86874728)
  (1925.53800000, 111.15234691)
  (1925.62300000, 115.37676844)
  (1925.70700000, 119.52967710)
  (1925.79000000, 123.60169394)
  (1925.87400000, 127.58204009)
  (1925.95800000, 131.46352753)
  (1926.04200000, 135.23597581)
  (1926.12300000, 138.88990215)
  (1926.20400000, 142.41611090)
  (1926.28800000, 145.80666918)
  (1926.37100000, 149.05134346)
  (1926.45500000, 152.14319007)
  (1926.53800000, 155.07337237)
  (1926.62300000, 157.83438391)
  (1926.70700000, 160.41990389)
  (1926.79000000, 162.82423577)
  (1926.87400000, 165.03969268)
  (1926.95800000, 167.06132608)
  (1927.04200000, 168.88250191)
  (1927.12300000, 170.50081122)
  (1927.20400000, 171.91068734)
  (1927.28800000, 173.10833483)
  (1927.37100000, 174.09101789)
  (1927.45500000, 174.85589413)
  (1927.53800000, 175.40009816)
  (1927.62300000, 175.72144809)
  (1927.70700000, 175.81990285)
  (1927.79000000, 175.69285368)
  (1927.87400000, 175.34171642)
  (1927.95800000, 174.76597954)
  (1928.04200000, 173.96523550)
  (1928.12400000, 172.94242222)
  (1928.20600000, 171.69993729)
  (1928.29000000, 170.24061123)
  (1928.37300000, 168.56648428)
  (1928.45600000, 166.68102682)
  (1928.54000000, 164.58866168)
  (1928.62400000, 162.29518104)
  (1928.70800000, 159.80659414)
  (1928.79100000, 157.12526239)
  (1928.87400000, 154.25869699)
  (1928.95800000, 151.21441212)
  (1929.04200000, 147.99877650)
  (1929.12300000, 144.62014012)
  (1929.20400000, 141.08537067)
  (1929.28800000, 137.40296468)
  (1929.37100000, 133.58112875)
  (1929.45500000, 129.62934211)
  (1929.53800000, 125.55612478)
  (1929.62300000, 121.37258643)
  (1929.70700000, 117.08786459)
  (1929.79000000, 112.71261688)
  (1929.87400000, 108.25614532)
  (1929.95800000, 103.73143746)
  (1930.04200000,  99.14859126)
  (1930.12300000,  94.51720235)
  (1930.20400000,  89.84753049)
  (1930.28800000,  85.15165235)
  (1930.37100000,  80.44100582)
  (1930.45500000,  75.72805510)
  (1930.53800000,  71.02253324)
  (1930.62300000,  66.33711533)
  (1930.70700000,  61.68372143)
  (1930.79000000,  57.07287765)
  (1930.87400000,  52.51654116)
  (1930.95800000,  48.02464265)
  (1931.04200000,  43.60842481)
  (1931.12300000,  39.28007073)
  (1931.20400000,  35.05228674)
  (1931.28800000,  30.93178416)
  (1931.37100000,  26.93025146)
  (1931.45500000,  23.05581394)
  (1931.53800000,  19.31887129)
  (1931.62300000,  15.72968024)
  (1931.70700000,  12.29705960)
  (1931.79000000,   9.02918329)
  (1931.87400000,   5.93549629)
  (1931.95800000,   3.02451120)
  (1932.04200000,   0.30119456)
  (1932.12400000,  -2.22556690)
  (1932.20600000,  -4.55011038)
  (1932.29000000,  -6.66725996)
  (1932.37300000,  -8.57127601)
  (1932.45600000, -10.25706958)
  (1932.54000000, -11.72116172)
  (1932.62400000, -12.95755744)
  (1932.70800000, -13.96483436)
  (1932.79100000, -14.73890682)
  (1932.87400000, -15.27729977)
  (1932.95800000, -15.58029040)
  (1933.04200000, -15.64478756)
  (1933.12300000, -15.46913517)
  (1933.20400000, -15.05500252)
  (1933.28800000, -14.40308067)
  (1933.37100000, -13.51408087)
  (1933.45500000, -12.39051694)
  (1933.53800000, -11.03523391)
  (1933.62300000,  -9.45130888)
  (1933.70700000,  -7.64184876)
  (1933.79000000,  -5.61027134)
  (1933.87400000,  -3.36128152)
  (1933.95800000,  -0.90203065)
  (1934.04200000,   1.76502459)
  (1934.12300000,   4.63273986)
  (1934.20400000,   7.69421384)
  (1934.28800000,  10.94281756)
  (1934.37100000,  14.37084796)
  (1934.45500000,  17.96991644)
  (1934.53800000,  21.73073469)
  (1934.62300000,  25.64389833)
  (1934.70700000,  29.70060943)
  (1934.79000000,  33.89219266)
  (1934.87400000,  38.20626748)
  (1934.95800000,  42.63325890)
  (1935.04200000,  47.16357882)
  (1935.12300000,  51.78644209)
  (1935.20400000,  56.49070594)
  (1935.28800000,  61.26471357)
  (1935.37100000,  66.09720058)
  (1935.45500000,  70.97542639)
  (1935.53800000,  75.88872056)
  (1935.62300000,  80.82440382)
  (1935.70700000,  85.77157482)
  (1935.79000000,  90.71724801)
  (1935.87400000,  95.64928916)
  (1935.95800000, 100.55408286)
  (1936.04200000, 105.42095705)
  (1936.12400000, 110.23762286)
  (1936.20600000, 114.99350072)
  (1936.29000000, 119.67431460)
  (1936.37300000, 124.26895887)
  (1936.45600000, 128.76669656)
  (1936.54000000, 133.15659733)
  (1936.62400000, 137.42820477)
  (1936.70800000, 141.56982591)
  (1936.79100000, 145.57109247)
  (1936.87400000, 149.42214197)
  (1936.95800000, 153.11417654)
  (1937.04200000, 156.63749304)
  (1937.12300000, 159.98236930)
  (1937.20400000, 163.14045252)
  (1937.28800000, 166.10351860)
  (1937.37100000, 168.86478554)
  (1937.45500000, 171.41688770)
  (1937.53800000, 173.75201115)
  (1937.62300000, 175.86546571)
  (1937.70700000, 177.75151771)
  (1937.79000000, 179.40490011)
  (1937.87400000, 180.82106263)
  (1937.95800000, 181.99658225)
  (1938.04200000, 182.92787019)
  (1938.12300000, 183.61187318)
  (1938.20400000, 184.04709382)
  (1938.28800000, 184.23206106)
  (1938.37100000, 184.16590898)
  (1938.45500000, 183.84787597)
  (1938.53800000, 183.27993053)
  (1938.62300000, 182.46184568)
  (1938.70700000, 181.39498589)
  (1938.79000000, 180.08224590)
  (1938.87400000, 178.52634670)
  (1938.95800000, 176.73103735)
  (1939.04200000, 174.69962836)
  (1939.12300000, 172.43659242)
  (1939.20400000, 169.94801841)
  (1939.28800000, 167.24018748)
  (1939.37100000, 164.31915381)
  (1939.45500000, 161.19065718)
  (1939.53800000, 157.86272305)
  (1939.62300000, 154.34362094)
  (1939.70700000, 150.64270381)
  (1939.79000000, 146.76920157)
  (1939.87400000, 142.72993706)
  (1939.95800000, 138.53582985)
  (1940.04200000, 134.19698077)
  (1940.12400000, 129.72528173)
  (1940.20600000, 125.13020718)
  (1940.29000000, 120.42293857)
  (1940.37300000, 115.61409861)
  (1940.45600000, 110.71673289)
  (1940.54000000, 105.74208236)
  (1940.62400000, 100.70360731)
  (1940.70800000,  95.61273713)
  (1940.79100000,  90.48214098)
  (1940.87400000,  85.32420565)
  (1940.95800000,  80.15186026)
  (1941.04200000,  74.97799165)
  (1941.12300000,  69.81646275)
  (1941.20400000,  64.68074496)
  (1941.28800000,  59.58146940)
  (1941.37100000,  54.53251326)
  (1941.45500000,  49.54718187)
  (1941.53800000,  44.63721196)
  (1941.62300000,  39.81399278)
  (1941.70700000,  35.08978224)
  (1941.79000000,  30.47611345)
  (1941.87400000,  25.98500423)
  (1941.95800000,  21.62756108)
  (1942.04200000,  17.41352394)
  (1942.12300000,  13.35682792)
  (1942.20400000,   9.46630305)
  (1942.28800000,   5.75135942)
  (1942.37100000,   2.22207671)
  (1942.45500000,  -1.11201310)
  (1942.53800000,  -4.24237749)
  (1942.62300000,  -7.16133422)
  (1942.70700000,  -9.86199519)
  (1942.79000000, -12.33713375)
  (1942.87400000, -14.58037999)
  (1942.95800000, -16.58728569)
  (1943.04200000, -18.35197304)
  (1943.12300000, -19.86761235)
  (1943.20400000, -21.13184739)
  (1943.28800000, -22.14097636)
  (1943.37100000, -22.89113048)
  (1943.45500000, -23.38181076)
  (1943.53800000, -23.60926014)
  (1943.62300000, -23.57329409)
  (1943.70700000, -23.27405097)
  (1943.79000000, -22.71138474)
  (1943.87400000, -21.88706660)
  (1943.95800000, -20.80416813)
  (1944.04200000, -19.46296384)
  (1944.12400000, -17.86877800)
  (1944.20600000, -16.02489372)
  (1944.29000000, -13.93429156)
  (1944.37300000, -11.60185413)
  (1944.45600000,  -9.03341856)
  (1944.54000000,  -6.23437470)
  (1944.62400000,  -3.21044031)
  (1944.70800000,   0.02938837)
  (1944.79100000,   3.47889034)
  (1944.87400000,   7.12596515)
  (1944.95800000,  10.96351978)
  (1945.04200000,  14.98354018)
  (1945.12300000,  19.17679308)
  (1945.20400000,  23.53198563)
  (1945.28800000,  28.03896420)
  (1945.37100000,  32.68609185)
  (1945.45500000,  37.46212620)
  (1945.53800000,  42.35662932)
  (1945.62300000,  47.35589743)
  (1945.70700000,  52.44904570)
  (1945.79000000,  57.62322142)
  (1945.87400000,  62.86667873)
  (1945.95800000,  68.16593383)
  (1946.04200000,  73.50649979)
  (1946.12300000,  78.87434320)
  (1946.20400000,  84.25838719)
  (1946.28800000,  89.64393399)
  (1946.37100000,  95.01815239)
  (1946.45500000, 100.36670126)
  (1946.53800000, 105.67784021)
  (1946.62300000, 110.93741851)
  (1946.70700000, 116.13272677)
  (1946.79000000, 121.25024513)
  (1946.87400000, 126.27744489)
  (1946.95800000, 131.20086091)
  (1947.04200000, 136.00931591)
  (1947.12300000, 140.68972186)
  (1947.20400000, 145.23112505)
  (1947.28800000, 149.62359266)
  (1947.37100000, 153.85292382)
  (1947.45500000, 157.90902327)
  (1947.53800000, 161.78260350)
  (1947.62300000, 165.46413368)
  (1947.70700000, 168.94389354)
  (1947.79000000, 172.21233391)
  (1947.87400000, 175.26103136)
  (1947.95800000, 178.08269342)
  (1948.04200000, 180.67149818)
  (1948.12400000, 183.01953036)
  (1948.20600000, 185.11979940)
  (1948.29000000, 186.96816843)
  (1948.37300000, 188.55797183)
  (1948.45600000, 189.88602188)
  (1948.54000000, 190.94841684)
  (1948.62400000, 191.74137657)
  (1948.70800000, 192.26264194)
  (1948.79100000, 192.51127941)
  (1948.87400000, 192.48629281)
  (1948.95800000, 192.18608778)
  (1949.04200000, 191.61360600)
  (1949.12300000, 190.76857737)
  (1949.20400000, 189.65350380)
  (1949.28800000, 188.26947630)
  (1949.37100000, 186.62024523)
  (1949.45500000, 184.71048863)
  (1949.53800000, 182.54436933)
  (1949.62300000, 180.12586485)
  (1949.70700000, 177.46233370)
  (1949.79000000, 174.55832317)
  (1949.87400000, 171.42157269)
  (1949.95800000, 168.05902557)
  (1950.04200000, 164.47909102)
  (1950.12300000, 160.68934924)
  (1950.20400000, 156.70135290)
  (1950.28800000, 152.52425362)
  (1950.37100000, 148.16905006)
  (1950.45500000, 143.64464022)
  (1950.53800000, 138.96187044)
  (1950.62300000, 134.13188499)
  (1950.70700000, 129.16779557)
  (1950.79000000, 124.07972434)
  (1950.87400000, 118.88278015)
  (1950.95800000, 113.58846711)
  (1951.04200000, 108.20963403)
  (1951.12300000, 102.75970635)
  (1951.20400000,  97.25378914)
  (1951.28800000,  91.70429608)
  (1951.37100000,  86.12546193)
  (1951.45500000,  80.53065278)
  (1951.53800000,  74.93542888)
  (1951.62300000,  69.35230839)
  (1951.70700000,  63.79517536)
  (1951.79000000,  58.27778967)
  (1951.87400000,  52.81470848)
  (1951.95800000,  47.41886755)
  (1952.04200000,  42.10407196)
  (1952.12400000,  36.88401676)
  (1952.20600000,  31.77186386)
  (1952.29000000,  26.77982713)
  (1952.37300000,  21.92220265)
  (1952.45600000,  17.21009105)
  (1952.54000000,  12.65655638)
  (1952.62400000,   8.27164062)
  (1952.70800000,   4.06558699)
  (1952.79100000,   0.05092346)
  (1952.87400000,  -3.76274068)
  (1952.95800000,  -7.36538095)
  (1953.04200000, -10.74956657)
  (1953.12300000, -13.90433683)
  (1953.20400000, -16.82150600)
  (1953.28800000, -19.49384959)
  (1953.37100000, -21.91446740)
  (1953.45500000, -24.07749822)
  (1953.53800000, -25.97571254)
  (1953.62300000, -27.60427698)
  (1953.70700000, -28.95950672)
  (1953.79000000, -30.03871849)
  (1953.87400000, -30.83909089)
  (1953.95800000, -31.35631309)
  (1954.04200000, -31.58923566)
  (1954.12300000, -31.53715870)
  (1954.20400000, -31.19869668)
  (1954.28800000, -30.57575879)
  (1954.37100000, -29.67047614)
  (1954.45500000, -28.48410137)
  (1954.53800000, -27.01755500)
  (1954.62300000, -25.27601398)
  (1954.70700000, -23.26203976)
  (1954.79000000, -20.98224451)
  (1954.87400000, -18.43950689)
  (1954.95800000, -15.64200113)
  (1955.04200000, -12.59616047)
  (1955.12300000,  -9.30994322)
  (1955.20400000,  -5.78971377)
  (1955.28800000,  -2.04367610)
  (1955.37100000,   1.91975134)
  (1955.45500000,   6.09057517)
  (1955.53800000,  10.45698207)
  (1955.62300000,  15.00801601)
  (1955.70700000,  19.73239437)
  (1955.79000000,  24.61899495)
  (1955.87400000,  29.65551917)
  (1955.95800000,  34.83098810)
  (1956.04200000,  40.13176538)
  (1956.12400000,  45.54449446)
  (1956.20600000,  51.05674709)
  (1956.29000000,  56.65545624)
  (1956.37300000,  62.32489588)
  (1956.45600000,  68.05216580)
  (1956.54000000,  73.82247354)
  (1956.62400000,  79.62296021)
  (1956.70800000,  85.43807861)
  (1956.79100000,  91.25333875)
  (1956.87400000,  97.05286564)
  (1956.95800000, 102.82267667)
  (1957.04200000, 108.54872906)
  (1957.12300000, 114.21671716)
  (1957.20400000, 119.81305447)
  (1957.28800000, 125.32338888)
  (1957.37100000, 130.73559887)
  (1957.45500000, 136.03473004)
  (1957.53800000, 141.20852451)
  (1957.62300000, 146.24227558)
  (1957.70700000, 151.12278674)
  (1957.79000000, 155.83635613)
  (1957.87400000, 160.37397879)
  (1957.95800000, 164.72280344)
  (1958.04200000, 168.87197347)
  (1958.12300000, 172.80991044)
  (1958.20400000, 176.52862182)
  (1958.28800000, 180.01775628)
  (1958.37100000, 183.26860369)
  (1958.45500000, 186.27165879)
  (1958.53800000, 189.01947483)
  (1958.62300000, 191.50568906)
  (1958.70700000, 193.72554812)
  (1958.79000000, 195.67154580)
  (1958.87400000, 197.33715998)
  (1958.95800000, 198.71880325)
  (1959.04200000, 199.81125713)
  (1959.12300000, 200.61291970)
  (1959.20400000, 201.12125250)
  (1959.28800000, 201.33482255)
  (1959.37100000, 201.25251315)
  (1959.45500000, 200.87656628)
  (1959.53800000, 200.20639229)
  (1959.62300000, 199.24311614)
  (1959.70700000, 197.98854860)
  (1959.79000000, 196.44554025)
  (1959.87400000, 194.61685145)
  (1959.95800000, 192.50674643)
  (1960.04200000, 190.12101682)
  (1960.12400000, 187.46424770)
  (1960.20600000, 184.54421357)
  (1960.29000000, 181.36765678)
  (1960.37300000, 177.94217176)
  (1960.45600000, 174.27544878)
  (1960.54000000, 170.37588674)
  (1960.62400000, 166.25447022)
  (1960.70800000, 161.92214272)
  (1960.79100000, 157.38792513)
  (1960.87400000, 152.66366654)
  (1960.95800000, 147.76004307)
  (1961.04200000, 142.68950007)
  (1961.12300000, 137.46444370)
  (1961.20400000, 132.09747716)
  (1961.28800000, 126.60030870)
  (1961.37100000, 120.98644057)
  (1961.45500000, 115.27134924)
  (1961.53800000, 109.46971936)
  (1961.62300000, 103.59696818)
  (1961.70700000,  97.66529799)
  (1961.79000000,  91.68973017)
  (1961.87400000,  85.68546288)
  (1961.95800000,  79.66772478)
  (1962.04200000,  73.65044186)
  (1962.12300000,  67.64921403)
  (1962.20400000,  61.67819674)
  (1962.28800000,  55.75343600)
  (1962.37100000,  49.88904194)
  (1962.45500000,  44.09952049)
  (1962.53800000,  38.40086906)
  (1962.62300000,  32.80632251)
  (1962.70700000,  27.32928179)
  (1962.79000000,  21.98600850)
  (1962.87400000,  16.78807957)
  (1962.95800000,  11.74921377)
  (1963.04200000,   6.88201838)
  (1963.12300000,   2.19724022)
  (1963.20400000,  -2.29225077)
  (1963.28800000,  -6.57450642)
  (1963.37100000, -10.63876419)
  (1963.45500000, -14.47546417)
  (1963.53800000, -18.07333238)
  (1963.62300000, -21.42330132)
  (1963.70700000, -24.51651854)
  (1963.79000000, -27.34454897)
  (1963.87400000, -29.90117824)
  (1963.95800000, -32.17916821)
  (1964.04200000, -34.17352430)
  (1964.12400000, -35.87806481)
  (1964.20600000, -37.28794897)
  (1964.29000000, -38.40065564)
  (1964.37300000, -39.21306665)
  (1964.45600000, -39.72230681)
  (1964.54000000, -39.92709579)
  (1964.62400000, -39.82630705)
  (1964.70800000, -39.41853790)
  (1964.79100000, -38.70591575)
  (1964.87400000, -37.68934306)
  (1964.95800000, -36.37007618)
  (1965.04200000, -34.75201817)
  (1965.12300000, -32.83909457)
  (1965.20400000, -30.63722135)
  (1965.28800000, -28.15038509)
  (1965.37100000, -25.38446571)
  (1965.45500000, -22.34663633)
  (1965.53800000, -19.04488072)
  (1965.62300000, -15.48614206)
  (1965.70700000, -11.67754207)
  (1965.79000000,  -7.63076195)
  (1965.87400000,  -3.35549534)
  (1965.95800000,   1.13730003)
  (1966.04200000,   5.83871155)
  (1966.12300000,  10.73765302)
  (1966.20400000,  15.81942349)
  (1966.28800000,  21.07271934)
  (1966.37100000,  26.48639206)
  (1966.45500000,  32.04667207)
  (1966.53800000,  37.73884471)
  (1966.62300000,  43.54815164)
  (1966.70700000,  49.46084459)
  (1966.79000000,  55.46160062)
  (1966.87400000,  61.53633892)
  (1966.95800000,  67.66956880)
  (1967.04200000,  73.84698928)
  (1967.12300000,  80.05276956)
  (1967.20400000,  86.27179546)
  (1967.28800000,  92.48790757)
  (1967.37100000,  98.68512102)
  (1967.45500000, 104.84909442)
  (1967.53800000, 110.96476304)
  (1967.62300000, 117.01679959)
  (1967.70700000, 122.98944158)
  (1967.79000000, 128.86858565)
  (1967.87400000, 134.63732471)
  (1967.95800000, 140.28230747)
  (1968.04200000, 145.79040256)
  (1968.12400000, 151.14727306)
  (1968.20600000, 156.33936549)
  (1968.29000000, 161.35323914)
  (1968.37300000, 166.17606021)
  (1968.45600000, 170.79701694)
  (1968.54000000, 175.20383540)
  (1968.62400000, 179.38688030)
  (1968.70800000, 183.33461799)
  (1968.79100000, 187.03709279)
  (1968.87400000, 190.48517010)
  (1968.95800000, 193.67132121)
  (1969.04200000, 196.58489217)
  (1969.12300000, 199.21845693)
  (1969.20400000, 201.56748323)
  (1969.28800000, 203.62574752)
  (1969.37100000, 205.38873129)
  (1969.45500000, 206.85003413)
  (1969.53800000, 208.00554614)
  (1969.62300000, 208.85411682)
  (1969.70700000, 209.39318153)
  (1969.79000000, 209.62084902)
  (1969.87400000, 209.53594068)
  (1969.95800000, 209.13875429)
  (1970.04200000, 208.42862058)
  (1970.12300000, 207.41021242)
  (1970.20400000, 206.08357320)
  (1970.28800000, 204.45227874)
  (1970.37100000, 202.52082747)
  (1970.45500000, 200.29370574)
  (1970.53800000, 197.77615245)
  (1970.62300000, 194.97537455)
  (1970.70700000, 191.89671405)
  (1970.79000000, 188.54768563)
  (1970.87400000, 184.93685502)
  (1970.95800000, 181.07122438)
  (1971.04200000, 176.96288367)
  (1971.12300000, 172.62125951)
  (1971.20400000, 168.05611591)
  (1971.28800000, 163.27949711)
  (1971.37100000, 158.30270190)
  (1971.45500000, 153.13860141)
  (1971.53800000, 147.80005114)
  (1971.62300000, 142.29841062)
  (1971.70700000, 136.64744067)
  (1971.79000000, 130.86237673)
  (1971.87400000, 124.95766578)
  (1971.95800000, 118.94638344)
  (1972.04200000, 112.84380788)
  (1972.12400000, 106.66376764)
  (1972.20600000, 100.42290749)
  (1972.29000000,  94.13710360)
  (1972.37300000,  87.82113193)
  (1972.45600000,  81.49005721)
  (1972.54000000,  75.16011392)
  (1972.62400000,  68.84866032)
  (1972.70800000,  62.56912718)
  (1972.79100000,  56.33641265)
  (1972.87400000,  50.16646894)
  (1972.95800000,  44.07597417)
  (1973.04200000,  38.07930681)
  (1973.12300000,  32.19127421)
  (1973.20400000,  26.42673806)
  (1973.28800000,  20.79965799)
  (1973.37100000,  15.32370991)
  (1973.45500000,  10.01236428)
  (1973.53800000,   4.87898144)
  (1973.62300000,  -0.06300609)
  (1973.70700000,  -4.80189409)
  (1973.79000000,  -9.32578260)
  (1973.87400000, -13.62363551)
  (1973.95800000, -17.68518853)
  (1974.04200000, -21.50008693)
  (1974.12300000, -25.05849453)
  (1974.20400000, -28.35236139)
  (1974.28800000, -31.37265258)
  (1974.37100000, -34.11255831)
  (1974.45500000, -36.56344151)
  (1974.53800000, -38.72113172)
  (1974.62300000, -40.58001859)
  (1974.70700000, -42.13416626)
  (1974.79000000, -43.38016416)
  (1974.87400000, -44.31395929)
  (1974.95800000, -44.93443444)
  (1975.04200000, -45.24053844)
  (1975.12300000, -45.23014535)
  (1975.20400000, -44.90313190)
  (1975.28800000, -44.26145972)
  (1975.37100000, -43.30661188)
  (1975.45500000, -42.04000595)
  (1975.53800000, -40.46581452)
  (1975.62300000, -38.58663288)
  (1975.70700000, -36.40402376)
  (1975.79000000, -33.92750421)
  (1975.87400000, -31.16217712)
  (1975.95800000, -28.11509038)
  (1976.04200000, -24.79338545)
  (1976.12400000, -21.20453949)
  (1976.20600000, -17.35728544)
  (1976.29000000, -13.26269339)
  (1976.37300000,  -8.93034095)
  (1976.45600000,  -4.36970097)
  (1976.54000000,   0.40639587)
  (1976.62400000,   5.38626877)
  (1976.70800000,  10.55855855)
  (1976.79100000,  15.91102169)
  (1976.87400000,  21.42952156)
  (1976.95800000,  27.10236723)
  (1977.04200000,  32.91351431)
  (1977.12300000,  38.84875097)
  (1977.20400000,  44.89387377)
  (1977.28800000,  51.03502088)
  (1977.37100000,  57.25650995)
  (1977.45500000,  63.54335743)
  (1977.53800000,  69.87944372)
  (1977.62300000,  76.24960327)
  (1977.70700000,  82.63652574)
  (1977.79000000,  89.02805288)
  (1977.87400000,  95.40720541)
  (1977.95800000, 101.75659347)
  (1978.04200000, 108.06044736)
  (1978.12300000, 114.30494686)
  (1978.20400000, 120.47385533)
  (1978.28800000, 126.55263995)
  (1978.37100000, 132.52670576)
  (1978.45500000, 138.37985863)
  (1978.53800000, 144.09892069)
  (1978.62300000, 149.66997196)
  (1978.70700000, 155.07867107)
  (1978.79000000, 160.31107271)
  (1978.87400000, 165.35573592)
  (1978.95800000, 170.19954051)
  (1979.04200000, 174.83083376)
  (1979.12300000, 179.23831647)
  (1979.20400000, 183.41178354)
  (1979.28800000, 187.33981260)
  (1979.37100000, 191.01242512)
  (1979.45500000, 194.42271403)
  (1979.53800000, 197.56250097)
  (1979.62300000, 200.42439672)
  (1979.70700000, 202.99919952)
  (1979.79000000, 205.28073977)
  (1979.87400000, 207.26378774)
  (1979.95800000, 208.94504241)
  (1980.04200000, 210.32002832)
  (1980.12400000, 211.38505112)
  (1980.20600000, 212.13672894)
  (1980.29000000, 212.57317813)
  (1980.37300000, 212.69558189)
  (1980.45600000, 212.50214777)
  (1980.54000000, 211.99427834)
  (1980.62400000, 211.17253492)
  (1980.70800000, 210.03762729)
  (1980.79100000, 208.59534488)
  (1980.87400000, 206.84739657)
  (1980.95800000, 204.79791970)
  (1981.04200000, 202.45283226)
  (1981.12300000, 199.81882999)
  (1981.20400000, 196.90024608)
  (1981.28800000, 193.70707188)
  (1981.37100000, 190.24563397)
  (1981.45500000, 186.52426312)
  (1981.53800000, 182.55342927)
  (1981.62300000, 178.34174307)
  (1981.70700000, 173.90009553)
  (1981.79000000, 169.23967765)
  (1981.87400000, 164.37146336)
  (1981.95800000, 159.30645266)
  (1982.04200000, 154.05816385)
  (1982.12300000, 148.63913265)
  (1982.20400000, 143.06446830)
  (1982.28800000, 137.34814716)
  (1982.37100000, 131.50174770)
  (1982.45500000, 125.54031366)
  (1982.53800000, 119.47975027)
  (1982.62300000, 113.33340567)
  (1982.70700000, 107.11682998)
  (1982.79000000, 100.84532718)
  (1982.87400000,  94.53372309)
  (1982.95800000,  88.19838215)
  (1983.04200000,  81.85505945)
  (1983.12300000,  75.51848018)
  (1983.20400000,  69.20533194)
  (1983.28800000,  62.92970290)
  (1983.37100000,  56.70744625)
  (1983.45500000,  50.55346549)
  (1983.53800000,  44.48142872)
  (1983.62300000,  38.50724582)
  (1983.70700000,  32.64524609)
  (1983.79000000,  26.90960799)
  (1983.87400000,  21.31408688)
  (1983.95800000,  15.87335675)
  (1984.04200000,  10.60128966)
  (1984.12400000,   5.50851938)
  (1984.20600000,   0.60799118)
  (1984.29000000,  -4.08779242)
  (1984.37300000,  -8.56775010)
  (1984.45600000, -12.81960280)
  (1984.54000000, -16.83510182)
  (1984.62400000, -20.60340500)
  (1984.70800000, -24.11534594)
  (1984.79100000, -27.36386489)
  (1984.87400000, -30.34072456)
  (1984.95800000, -33.03982689)
  (1985.04200000, -35.45354077)
  (1985.12300000, -37.57496748)
  (1985.20400000, -39.40175174)
  (1985.28800000, -40.92834965)
  (1985.37100000, -42.15044856)
  (1985.45500000, -43.06586504)
  (1985.53800000, -43.67258105)
  (1985.62300000, -43.96927377)
  (1985.70700000, -43.95568805)
  (1985.79000000, -43.63197287)
  (1985.87400000, -42.99852534)
  (1985.95800000, -42.05781814)
  (1986.04200000, -40.81200563)
  (1986.12300000, -39.26527769)
  (1986.20400000, -37.42064243)
  (1986.28800000, -35.28355809)
  (1986.37100000, -32.85858141)
  (1986.45500000, -30.15243110)
  (1986.53800000, -27.17094948)
  (1986.62300000, -23.92130404)
  (1986.70700000, -20.41244622)
  (1986.79000000, -16.65317844)
  (1986.87400000, -12.65376217)
  (1986.95800000,  -8.42286658)
  (1987.04200000,  -3.97136123)
  (1987.12300000,   0.68941493)
  (1987.20400000,   5.54886239)
  (1987.28800000,  10.59479454)
  (1987.37100000,  15.81478950)
  (1987.45500000,  21.19439688)
  (1987.53800000,  26.72194251)
  (1987.62300000,  32.38384809)
  (1987.70700000,  38.16559521)
  (1987.79000000,  44.05302225)
  (1987.87400000,  50.03242996)
  (1987.95800000,  56.08866733)
  (1988.04200000,  62.20565614)
  (1988.12400000,  68.36938736)
  (1988.20600000,  74.56499747)
  (1988.29000000,  80.77789809)
  (1988.37300000,  86.99240109)
  (1988.45600000,  93.19453554)
  (1988.54000000,  99.36818736)
  (1988.62400000, 105.50043649)
  (1988.70800000, 111.57374904)
  (1988.79100000, 117.57380578)
  (1988.87400000, 123.48610858)
  (1988.95800000, 129.29754183)
  (1989.04200000, 134.99239182)
  (1989.12300000, 140.55849395)
  (1989.20400000, 145.98284263)
  (1989.28800000, 151.25272691)
  (1989.37100000, 156.35472761)
  (1989.45500000, 161.27613393)
  (1989.53800000, 166.00626111)
  (1989.62300000, 170.53365030)
  (1989.70700000, 174.84666302)
  (1989.79000000, 178.93542099)
  (1989.87400000, 182.79161378)
  (1989.95800000, 186.40508775)
  (1990.04200000, 189.76793318)
  (1990.12300000, 192.87117662)
  (1990.20400000, 195.70689195)
  (1990.28800000, 198.26891965)
  (1990.37100000, 200.55233188)
  (1990.45500000, 202.55121682)
  (1990.53800000, 204.26215680)
  (1990.62300000, 205.67977668)
  (1990.70700000, 206.80144950)
  (1990.79000000, 207.62407513)
  (1990.87400000, 208.14649556)
  (1990.95800000, 208.36666272)
  (1991.04200000, 208.28757283)
  (1991.12300000, 207.90856069)
  (1991.20400000, 207.23082639)
  (1991.28800000, 206.25451977)
  (1991.37100000, 204.98318509)
  (1991.45500000, 203.41971148)
  (1991.53800000, 201.56799455)
  (1991.62300000, 199.43424810)
  (1991.70700000, 197.02328832)
  (1991.79000000, 194.34254547)
  (1991.87400000, 191.39655851)
  (1991.95800000, 188.19511787)
  (1992.04200000, 184.74434279)
  (1992.12400000, 181.05343535)
  (1992.20600000, 177.13254606)
  (1992.29000000, 172.99045001)
  (1992.37300000, 168.63728803)
  (1992.45600000, 164.08468087)
  (1992.54000000, 159.34514688)
  (1992.62400000, 154.42872723)
  (1992.70800000, 149.34721346)
  (1992.79100000, 144.11284408)
  (1992.87400000, 138.73893800)
  (1992.95800000, 133.23850700)
  (1993.04200000, 127.62628144)
  (1993.12300000, 121.91451126)
  (1993.20400000, 116.11765270)
  (1993.28800000, 110.25150276)
  (1993.37100000, 104.32864175)
  (1993.45500000,  98.36349550)
  (1993.53800000,  92.37134164)
  (1993.62300000,  86.36572196)
  (1993.70700000,  80.36220447)
  (1993.79000000,  74.37397591)
  (1993.87400000,  68.41693014)
  (1993.95800000,  62.50530129)
  (1994.04200000,  56.65410754)
  (1994.12300000,  50.87671284)
  (1994.20400000,  45.18608921)
  (1994.28800000,  39.59622713)
  (1994.37100000,  34.12126907)
  (1994.45500000,  28.77284231)
  (1994.53800000,  23.56299954)
  (1994.62300000,  18.50620216)
  (1994.70700000,  13.61548036)
  (1994.79000000,   8.89947279)
  (1994.87400000,   4.37057415)
  (1994.95800000,   0.03873138)
  (1995.04200000,  -4.08536819)
  (1995.12300000,  -7.99162695)
  (1995.20400000, -11.67266332)
  (1995.28800000, -15.12027918)
  (1995.37100000, -18.32492505)
  (1995.45500000, -21.27966781)
  (1995.53800000, -23.97824293)
  (1995.62300000, -26.41384384)
  (1995.70700000, -28.58204451)
  (1995.79000000, -30.47783671)
  (1995.87400000, -32.09735508)
  (1995.95800000, -33.43642922)
  (1996.04200000, -34.49260375)
  (1996.12400000, -35.26350206)
  (1996.20600000, -35.74808972)
  (1996.29000000, -35.94617334)
  (1996.37300000, -35.85784402)
  (1996.45600000, -35.48319541)
  (1996.54000000, -34.82287031)
  (1996.62400000, -33.88062709)
  (1996.70800000, -32.65878680)
  (1996.79100000, -31.16052608)
  (1996.87400000, -29.38961469)
  (1996.95800000, -27.35097718)
  (1997.04200000, -25.05046997)
  (1997.12300000, -22.49595080)
  (1997.20400000, -19.69183915)
  (1997.28800000, -16.64509932)
  (1997.37100000, -13.36443408)
  (1997.45500000,  -9.85898283)
  (1997.53800000,  -6.13667572)
  (1997.62300000,  -2.20706144)
  (1997.70700000,   1.91903754)
  (1997.79000000,   6.23099087)
  (1997.87400000,  10.71956510)
  (1997.95800000,  15.37449321)
  (1998.04200000,  20.18401322)
  (1998.12300000,  25.13489984)
  (1998.20400000,  30.21470712)
  (1998.28800000,  35.41175645)
  (1998.37100000,  40.71181290)
  (1998.45500000,  46.10330500)
  (1998.53800000,  51.57477217)
  (1998.62300000,  57.11234218)
  (1998.70700000,  62.70097512)
  (1998.79000000,  68.32740227)
  (1998.87400000,  73.98019932)
  (1998.95800000,  79.64388676)
  (1999.04200000,  85.30446396)
  (1999.12300000,  90.94879694)
  (1999.20400000,  96.56295986)
  (1999.28800000, 102.13285832)
  (1999.37100000, 107.64693723)
  (1999.45500000, 113.09278863)
  (1999.53800000, 118.45430973)
  (1999.62300000, 123.72194160)
  (1999.70700000, 128.88200582)
  (1999.79000000, 133.92239825)
  (1999.87400000, 138.83046065)
  (1999.95800000, 143.59482511)
  (2000.04200000, 148.20416267)
  (2000.12400000, 152.64839262)
  (2000.20600000, 156.91772313)
  (2000.29000000, 161.00171228)
  (2000.37300000, 164.89135327)
  (2000.45600000, 168.57729211)
  (2000.54000000, 172.05068899)
  (2000.62400000, 175.30316532)
  (2000.70800000, 178.32973558)
  (2000.79100000, 181.12360750)
  (2000.87400000, 183.67647973)
  (2000.95800000, 185.98350884)
  (2001.04200000, 188.04110038)
  (2001.12300000, 189.84267238)
  (2001.20400000, 191.38380929)
  (2001.28800000, 192.66427815)
  (2001.37100000, 193.68059082)
  (2001.45500000, 194.42973814)
  (2001.53800000, 194.91203716)
  (2001.62300000, 195.12559331)
  (2001.70700000, 195.07137971)
  (2001.79000000, 194.74941177)
  (2001.87400000, 194.16088110)
  (2001.95800000, 193.30844639)
  (2002.04200000, 192.19631922)
  (2002.12300000, 190.82502247)
  (2002.20400000, 189.20051024)
  (2002.28800000, 187.32769940)
  (2002.37100000, 185.21061828)
  (2002.45500000, 182.85554747)
  (2002.53800000, 180.26898901)
  (2002.62300000, 177.45731887)
  (2002.70700000, 174.42639723)
  (2002.79000000, 171.18536716)
  (2002.87400000, 167.74190309)
  (2002.95800000, 164.10526449)
  (2003.04200000, 160.28383832)
  (2003.12300000, 156.28834456)
  (2003.20400000, 152.12848603)
  (2003.28800000, 147.81405018)
  (2003.37100000, 143.35723903)
  (2003.45500000, 138.76860297)
  (2003.53800000, 134.05922957)
  (2003.62300000, 129.24149028)
  (2003.70700000, 124.32647725)
  (2003.79000000, 119.32458475)
  (2003.87400000, 114.24823293)
  (2003.95800000, 109.10987228)
  (2004.04200000, 103.92231979)
  (2004.12400000,  98.69994588)
  (2004.20600000,  93.45507294)
  (2004.29000000,  88.19977577)
  (2004.37300000,  82.94675659)
  (2004.45600000,  77.70808855)
  (2004.54000000,  72.49657411)
  (2004.62400000,  67.32516266)
  (2004.70800000,  62.20580742)
  (2004.79100000,  57.14982763)
  (2004.87400000,  52.16999825)
  (2004.95800000,  47.27744887)
  (2005.04200000,  42.48458766)
  (2005.12300000,  37.80058246)
  (2005.20400000,  33.23739571)
  (2005.28800000,  28.80675819)
  (2005.37100000,  24.51725533)
  (2005.45500000,  20.38080492)
  (2005.53800000,  16.40588630)
  (2005.62300000,  12.60104802)
  (2005.70700000,   8.97558576)
  (2005.79000000,   5.53785900)
  (2005.87400000,   2.29336089)
  (2005.95800000,  -0.75009700)
  (2006.04200000,  -3.58565862)
  (2006.12300000,  -6.20744910)
  (2006.20400000,  -8.60922148)
  (2006.28800000, -10.78556059)
  (2006.37100000, -12.73363795)
  (2006.45500000, -14.44732364)
  (2006.53800000, -15.92395176)
  (2006.62300000, -17.16141031)
  (2006.70700000, -18.15722340)
  (2006.79000000, -18.90777088)
  (2006.87400000, -19.41511672)
  (2006.95800000, -19.67850715)
  (2007.04200000, -19.69854642)
  (2007.12300000, -19.47484197)
  (2007.20400000, -19.01014288)
  (2007.28800000, -18.30665172)
  (2007.37100000, -17.36495375)
  (2007.45500000, -16.18821961)
  (2007.53800000, -14.78169449)
  (2007.62300000, -13.14816624)
  (2007.70700000, -11.29346308)
  (2007.79000000,  -9.22360819)
  (2007.87400000,  -6.94229892)
  (2007.95800000,  -4.45632350)
  (2008.04200000,  -1.77267179)
  (2008.12400000,   1.09954868)
  (2008.20600000,   4.15356580)
  (2008.29000000,   7.38149854)
  (2008.37300000,  10.77595324)
  (2008.45600000,  14.32600930)
  (2008.54000000,  18.02466176)
  (2008.62400000,  21.86226748)
  (2008.70800000,  25.82995309)
  (2008.79100000,  29.91624476)
  (2008.87400000,  34.11035629)
  (2008.95800000,  38.40178997)
  (2009.04200000,  42.78166047)
  (2009.12300000,  47.23852328)
  (2009.20400000,  51.75976859)
  (2009.28800000,  56.33632814)
  (2009.37100000,  60.95605042)
  (2009.45500000,  65.60835484)
  (2009.53800000,  70.28193059)
  (2009.62300000,  74.96412276)
  (2009.70700000,  79.64406949)
  (2009.79000000,  84.31132541)
  (2009.87400000,  88.95431730)
  (2009.95800000,  93.56394983)
  (2010.04200000,  98.13008140)
  (2010.12300000, 102.64123264)
  (2010.20400000, 107.08392031)
  (2010.28800000, 111.45067184)
  (2010.37100000, 115.73041381)
  (2010.45500000, 119.91401720)
  (2010.53800000, 123.99071552)
  (2010.62300000, 127.95130791)
  (2010.70700000, 131.78762070)
  (2010.79000000, 135.49266516)
  (2010.87400000, 139.05744559)
  (2010.95800000, 142.47327462)
  (2011.04200000, 145.73276071)
  (2011.12300000, 148.82854349)
  (2011.20400000, 151.75624868)
  (2011.28800000, 154.50870350)
  (2011.37100000, 157.07955769)
  (2011.45500000, 159.46328199)
  (2011.53800000, 161.65512291)
  (2011.62300000, 163.64915314)
  (2011.70700000, 165.44465907)
  (2011.79000000, 167.03809389)
  (2011.87400000, 168.42584557)
  (2011.95800000, 169.60434057)
  (2012.04200000, 170.57356226)
  (2012.12400000, 171.33197353)
  (2012.20600000, 171.87967033)
  (2012.29000000, 172.21431069)
  (2012.37300000, 172.33547856)
  (2012.45600000, 172.24628139)
  (2012.54000000, 171.94745640)
  (2012.62400000, 171.43972430)
  (2012.70800000, 170.72590201)
  (2012.79100000, 169.80813302)
  (2012.87400000, 168.68931847)
  (2012.95800000, 167.37544949)
  (2013.04200000, 165.86848828)
  (2013.12300000, 164.17360116)
  (2013.20400000, 162.29501621)
  (2013.28800000, 160.23914239)
  (2013.37100000, 158.01044109)
  (2013.45500000, 155.61599050)
  (2013.53800000, 153.06128568)
  (2013.62300000, 150.35351458)
  (2013.70700000, 147.49993470)
  (2013.79000000, 144.50975283)
  (2013.87400000, 141.38886279)
  (2013.95800000, 138.14613888)
  (2014.04200000, 134.78935110)
  (2014.12300000, 131.32703141)
  (2014.20400000, 127.76649295)
  (2014.28800000, 124.11684709)
  (2014.37100000, 120.38691631)
  (2014.45500000, 116.58782274)
  (2014.53800000, 112.72890464)
  (2014.62300000, 108.81926973)
  (2014.70700000, 104.86698925)
  (2014.79000000, 100.88207018)
  (2014.87400000,  96.87450521)
  (2014.95800000,  92.85225220)
  (2015.04200000,  88.82592262)
  (2015.12300000,  84.80542060)
  (2015.20400000,  80.80013795)
  (2015.28800000,  76.81780223)
  (2015.37100000,  72.86991264)
  (2015.45500000,  68.96493771)
  (2015.53800000,  65.11103748)
  (2015.62300000,  61.31690877)
  (2015.70700000,  57.59103777)
  (2015.79000000,  53.94168863)
  (2015.87400000,  50.37766641)
  (2015.95800000,  46.90596210)
  (2016.04200000,  43.53475746)
  (2016.12400000,  40.27153447)
  (2016.20600000,  37.12263359)
  (2016.28800000,  34.09548008)
  (2016.37300000,  31.19599013)
  (2016.45500000,  28.43053742)
  (2016.54000000,  25.80436035)
  (2016.62400000,  23.32239566)
  (2016.70600000,  20.98945792)
  (2016.79100000,  18.81031243)
  (2016.87300000,  16.78858661)
  (2016.95800000,  14.92861376)
  (2017.04200000,  13.23442422)
  (2017.12200000,  11.70896422)
  (2017.20400000,  10.35428833)
  (2017.28600000,   9.17278733)
  (2017.37100000,   8.16567269)
  (2017.45300000,   7.33322659)
  (2017.53800000,   6.67755681)
  (2017.62300000,   6.19989226)
  (2017.70500000,   5.89918156)
  (2017.79000000,   5.77579755)
  (2017.87300000,   5.82745189)
  (2017.95800000,   6.05374396)
  (2018.04200000,   6.45254432)
  (2018.12200000,   7.02328527)
  (2018.20400000,   7.76168717)
  (2018.28600000,   8.66569130)
  (2018.37100000,   9.73202558)
  (2018.45300000,  10.95738904)
  (2018.53800000,  12.33679496)
  (2018.62300000,  13.86586154)
  (2018.70500000,  15.53900536)
  (2018.79000000,  17.35365863)
  (2018.87300000,  19.30313095)
  (2018.95800000,  21.38391207)
  (2019.04200000,  23.58880197)
  (2019.12200000,  25.91050655)
  (2019.20400000,  28.34213736)
  (2019.28600000,  30.87862943)
  (2019.37100000,  33.51641583)
  (2019.45300000,  36.24468807)
  (2019.53800000,  39.06000638)
  (2019.62300000,  41.95361974)
  (2019.70500000,  44.91752628)
  (2019.79000000,  47.94422180)
  (2019.87300000,  51.02684833)
  (2019.95800000,  54.15578765)
  (2020.04200000,  57.32396195)
  (2020.12400000,  60.52254428)
  (2020.20600000,  63.74582036)
  (2020.28800000,  66.98764878)
  (2020.37300000,  70.23889943)
  (2020.45500000,  73.49293640)
  (2020.54000000,  76.74115433)
  (2020.62400000,  79.97629476)
  (2020.70600000,  83.19462849)
  (2020.79100000,  86.38725385)
  (2020.87300000,  89.54393113)
  (2020.95800000,  92.66004366)
  (2021.04200000,  95.72696535)
  (2021.12200000,  98.73962312)
  (2021.20400000, 101.68812673)
  (2021.28600000, 104.56058717)
]
