%=============================================================================
% Daniel J. Greenhoe 
% Sunspot data file suitable for use with LaTeX PStricks / pst-plot
% For an example, see "sunspots_walsh_synth.tex"
% This file auto-generated using "sunspots.R" --- hand-editing not recommended
% Total RMS synthesis error using 1 coefficients =   1.50526738
% Basis vector length = 2048
%=============================================================================
[
  (1850.70700000,  83.11284180)
  (1850.79000000,  83.11284180)
  (1850.87400000,  83.11284180)
  (1850.95800000,  83.11284180)
  (1851.04200000,  83.11284180)
  (1851.12300000,  83.11284180)
  (1851.20400000,  83.11284180)
  (1851.28800000,  83.11284180)
  (1851.37100000,  83.11284180)
  (1851.45500000,  83.11284180)
  (1851.53800000,  83.11284180)
  (1851.62300000,  83.11284180)
  (1851.70700000,  83.11284180)
  (1851.79000000,  83.11284180)
  (1851.87400000,  83.11284180)
  (1851.95800000,  83.11284180)
  (1852.04200000,  83.11284180)
  (1852.12400000,  83.11284180)
  (1852.20600000,  83.11284180)
  (1852.29000000,  83.11284180)
  (1852.37300000,  83.11284180)
  (1852.45600000,  83.11284180)
  (1852.54000000,  83.11284180)
  (1852.62400000,  83.11284180)
  (1852.70800000,  83.11284180)
  (1852.79100000,  83.11284180)
  (1852.87400000,  83.11284180)
  (1852.95800000,  83.11284180)
  (1853.04200000,  83.11284180)
  (1853.12300000,  83.11284180)
  (1853.20400000,  83.11284180)
  (1853.28800000,  83.11284180)
  (1853.37100000,  83.11284180)
  (1853.45500000,  83.11284180)
  (1853.53800000,  83.11284180)
  (1853.62300000,  83.11284180)
  (1853.70700000,  83.11284180)
  (1853.79000000,  83.11284180)
  (1853.87400000,  83.11284180)
  (1853.95800000,  83.11284180)
  (1854.04200000,  83.11284180)
  (1854.12300000,  83.11284180)
  (1854.20400000,  83.11284180)
  (1854.28800000,  83.11284180)
  (1854.37100000,  83.11284180)
  (1854.45500000,  83.11284180)
  (1854.53800000,  83.11284180)
  (1854.62300000,  83.11284180)
  (1854.70700000,  83.11284180)
  (1854.79000000,  83.11284180)
  (1854.87400000,  83.11284180)
  (1854.95800000,  83.11284180)
  (1855.04200000,  83.11284180)
  (1855.12300000,  83.11284180)
  (1855.20400000,  83.11284180)
  (1855.28800000,  83.11284180)
  (1855.37100000,  83.11284180)
  (1855.45500000,  83.11284180)
  (1855.53800000,  83.11284180)
  (1855.62300000,  83.11284180)
  (1855.70700000,  83.11284180)
  (1855.79000000,  83.11284180)
  (1855.87400000,  83.11284180)
  (1855.95800000,  83.11284180)
  (1856.04200000,  83.11284180)
  (1856.12400000,  83.11284180)
  (1856.20600000,  83.11284180)
  (1856.29000000,  83.11284180)
  (1856.37300000,  83.11284180)
  (1856.45600000,  83.11284180)
  (1856.54000000,  83.11284180)
  (1856.62400000,  83.11284180)
  (1856.70800000,  83.11284180)
  (1856.79100000,  83.11284180)
  (1856.87400000,  83.11284180)
  (1856.95800000,  83.11284180)
  (1857.04200000,  83.11284180)
  (1857.12300000,  83.11284180)
  (1857.20400000,  83.11284180)
  (1857.28800000,  83.11284180)
  (1857.37100000,  83.11284180)
  (1857.45500000,  83.11284180)
  (1857.53800000,  83.11284180)
  (1857.62300000,  83.11284180)
  (1857.70700000,  83.11284180)
  (1857.79000000,  83.11284180)
  (1857.87400000,  83.11284180)
  (1857.95800000,  83.11284180)
  (1858.04200000,  83.11284180)
  (1858.12300000,  83.11284180)
  (1858.20400000,  83.11284180)
  (1858.28800000,  83.11284180)
  (1858.37100000,  83.11284180)
  (1858.45500000,  83.11284180)
  (1858.53800000,  83.11284180)
  (1858.62300000,  83.11284180)
  (1858.70700000,  83.11284180)
  (1858.79000000,  83.11284180)
  (1858.87400000,  83.11284180)
  (1858.95800000,  83.11284180)
  (1859.04200000,  83.11284180)
  (1859.12300000,  83.11284180)
  (1859.20400000,  83.11284180)
  (1859.28800000,  83.11284180)
  (1859.37100000,  83.11284180)
  (1859.45500000,  83.11284180)
  (1859.53800000,  83.11284180)
  (1859.62300000,  83.11284180)
  (1859.70700000,  83.11284180)
  (1859.79000000,  83.11284180)
  (1859.87400000,  83.11284180)
  (1859.95800000,  83.11284180)
  (1860.04200000,  83.11284180)
  (1860.12400000,  83.11284180)
  (1860.20600000,  83.11284180)
  (1860.29000000,  83.11284180)
  (1860.37300000,  83.11284180)
  (1860.45600000,  83.11284180)
  (1860.54000000,  83.11284180)
  (1860.62400000,  83.11284180)
  (1860.70800000,  83.11284180)
  (1860.79100000,  83.11284180)
  (1860.87400000,  83.11284180)
  (1860.95800000,  83.11284180)
  (1861.04200000,  83.11284180)
  (1861.12300000,  83.11284180)
  (1861.20400000,  83.11284180)
  (1861.28800000,  83.11284180)
  (1861.37100000,  83.11284180)
  (1861.45500000,  83.11284180)
  (1861.53800000,  83.11284180)
  (1861.62300000,  83.11284180)
  (1861.70700000,  83.11284180)
  (1861.79000000,  83.11284180)
  (1861.87400000,  83.11284180)
  (1861.95800000,  83.11284180)
  (1862.04200000,  83.11284180)
  (1862.12300000,  83.11284180)
  (1862.20400000,  83.11284180)
  (1862.28800000,  83.11284180)
  (1862.37100000,  83.11284180)
  (1862.45500000,  83.11284180)
  (1862.53800000,  83.11284180)
  (1862.62300000,  83.11284180)
  (1862.70700000,  83.11284180)
  (1862.79000000,  83.11284180)
  (1862.87400000,  83.11284180)
  (1862.95800000,  83.11284180)
  (1863.04200000,  83.11284180)
  (1863.12300000,  83.11284180)
  (1863.20400000,  83.11284180)
  (1863.28800000,  83.11284180)
  (1863.37100000,  83.11284180)
  (1863.45500000,  83.11284180)
  (1863.53800000,  83.11284180)
  (1863.62300000,  83.11284180)
  (1863.70700000,  83.11284180)
  (1863.79000000,  83.11284180)
  (1863.87400000,  83.11284180)
  (1863.95800000,  83.11284180)
  (1864.04200000,  83.11284180)
  (1864.12400000,  83.11284180)
  (1864.20600000,  83.11284180)
  (1864.29000000,  83.11284180)
  (1864.37300000,  83.11284180)
  (1864.45600000,  83.11284180)
  (1864.54000000,  83.11284180)
  (1864.62400000,  83.11284180)
  (1864.70800000,  83.11284180)
  (1864.79100000,  83.11284180)
  (1864.87400000,  83.11284180)
  (1864.95800000,  83.11284180)
  (1865.04200000,  83.11284180)
  (1865.12300000,  83.11284180)
  (1865.20400000,  83.11284180)
  (1865.28800000,  83.11284180)
  (1865.37100000,  83.11284180)
  (1865.45500000,  83.11284180)
  (1865.53800000,  83.11284180)
  (1865.62300000,  83.11284180)
  (1865.70700000,  83.11284180)
  (1865.79000000,  83.11284180)
  (1865.87400000,  83.11284180)
  (1865.95800000,  83.11284180)
  (1866.04200000,  83.11284180)
  (1866.12300000,  83.11284180)
  (1866.20400000,  83.11284180)
  (1866.28800000,  83.11284180)
  (1866.37100000,  83.11284180)
  (1866.45500000,  83.11284180)
  (1866.53800000,  83.11284180)
  (1866.62300000,  83.11284180)
  (1866.70700000,  83.11284180)
  (1866.79000000,  83.11284180)
  (1866.87400000,  83.11284180)
  (1866.95800000,  83.11284180)
  (1867.04200000,  83.11284180)
  (1867.12300000,  83.11284180)
  (1867.20400000,  83.11284180)
  (1867.28800000,  83.11284180)
  (1867.37100000,  83.11284180)
  (1867.45500000,  83.11284180)
  (1867.53800000,  83.11284180)
  (1867.62300000,  83.11284180)
  (1867.70700000,  83.11284180)
  (1867.79000000,  83.11284180)
  (1867.87400000,  83.11284180)
  (1867.95800000,  83.11284180)
  (1868.04200000,  83.11284180)
  (1868.12400000,  83.11284180)
  (1868.20600000,  83.11284180)
  (1868.29000000,  83.11284180)
  (1868.37300000,  83.11284180)
  (1868.45600000,  83.11284180)
  (1868.54000000,  83.11284180)
  (1868.62400000,  83.11284180)
  (1868.70800000,  83.11284180)
  (1868.79100000,  83.11284180)
  (1868.87400000,  83.11284180)
  (1868.95800000,  83.11284180)
  (1869.04200000,  83.11284180)
  (1869.12300000,  83.11284180)
  (1869.20400000,  83.11284180)
  (1869.28800000,  83.11284180)
  (1869.37100000,  83.11284180)
  (1869.45500000,  83.11284180)
  (1869.53800000,  83.11284180)
  (1869.62300000,  83.11284180)
  (1869.70700000,  83.11284180)
  (1869.79000000,  83.11284180)
  (1869.87400000,  83.11284180)
  (1869.95800000,  83.11284180)
  (1870.04200000,  83.11284180)
  (1870.12300000,  83.11284180)
  (1870.20400000,  83.11284180)
  (1870.28800000,  83.11284180)
  (1870.37100000,  83.11284180)
  (1870.45500000,  83.11284180)
  (1870.53800000,  83.11284180)
  (1870.62300000,  83.11284180)
  (1870.70700000,  83.11284180)
  (1870.79000000,  83.11284180)
  (1870.87400000,  83.11284180)
  (1870.95800000,  83.11284180)
  (1871.04200000,  83.11284180)
  (1871.12300000,  83.11284180)
  (1871.20400000,  83.11284180)
  (1871.28800000,  83.11284180)
  (1871.37100000,  83.11284180)
  (1871.45500000,  83.11284180)
  (1871.53800000,  83.11284180)
  (1871.62300000,  83.11284180)
  (1871.70700000,  83.11284180)
  (1871.79000000,  83.11284180)
  (1871.87400000,  83.11284180)
  (1871.95800000,  83.11284180)
  (1872.04200000,  83.11284180)
  (1872.12400000,  83.11284180)
  (1872.20600000,  83.11284180)
  (1872.29000000,  83.11284180)
  (1872.37300000,  83.11284180)
  (1872.45600000,  83.11284180)
  (1872.54000000,  83.11284180)
  (1872.62400000,  83.11284180)
  (1872.70800000,  83.11284180)
  (1872.79100000,  83.11284180)
  (1872.87400000,  83.11284180)
  (1872.95800000,  83.11284180)
  (1873.04200000,  83.11284180)
  (1873.12300000,  83.11284180)
  (1873.20400000,  83.11284180)
  (1873.28800000,  83.11284180)
  (1873.37100000,  83.11284180)
  (1873.45500000,  83.11284180)
  (1873.53800000,  83.11284180)
  (1873.62300000,  83.11284180)
  (1873.70700000,  83.11284180)
  (1873.79000000,  83.11284180)
  (1873.87400000,  83.11284180)
  (1873.95800000,  83.11284180)
  (1874.04200000,  83.11284180)
  (1874.12300000,  83.11284180)
  (1874.20400000,  83.11284180)
  (1874.28800000,  83.11284180)
  (1874.37100000,  83.11284180)
  (1874.45500000,  83.11284180)
  (1874.53800000,  83.11284180)
  (1874.62300000,  83.11284180)
  (1874.70700000,  83.11284180)
  (1874.79000000,  83.11284180)
  (1874.87400000,  83.11284180)
  (1874.95800000,  83.11284180)
  (1875.04200000,  83.11284180)
  (1875.12300000,  83.11284180)
  (1875.20400000,  83.11284180)
  (1875.28800000,  83.11284180)
  (1875.37100000,  83.11284180)
  (1875.45500000,  83.11284180)
  (1875.53800000,  83.11284180)
  (1875.62300000,  83.11284180)
  (1875.70700000,  83.11284180)
  (1875.79000000,  83.11284180)
  (1875.87400000,  83.11284180)
  (1875.95800000,  83.11284180)
  (1876.04200000,  83.11284180)
  (1876.12400000,  83.11284180)
  (1876.20600000,  83.11284180)
  (1876.29000000,  83.11284180)
  (1876.37300000,  83.11284180)
  (1876.45600000,  83.11284180)
  (1876.54000000,  83.11284180)
  (1876.62400000,  83.11284180)
  (1876.70800000,  83.11284180)
  (1876.79100000,  83.11284180)
  (1876.87400000,  83.11284180)
  (1876.95800000,  83.11284180)
  (1877.04200000,  83.11284180)
  (1877.12300000,  83.11284180)
  (1877.20400000,  83.11284180)
  (1877.28800000,  83.11284180)
  (1877.37100000,  83.11284180)
  (1877.45500000,  83.11284180)
  (1877.53800000,  83.11284180)
  (1877.62300000,  83.11284180)
  (1877.70700000,  83.11284180)
  (1877.79000000,  83.11284180)
  (1877.87400000,  83.11284180)
  (1877.95800000,  83.11284180)
  (1878.04200000,  83.11284180)
  (1878.12300000,  83.11284180)
  (1878.20400000,  83.11284180)
  (1878.28800000,  83.11284180)
  (1878.37100000,  83.11284180)
  (1878.45500000,  83.11284180)
  (1878.53800000,  83.11284180)
  (1878.62300000,  83.11284180)
  (1878.70700000,  83.11284180)
  (1878.79000000,  83.11284180)
  (1878.87400000,  83.11284180)
  (1878.95800000,  83.11284180)
  (1879.04200000,  83.11284180)
  (1879.12300000,  83.11284180)
  (1879.20400000,  83.11284180)
  (1879.28800000,  83.11284180)
  (1879.37100000,  83.11284180)
  (1879.45500000,  83.11284180)
  (1879.53800000,  83.11284180)
  (1879.62300000,  83.11284180)
  (1879.70700000,  83.11284180)
  (1879.79000000,  83.11284180)
  (1879.87400000,  83.11284180)
  (1879.95800000,  83.11284180)
  (1880.04200000,  83.11284180)
  (1880.12400000,  83.11284180)
  (1880.20600000,  83.11284180)
  (1880.29000000,  83.11284180)
  (1880.37300000,  83.11284180)
  (1880.45600000,  83.11284180)
  (1880.54000000,  83.11284180)
  (1880.62400000,  83.11284180)
  (1880.70800000,  83.11284180)
  (1880.79100000,  83.11284180)
  (1880.87400000,  83.11284180)
  (1880.95800000,  83.11284180)
  (1881.04200000,  83.11284180)
  (1881.12300000,  83.11284180)
  (1881.20400000,  83.11284180)
  (1881.28800000,  83.11284180)
  (1881.37100000,  83.11284180)
  (1881.45500000,  83.11284180)
  (1881.53800000,  83.11284180)
  (1881.62300000,  83.11284180)
  (1881.70700000,  83.11284180)
  (1881.79000000,  83.11284180)
  (1881.87400000,  83.11284180)
  (1881.95800000,  83.11284180)
  (1882.04200000,  83.11284180)
  (1882.12300000,  83.11284180)
  (1882.20400000,  83.11284180)
  (1882.28800000,  83.11284180)
  (1882.37100000,  83.11284180)
  (1882.45500000,  83.11284180)
  (1882.53800000,  83.11284180)
  (1882.62300000,  83.11284180)
  (1882.70700000,  83.11284180)
  (1882.79000000,  83.11284180)
  (1882.87400000,  83.11284180)
  (1882.95800000,  83.11284180)
  (1883.04200000,  83.11284180)
  (1883.12300000,  83.11284180)
  (1883.20400000,  83.11284180)
  (1883.28800000,  83.11284180)
  (1883.37100000,  83.11284180)
  (1883.45500000,  83.11284180)
  (1883.53800000,  83.11284180)
  (1883.62300000,  83.11284180)
  (1883.70700000,  83.11284180)
  (1883.79000000,  83.11284180)
  (1883.87400000,  83.11284180)
  (1883.95800000,  83.11284180)
  (1884.04200000,  83.11284180)
  (1884.12400000,  83.11284180)
  (1884.20600000,  83.11284180)
  (1884.29000000,  83.11284180)
  (1884.37300000,  83.11284180)
  (1884.45600000,  83.11284180)
  (1884.54000000,  83.11284180)
  (1884.62400000,  83.11284180)
  (1884.70800000,  83.11284180)
  (1884.79100000,  83.11284180)
  (1884.87400000,  83.11284180)
  (1884.95800000,  83.11284180)
  (1885.04200000,  83.11284180)
  (1885.12300000,  83.11284180)
  (1885.20400000,  83.11284180)
  (1885.28800000,  83.11284180)
  (1885.37100000,  83.11284180)
  (1885.45500000,  83.11284180)
  (1885.53800000,  83.11284180)
  (1885.62300000,  83.11284180)
  (1885.70700000,  83.11284180)
  (1885.79000000,  83.11284180)
  (1885.87400000,  83.11284180)
  (1885.95800000,  83.11284180)
  (1886.04200000,  83.11284180)
  (1886.12300000,  83.11284180)
  (1886.20400000,  83.11284180)
  (1886.28800000,  83.11284180)
  (1886.37100000,  83.11284180)
  (1886.45500000,  83.11284180)
  (1886.53800000,  83.11284180)
  (1886.62300000,  83.11284180)
  (1886.70700000,  83.11284180)
  (1886.79000000,  83.11284180)
  (1886.87400000,  83.11284180)
  (1886.95800000,  83.11284180)
  (1887.04200000,  83.11284180)
  (1887.12300000,  83.11284180)
  (1887.20400000,  83.11284180)
  (1887.28800000,  83.11284180)
  (1887.37100000,  83.11284180)
  (1887.45500000,  83.11284180)
  (1887.53800000,  83.11284180)
  (1887.62300000,  83.11284180)
  (1887.70700000,  83.11284180)
  (1887.79000000,  83.11284180)
  (1887.87400000,  83.11284180)
  (1887.95800000,  83.11284180)
  (1888.04200000,  83.11284180)
  (1888.12400000,  83.11284180)
  (1888.20600000,  83.11284180)
  (1888.29000000,  83.11284180)
  (1888.37300000,  83.11284180)
  (1888.45600000,  83.11284180)
  (1888.54000000,  83.11284180)
  (1888.62400000,  83.11284180)
  (1888.70800000,  83.11284180)
  (1888.79100000,  83.11284180)
  (1888.87400000,  83.11284180)
  (1888.95800000,  83.11284180)
  (1889.04200000,  83.11284180)
  (1889.12300000,  83.11284180)
  (1889.20400000,  83.11284180)
  (1889.28800000,  83.11284180)
  (1889.37100000,  83.11284180)
  (1889.45500000,  83.11284180)
  (1889.53800000,  83.11284180)
  (1889.62300000,  83.11284180)
  (1889.70700000,  83.11284180)
  (1889.79000000,  83.11284180)
  (1889.87400000,  83.11284180)
  (1889.95800000,  83.11284180)
  (1890.04200000,  83.11284180)
  (1890.12300000,  83.11284180)
  (1890.20400000,  83.11284180)
  (1890.28800000,  83.11284180)
  (1890.37100000,  83.11284180)
  (1890.45500000,  83.11284180)
  (1890.53800000,  83.11284180)
  (1890.62300000,  83.11284180)
  (1890.70700000,  83.11284180)
  (1890.79000000,  83.11284180)
  (1890.87400000,  83.11284180)
  (1890.95800000,  83.11284180)
  (1891.04200000,  83.11284180)
  (1891.12300000,  83.11284180)
  (1891.20400000,  83.11284180)
  (1891.28800000,  83.11284180)
  (1891.37100000,  83.11284180)
  (1891.45500000,  83.11284180)
  (1891.53800000,  83.11284180)
  (1891.62300000,  83.11284180)
  (1891.70700000,  83.11284180)
  (1891.79000000,  83.11284180)
  (1891.87400000,  83.11284180)
  (1891.95800000,  83.11284180)
  (1892.04200000,  83.11284180)
  (1892.12400000,  83.11284180)
  (1892.20600000,  83.11284180)
  (1892.29000000,  83.11284180)
  (1892.37300000,  83.11284180)
  (1892.45600000,  83.11284180)
  (1892.54000000,  83.11284180)
  (1892.62400000,  83.11284180)
  (1892.70800000,  83.11284180)
  (1892.79100000,  83.11284180)
  (1892.87400000,  83.11284180)
  (1892.95800000,  83.11284180)
  (1893.04200000,  83.11284180)
  (1893.12300000,  83.11284180)
  (1893.20400000,  83.11284180)
  (1893.28800000,  83.11284180)
  (1893.37100000,  83.11284180)
  (1893.45500000,  83.11284180)
  (1893.53800000,  83.11284180)
  (1893.62300000,  83.11284180)
  (1893.70700000,  83.11284180)
  (1893.79000000,  83.11284180)
  (1893.87400000,  83.11284180)
  (1893.95800000,  83.11284180)
  (1894.04200000,  83.11284180)
  (1894.12300000,  83.11284180)
  (1894.20400000,  83.11284180)
  (1894.28800000,  83.11284180)
  (1894.37100000,  83.11284180)
  (1894.45500000,  83.11284180)
  (1894.53800000,  83.11284180)
  (1894.62300000,  83.11284180)
  (1894.70700000,  83.11284180)
  (1894.79000000,  83.11284180)
  (1894.87400000,  83.11284180)
  (1894.95800000,  83.11284180)
  (1895.04200000,  83.11284180)
  (1895.12300000,  83.11284180)
  (1895.20400000,  83.11284180)
  (1895.28800000,  83.11284180)
  (1895.37100000,  83.11284180)
  (1895.45500000,  83.11284180)
  (1895.53800000,  83.11284180)
  (1895.62300000,  83.11284180)
  (1895.70700000,  83.11284180)
  (1895.79000000,  83.11284180)
  (1895.87400000,  83.11284180)
  (1895.95800000,  83.11284180)
  (1896.04200000,  83.11284180)
  (1896.12400000,  83.11284180)
  (1896.20600000,  83.11284180)
  (1896.29000000,  83.11284180)
  (1896.37300000,  83.11284180)
  (1896.45600000,  83.11284180)
  (1896.54000000,  83.11284180)
  (1896.62400000,  83.11284180)
  (1896.70800000,  83.11284180)
  (1896.79100000,  83.11284180)
  (1896.87400000,  83.11284180)
  (1896.95800000,  83.11284180)
  (1897.04200000,  83.11284180)
  (1897.12300000,  83.11284180)
  (1897.20400000,  83.11284180)
  (1897.28800000,  83.11284180)
  (1897.37100000,  83.11284180)
  (1897.45500000,  83.11284180)
  (1897.53800000,  83.11284180)
  (1897.62300000,  83.11284180)
  (1897.70700000,  83.11284180)
  (1897.79000000,  83.11284180)
  (1897.87400000,  83.11284180)
  (1897.95800000,  83.11284180)
  (1898.04200000,  83.11284180)
  (1898.12300000,  83.11284180)
  (1898.20400000,  83.11284180)
  (1898.28800000,  83.11284180)
  (1898.37100000,  83.11284180)
  (1898.45500000,  83.11284180)
  (1898.53800000,  83.11284180)
  (1898.62300000,  83.11284180)
  (1898.70700000,  83.11284180)
  (1898.79000000,  83.11284180)
  (1898.87400000,  83.11284180)
  (1898.95800000,  83.11284180)
  (1899.04200000,  83.11284180)
  (1899.12300000,  83.11284180)
  (1899.20400000,  83.11284180)
  (1899.28800000,  83.11284180)
  (1899.37100000,  83.11284180)
  (1899.45500000,  83.11284180)
  (1899.53800000,  83.11284180)
  (1899.62300000,  83.11284180)
  (1899.70700000,  83.11284180)
  (1899.79000000,  83.11284180)
  (1899.87400000,  83.11284180)
  (1899.95800000,  83.11284180)
  (1900.04200000,  83.11284180)
  (1900.12300000,  83.11284180)
  (1900.20400000,  83.11284180)
  (1900.28800000,  83.11284180)
  (1900.37100000,  83.11284180)
  (1900.45500000,  83.11284180)
  (1900.53800000,  83.11284180)
  (1900.62300000,  83.11284180)
  (1900.70700000,  83.11284180)
  (1900.79000000,  83.11284180)
  (1900.87400000,  83.11284180)
  (1900.95800000,  83.11284180)
  (1901.04200000,  83.11284180)
  (1901.12300000,  83.11284180)
  (1901.20400000,  83.11284180)
  (1901.28800000,  83.11284180)
  (1901.37100000,  83.11284180)
  (1901.45500000,  83.11284180)
  (1901.53800000,  83.11284180)
  (1901.62300000,  83.11284180)
  (1901.70700000,  83.11284180)
  (1901.79000000,  83.11284180)
  (1901.87400000,  83.11284180)
  (1901.95800000,  83.11284180)
  (1902.04200000,  83.11284180)
  (1902.12300000,  83.11284180)
  (1902.20400000,  83.11284180)
  (1902.28800000,  83.11284180)
  (1902.37100000,  83.11284180)
  (1902.45500000,  83.11284180)
  (1902.53800000,  83.11284180)
  (1902.62300000,  83.11284180)
  (1902.70700000,  83.11284180)
  (1902.79000000,  83.11284180)
  (1902.87400000,  83.11284180)
  (1902.95800000,  83.11284180)
  (1903.04200000,  83.11284180)
  (1903.12300000,  83.11284180)
  (1903.20400000,  83.11284180)
  (1903.28800000,  83.11284180)
  (1903.37100000,  83.11284180)
  (1903.45500000,  83.11284180)
  (1903.53800000,  83.11284180)
  (1903.62300000,  83.11284180)
  (1903.70700000,  83.11284180)
  (1903.79000000,  83.11284180)
  (1903.87400000,  83.11284180)
  (1903.95800000,  83.11284180)
  (1904.04200000,  83.11284180)
  (1904.12400000,  83.11284180)
  (1904.20600000,  83.11284180)
  (1904.29000000,  83.11284180)
  (1904.37300000,  83.11284180)
  (1904.45600000,  83.11284180)
  (1904.54000000,  83.11284180)
  (1904.62400000,  83.11284180)
  (1904.70800000,  83.11284180)
  (1904.79100000,  83.11284180)
  (1904.87400000,  83.11284180)
  (1904.95800000,  83.11284180)
  (1905.04200000,  83.11284180)
  (1905.12300000,  83.11284180)
  (1905.20400000,  83.11284180)
  (1905.28800000,  83.11284180)
  (1905.37100000,  83.11284180)
  (1905.45500000,  83.11284180)
  (1905.53800000,  83.11284180)
  (1905.62300000,  83.11284180)
  (1905.70700000,  83.11284180)
  (1905.79000000,  83.11284180)
  (1905.87400000,  83.11284180)
  (1905.95800000,  83.11284180)
  (1906.04200000,  83.11284180)
  (1906.12300000,  83.11284180)
  (1906.20400000,  83.11284180)
  (1906.28800000,  83.11284180)
  (1906.37100000,  83.11284180)
  (1906.45500000,  83.11284180)
  (1906.53800000,  83.11284180)
  (1906.62300000,  83.11284180)
  (1906.70700000,  83.11284180)
  (1906.79000000,  83.11284180)
  (1906.87400000,  83.11284180)
  (1906.95800000,  83.11284180)
  (1907.04200000,  83.11284180)
  (1907.12300000,  83.11284180)
  (1907.20400000,  83.11284180)
  (1907.28800000,  83.11284180)
  (1907.37100000,  83.11284180)
  (1907.45500000,  83.11284180)
  (1907.53800000,  83.11284180)
  (1907.62300000,  83.11284180)
  (1907.70700000,  83.11284180)
  (1907.79000000,  83.11284180)
  (1907.87400000,  83.11284180)
  (1907.95800000,  83.11284180)
  (1908.04200000,  83.11284180)
  (1908.12400000,  83.11284180)
  (1908.20600000,  83.11284180)
  (1908.29000000,  83.11284180)
  (1908.37300000,  83.11284180)
  (1908.45600000,  83.11284180)
  (1908.54000000,  83.11284180)
  (1908.62400000,  83.11284180)
  (1908.70800000,  83.11284180)
  (1908.79100000,  83.11284180)
  (1908.87400000,  83.11284180)
  (1908.95800000,  83.11284180)
  (1909.04200000,  83.11284180)
  (1909.12300000,  83.11284180)
  (1909.20400000,  83.11284180)
  (1909.28800000,  83.11284180)
  (1909.37100000,  83.11284180)
  (1909.45500000,  83.11284180)
  (1909.53800000,  83.11284180)
  (1909.62300000,  83.11284180)
  (1909.70700000,  83.11284180)
  (1909.79000000,  83.11284180)
  (1909.87400000,  83.11284180)
  (1909.95800000,  83.11284180)
  (1910.04200000,  83.11284180)
  (1910.12300000,  83.11284180)
  (1910.20400000,  83.11284180)
  (1910.28800000,  83.11284180)
  (1910.37100000,  83.11284180)
  (1910.45500000,  83.11284180)
  (1910.53800000,  83.11284180)
  (1910.62300000,  83.11284180)
  (1910.70700000,  83.11284180)
  (1910.79000000,  83.11284180)
  (1910.87400000,  83.11284180)
  (1910.95800000,  83.11284180)
  (1911.04200000,  83.11284180)
  (1911.12300000,  83.11284180)
  (1911.20400000,  83.11284180)
  (1911.28800000,  83.11284180)
  (1911.37100000,  83.11284180)
  (1911.45500000,  83.11284180)
  (1911.53800000,  83.11284180)
  (1911.62300000,  83.11284180)
  (1911.70700000,  83.11284180)
  (1911.79000000,  83.11284180)
  (1911.87400000,  83.11284180)
  (1911.95800000,  83.11284180)
  (1912.04200000,  83.11284180)
  (1912.12400000,  83.11284180)
  (1912.20600000,  83.11284180)
  (1912.29000000,  83.11284180)
  (1912.37300000,  83.11284180)
  (1912.45600000,  83.11284180)
  (1912.54000000,  83.11284180)
  (1912.62400000,  83.11284180)
  (1912.70800000,  83.11284180)
  (1912.79100000,  83.11284180)
  (1912.87400000,  83.11284180)
  (1912.95800000,  83.11284180)
  (1913.04200000,  83.11284180)
  (1913.12300000,  83.11284180)
  (1913.20400000,  83.11284180)
  (1913.28800000,  83.11284180)
  (1913.37100000,  83.11284180)
  (1913.45500000,  83.11284180)
  (1913.53800000,  83.11284180)
  (1913.62300000,  83.11284180)
  (1913.70700000,  83.11284180)
  (1913.79000000,  83.11284180)
  (1913.87400000,  83.11284180)
  (1913.95800000,  83.11284180)
  (1914.04200000,  83.11284180)
  (1914.12300000,  83.11284180)
  (1914.20400000,  83.11284180)
  (1914.28800000,  83.11284180)
  (1914.37100000,  83.11284180)
  (1914.45500000,  83.11284180)
  (1914.53800000,  83.11284180)
  (1914.62300000,  83.11284180)
  (1914.70700000,  83.11284180)
  (1914.79000000,  83.11284180)
  (1914.87400000,  83.11284180)
  (1914.95800000,  83.11284180)
  (1915.04200000,  83.11284180)
  (1915.12300000,  83.11284180)
  (1915.20400000,  83.11284180)
  (1915.28800000,  83.11284180)
  (1915.37100000,  83.11284180)
  (1915.45500000,  83.11284180)
  (1915.53800000,  83.11284180)
  (1915.62300000,  83.11284180)
  (1915.70700000,  83.11284180)
  (1915.79000000,  83.11284180)
  (1915.87400000,  83.11284180)
  (1915.95800000,  83.11284180)
  (1916.04200000,  83.11284180)
  (1916.12400000,  83.11284180)
  (1916.20600000,  83.11284180)
  (1916.29000000,  83.11284180)
  (1916.37300000,  83.11284180)
  (1916.45600000,  83.11284180)
  (1916.54000000,  83.11284180)
  (1916.62400000,  83.11284180)
  (1916.70800000,  83.11284180)
  (1916.79100000,  83.11284180)
  (1916.87400000,  83.11284180)
  (1916.95800000,  83.11284180)
  (1917.04200000,  83.11284180)
  (1917.12300000,  83.11284180)
  (1917.20400000,  83.11284180)
  (1917.28800000,  83.11284180)
  (1917.37100000,  83.11284180)
  (1917.45500000,  83.11284180)
  (1917.53800000,  83.11284180)
  (1917.62300000,  83.11284180)
  (1917.70700000,  83.11284180)
  (1917.79000000,  83.11284180)
  (1917.87400000,  83.11284180)
  (1917.95800000,  83.11284180)
  (1918.04200000,  83.11284180)
  (1918.12300000,  83.11284180)
  (1918.20400000,  83.11284180)
  (1918.28800000,  83.11284180)
  (1918.37100000,  83.11284180)
  (1918.45500000,  83.11284180)
  (1918.53800000,  83.11284180)
  (1918.62300000,  83.11284180)
  (1918.70700000,  83.11284180)
  (1918.79000000,  83.11284180)
  (1918.87400000,  83.11284180)
  (1918.95800000,  83.11284180)
  (1919.04200000,  83.11284180)
  (1919.12300000,  83.11284180)
  (1919.20400000,  83.11284180)
  (1919.28800000,  83.11284180)
  (1919.37100000,  83.11284180)
  (1919.45500000,  83.11284180)
  (1919.53800000,  83.11284180)
  (1919.62300000,  83.11284180)
  (1919.70700000,  83.11284180)
  (1919.79000000,  83.11284180)
  (1919.87400000,  83.11284180)
  (1919.95800000,  83.11284180)
  (1920.04200000,  83.11284180)
  (1920.12400000,  83.11284180)
  (1920.20600000,  83.11284180)
  (1920.29000000,  83.11284180)
  (1920.37300000,  83.11284180)
  (1920.45600000,  83.11284180)
  (1920.54000000,  83.11284180)
  (1920.62400000,  83.11284180)
  (1920.70800000,  83.11284180)
  (1920.79100000,  83.11284180)
  (1920.87400000,  83.11284180)
  (1920.95800000,  83.11284180)
  (1921.04200000,  83.11284180)
  (1921.12300000,  83.11284180)
  (1921.20400000,  83.11284180)
  (1921.28800000,  83.11284180)
  (1921.37100000,  83.11284180)
  (1921.45500000,  83.11284180)
  (1921.53800000,  83.11284180)
  (1921.62300000,  83.11284180)
  (1921.70700000,  83.11284180)
  (1921.79000000,  83.11284180)
  (1921.87400000,  83.11284180)
  (1921.95800000,  83.11284180)
  (1922.04200000,  83.11284180)
  (1922.12300000,  83.11284180)
  (1922.20400000,  83.11284180)
  (1922.28800000,  83.11284180)
  (1922.37100000,  83.11284180)
  (1922.45500000,  83.11284180)
  (1922.53800000,  83.11284180)
  (1922.62300000,  83.11284180)
  (1922.70700000,  83.11284180)
  (1922.79000000,  83.11284180)
  (1922.87400000,  83.11284180)
  (1922.95800000,  83.11284180)
  (1923.04200000,  83.11284180)
  (1923.12300000,  83.11284180)
  (1923.20400000,  83.11284180)
  (1923.28800000,  83.11284180)
  (1923.37100000,  83.11284180)
  (1923.45500000,  83.11284180)
  (1923.53800000,  83.11284180)
  (1923.62300000,  83.11284180)
  (1923.70700000,  83.11284180)
  (1923.79000000,  83.11284180)
  (1923.87400000,  83.11284180)
  (1923.95800000,  83.11284180)
  (1924.04200000,  83.11284180)
  (1924.12400000,  83.11284180)
  (1924.20600000,  83.11284180)
  (1924.29000000,  83.11284180)
  (1924.37300000,  83.11284180)
  (1924.45600000,  83.11284180)
  (1924.54000000,  83.11284180)
  (1924.62400000,  83.11284180)
  (1924.70800000,  83.11284180)
  (1924.79100000,  83.11284180)
  (1924.87400000,  83.11284180)
  (1924.95800000,  83.11284180)
  (1925.04200000,  83.11284180)
  (1925.12300000,  83.11284180)
  (1925.20400000,  83.11284180)
  (1925.28800000,  83.11284180)
  (1925.37100000,  83.11284180)
  (1925.45500000,  83.11284180)
  (1925.53800000,  83.11284180)
  (1925.62300000,  83.11284180)
  (1925.70700000,  83.11284180)
  (1925.79000000,  83.11284180)
  (1925.87400000,  83.11284180)
  (1925.95800000,  83.11284180)
  (1926.04200000,  83.11284180)
  (1926.12300000,  83.11284180)
  (1926.20400000,  83.11284180)
  (1926.28800000,  83.11284180)
  (1926.37100000,  83.11284180)
  (1926.45500000,  83.11284180)
  (1926.53800000,  83.11284180)
  (1926.62300000,  83.11284180)
  (1926.70700000,  83.11284180)
  (1926.79000000,  83.11284180)
  (1926.87400000,  83.11284180)
  (1926.95800000,  83.11284180)
  (1927.04200000,  83.11284180)
  (1927.12300000,  83.11284180)
  (1927.20400000,  83.11284180)
  (1927.28800000,  83.11284180)
  (1927.37100000,  83.11284180)
  (1927.45500000,  83.11284180)
  (1927.53800000,  83.11284180)
  (1927.62300000,  83.11284180)
  (1927.70700000,  83.11284180)
  (1927.79000000,  83.11284180)
  (1927.87400000,  83.11284180)
  (1927.95800000,  83.11284180)
  (1928.04200000,  83.11284180)
  (1928.12400000,  83.11284180)
  (1928.20600000,  83.11284180)
  (1928.29000000,  83.11284180)
  (1928.37300000,  83.11284180)
  (1928.45600000,  83.11284180)
  (1928.54000000,  83.11284180)
  (1928.62400000,  83.11284180)
  (1928.70800000,  83.11284180)
  (1928.79100000,  83.11284180)
  (1928.87400000,  83.11284180)
  (1928.95800000,  83.11284180)
  (1929.04200000,  83.11284180)
  (1929.12300000,  83.11284180)
  (1929.20400000,  83.11284180)
  (1929.28800000,  83.11284180)
  (1929.37100000,  83.11284180)
  (1929.45500000,  83.11284180)
  (1929.53800000,  83.11284180)
  (1929.62300000,  83.11284180)
  (1929.70700000,  83.11284180)
  (1929.79000000,  83.11284180)
  (1929.87400000,  83.11284180)
  (1929.95800000,  83.11284180)
  (1930.04200000,  83.11284180)
  (1930.12300000,  83.11284180)
  (1930.20400000,  83.11284180)
  (1930.28800000,  83.11284180)
  (1930.37100000,  83.11284180)
  (1930.45500000,  83.11284180)
  (1930.53800000,  83.11284180)
  (1930.62300000,  83.11284180)
  (1930.70700000,  83.11284180)
  (1930.79000000,  83.11284180)
  (1930.87400000,  83.11284180)
  (1930.95800000,  83.11284180)
  (1931.04200000,  83.11284180)
  (1931.12300000,  83.11284180)
  (1931.20400000,  83.11284180)
  (1931.28800000,  83.11284180)
  (1931.37100000,  83.11284180)
  (1931.45500000,  83.11284180)
  (1931.53800000,  83.11284180)
  (1931.62300000,  83.11284180)
  (1931.70700000,  83.11284180)
  (1931.79000000,  83.11284180)
  (1931.87400000,  83.11284180)
  (1931.95800000,  83.11284180)
  (1932.04200000,  83.11284180)
  (1932.12400000,  83.11284180)
  (1932.20600000,  83.11284180)
  (1932.29000000,  83.11284180)
  (1932.37300000,  83.11284180)
  (1932.45600000,  83.11284180)
  (1932.54000000,  83.11284180)
  (1932.62400000,  83.11284180)
  (1932.70800000,  83.11284180)
  (1932.79100000,  83.11284180)
  (1932.87400000,  83.11284180)
  (1932.95800000,  83.11284180)
  (1933.04200000,  83.11284180)
  (1933.12300000,  83.11284180)
  (1933.20400000,  83.11284180)
  (1933.28800000,  83.11284180)
  (1933.37100000,  83.11284180)
  (1933.45500000,  83.11284180)
  (1933.53800000,  83.11284180)
  (1933.62300000,  83.11284180)
  (1933.70700000,  83.11284180)
  (1933.79000000,  83.11284180)
  (1933.87400000,  83.11284180)
  (1933.95800000,  83.11284180)
  (1934.04200000,  83.11284180)
  (1934.12300000,  83.11284180)
  (1934.20400000,  83.11284180)
  (1934.28800000,  83.11284180)
  (1934.37100000,  83.11284180)
  (1934.45500000,  83.11284180)
  (1934.53800000,  83.11284180)
  (1934.62300000,  83.11284180)
  (1934.70700000,  83.11284180)
  (1934.79000000,  83.11284180)
  (1934.87400000,  83.11284180)
  (1934.95800000,  83.11284180)
  (1935.04200000,  83.11284180)
  (1935.12300000,  83.11284180)
  (1935.20400000,  83.11284180)
  (1935.28800000,  83.11284180)
  (1935.37100000,  83.11284180)
  (1935.45500000,  83.11284180)
  (1935.53800000,  83.11284180)
  (1935.62300000,  83.11284180)
  (1935.70700000,  83.11284180)
  (1935.79000000,  83.11284180)
  (1935.87400000,  83.11284180)
  (1935.95800000,  83.11284180)
  (1936.04200000,  83.11284180)
  (1936.12400000,  83.11284180)
  (1936.20600000,  83.11284180)
  (1936.29000000,  83.11284180)
  (1936.37300000,  83.11284180)
  (1936.45600000,  83.11284180)
  (1936.54000000,  83.11284180)
  (1936.62400000,  83.11284180)
  (1936.70800000,  83.11284180)
  (1936.79100000,  83.11284180)
  (1936.87400000,  83.11284180)
  (1936.95800000,  83.11284180)
  (1937.04200000,  83.11284180)
  (1937.12300000,  83.11284180)
  (1937.20400000,  83.11284180)
  (1937.28800000,  83.11284180)
  (1937.37100000,  83.11284180)
  (1937.45500000,  83.11284180)
  (1937.53800000,  83.11284180)
  (1937.62300000,  83.11284180)
  (1937.70700000,  83.11284180)
  (1937.79000000,  83.11284180)
  (1937.87400000,  83.11284180)
  (1937.95800000,  83.11284180)
  (1938.04200000,  83.11284180)
  (1938.12300000,  83.11284180)
  (1938.20400000,  83.11284180)
  (1938.28800000,  83.11284180)
  (1938.37100000,  83.11284180)
  (1938.45500000,  83.11284180)
  (1938.53800000,  83.11284180)
  (1938.62300000,  83.11284180)
  (1938.70700000,  83.11284180)
  (1938.79000000,  83.11284180)
  (1938.87400000,  83.11284180)
  (1938.95800000,  83.11284180)
  (1939.04200000,  83.11284180)
  (1939.12300000,  83.11284180)
  (1939.20400000,  83.11284180)
  (1939.28800000,  83.11284180)
  (1939.37100000,  83.11284180)
  (1939.45500000,  83.11284180)
  (1939.53800000,  83.11284180)
  (1939.62300000,  83.11284180)
  (1939.70700000,  83.11284180)
  (1939.79000000,  83.11284180)
  (1939.87400000,  83.11284180)
  (1939.95800000,  83.11284180)
  (1940.04200000,  83.11284180)
  (1940.12400000,  83.11284180)
  (1940.20600000,  83.11284180)
  (1940.29000000,  83.11284180)
  (1940.37300000,  83.11284180)
  (1940.45600000,  83.11284180)
  (1940.54000000,  83.11284180)
  (1940.62400000,  83.11284180)
  (1940.70800000,  83.11284180)
  (1940.79100000,  83.11284180)
  (1940.87400000,  83.11284180)
  (1940.95800000,  83.11284180)
  (1941.04200000,  83.11284180)
  (1941.12300000,  83.11284180)
  (1941.20400000,  83.11284180)
  (1941.28800000,  83.11284180)
  (1941.37100000,  83.11284180)
  (1941.45500000,  83.11284180)
  (1941.53800000,  83.11284180)
  (1941.62300000,  83.11284180)
  (1941.70700000,  83.11284180)
  (1941.79000000,  83.11284180)
  (1941.87400000,  83.11284180)
  (1941.95800000,  83.11284180)
  (1942.04200000,  83.11284180)
  (1942.12300000,  83.11284180)
  (1942.20400000,  83.11284180)
  (1942.28800000,  83.11284180)
  (1942.37100000,  83.11284180)
  (1942.45500000,  83.11284180)
  (1942.53800000,  83.11284180)
  (1942.62300000,  83.11284180)
  (1942.70700000,  83.11284180)
  (1942.79000000,  83.11284180)
  (1942.87400000,  83.11284180)
  (1942.95800000,  83.11284180)
  (1943.04200000,  83.11284180)
  (1943.12300000,  83.11284180)
  (1943.20400000,  83.11284180)
  (1943.28800000,  83.11284180)
  (1943.37100000,  83.11284180)
  (1943.45500000,  83.11284180)
  (1943.53800000,  83.11284180)
  (1943.62300000,  83.11284180)
  (1943.70700000,  83.11284180)
  (1943.79000000,  83.11284180)
  (1943.87400000,  83.11284180)
  (1943.95800000,  83.11284180)
  (1944.04200000,  83.11284180)
  (1944.12400000,  83.11284180)
  (1944.20600000,  83.11284180)
  (1944.29000000,  83.11284180)
  (1944.37300000,  83.11284180)
  (1944.45600000,  83.11284180)
  (1944.54000000,  83.11284180)
  (1944.62400000,  83.11284180)
  (1944.70800000,  83.11284180)
  (1944.79100000,  83.11284180)
  (1944.87400000,  83.11284180)
  (1944.95800000,  83.11284180)
  (1945.04200000,  83.11284180)
  (1945.12300000,  83.11284180)
  (1945.20400000,  83.11284180)
  (1945.28800000,  83.11284180)
  (1945.37100000,  83.11284180)
  (1945.45500000,  83.11284180)
  (1945.53800000,  83.11284180)
  (1945.62300000,  83.11284180)
  (1945.70700000,  83.11284180)
  (1945.79000000,  83.11284180)
  (1945.87400000,  83.11284180)
  (1945.95800000,  83.11284180)
  (1946.04200000,  83.11284180)
  (1946.12300000,  83.11284180)
  (1946.20400000,  83.11284180)
  (1946.28800000,  83.11284180)
  (1946.37100000,  83.11284180)
  (1946.45500000,  83.11284180)
  (1946.53800000,  83.11284180)
  (1946.62300000,  83.11284180)
  (1946.70700000,  83.11284180)
  (1946.79000000,  83.11284180)
  (1946.87400000,  83.11284180)
  (1946.95800000,  83.11284180)
  (1947.04200000,  83.11284180)
  (1947.12300000,  83.11284180)
  (1947.20400000,  83.11284180)
  (1947.28800000,  83.11284180)
  (1947.37100000,  83.11284180)
  (1947.45500000,  83.11284180)
  (1947.53800000,  83.11284180)
  (1947.62300000,  83.11284180)
  (1947.70700000,  83.11284180)
  (1947.79000000,  83.11284180)
  (1947.87400000,  83.11284180)
  (1947.95800000,  83.11284180)
  (1948.04200000,  83.11284180)
  (1948.12400000,  83.11284180)
  (1948.20600000,  83.11284180)
  (1948.29000000,  83.11284180)
  (1948.37300000,  83.11284180)
  (1948.45600000,  83.11284180)
  (1948.54000000,  83.11284180)
  (1948.62400000,  83.11284180)
  (1948.70800000,  83.11284180)
  (1948.79100000,  83.11284180)
  (1948.87400000,  83.11284180)
  (1948.95800000,  83.11284180)
  (1949.04200000,  83.11284180)
  (1949.12300000,  83.11284180)
  (1949.20400000,  83.11284180)
  (1949.28800000,  83.11284180)
  (1949.37100000,  83.11284180)
  (1949.45500000,  83.11284180)
  (1949.53800000,  83.11284180)
  (1949.62300000,  83.11284180)
  (1949.70700000,  83.11284180)
  (1949.79000000,  83.11284180)
  (1949.87400000,  83.11284180)
  (1949.95800000,  83.11284180)
  (1950.04200000,  83.11284180)
  (1950.12300000,  83.11284180)
  (1950.20400000,  83.11284180)
  (1950.28800000,  83.11284180)
  (1950.37100000,  83.11284180)
  (1950.45500000,  83.11284180)
  (1950.53800000,  83.11284180)
  (1950.62300000,  83.11284180)
  (1950.70700000,  83.11284180)
  (1950.79000000,  83.11284180)
  (1950.87400000,  83.11284180)
  (1950.95800000,  83.11284180)
  (1951.04200000,  83.11284180)
  (1951.12300000,  83.11284180)
  (1951.20400000,  83.11284180)
  (1951.28800000,  83.11284180)
  (1951.37100000,  83.11284180)
  (1951.45500000,  83.11284180)
  (1951.53800000,  83.11284180)
  (1951.62300000,  83.11284180)
  (1951.70700000,  83.11284180)
  (1951.79000000,  83.11284180)
  (1951.87400000,  83.11284180)
  (1951.95800000,  83.11284180)
  (1952.04200000,  83.11284180)
  (1952.12400000,  83.11284180)
  (1952.20600000,  83.11284180)
  (1952.29000000,  83.11284180)
  (1952.37300000,  83.11284180)
  (1952.45600000,  83.11284180)
  (1952.54000000,  83.11284180)
  (1952.62400000,  83.11284180)
  (1952.70800000,  83.11284180)
  (1952.79100000,  83.11284180)
  (1952.87400000,  83.11284180)
  (1952.95800000,  83.11284180)
  (1953.04200000,  83.11284180)
  (1953.12300000,  83.11284180)
  (1953.20400000,  83.11284180)
  (1953.28800000,  83.11284180)
  (1953.37100000,  83.11284180)
  (1953.45500000,  83.11284180)
  (1953.53800000,  83.11284180)
  (1953.62300000,  83.11284180)
  (1953.70700000,  83.11284180)
  (1953.79000000,  83.11284180)
  (1953.87400000,  83.11284180)
  (1953.95800000,  83.11284180)
  (1954.04200000,  83.11284180)
  (1954.12300000,  83.11284180)
  (1954.20400000,  83.11284180)
  (1954.28800000,  83.11284180)
  (1954.37100000,  83.11284180)
  (1954.45500000,  83.11284180)
  (1954.53800000,  83.11284180)
  (1954.62300000,  83.11284180)
  (1954.70700000,  83.11284180)
  (1954.79000000,  83.11284180)
  (1954.87400000,  83.11284180)
  (1954.95800000,  83.11284180)
  (1955.04200000,  83.11284180)
  (1955.12300000,  83.11284180)
  (1955.20400000,  83.11284180)
  (1955.28800000,  83.11284180)
  (1955.37100000,  83.11284180)
  (1955.45500000,  83.11284180)
  (1955.53800000,  83.11284180)
  (1955.62300000,  83.11284180)
  (1955.70700000,  83.11284180)
  (1955.79000000,  83.11284180)
  (1955.87400000,  83.11284180)
  (1955.95800000,  83.11284180)
  (1956.04200000,  83.11284180)
  (1956.12400000,  83.11284180)
  (1956.20600000,  83.11284180)
  (1956.29000000,  83.11284180)
  (1956.37300000,  83.11284180)
  (1956.45600000,  83.11284180)
  (1956.54000000,  83.11284180)
  (1956.62400000,  83.11284180)
  (1956.70800000,  83.11284180)
  (1956.79100000,  83.11284180)
  (1956.87400000,  83.11284180)
  (1956.95800000,  83.11284180)
  (1957.04200000,  83.11284180)
  (1957.12300000,  83.11284180)
  (1957.20400000,  83.11284180)
  (1957.28800000,  83.11284180)
  (1957.37100000,  83.11284180)
  (1957.45500000,  83.11284180)
  (1957.53800000,  83.11284180)
  (1957.62300000,  83.11284180)
  (1957.70700000,  83.11284180)
  (1957.79000000,  83.11284180)
  (1957.87400000,  83.11284180)
  (1957.95800000,  83.11284180)
  (1958.04200000,  83.11284180)
  (1958.12300000,  83.11284180)
  (1958.20400000,  83.11284180)
  (1958.28800000,  83.11284180)
  (1958.37100000,  83.11284180)
  (1958.45500000,  83.11284180)
  (1958.53800000,  83.11284180)
  (1958.62300000,  83.11284180)
  (1958.70700000,  83.11284180)
  (1958.79000000,  83.11284180)
  (1958.87400000,  83.11284180)
  (1958.95800000,  83.11284180)
  (1959.04200000,  83.11284180)
  (1959.12300000,  83.11284180)
  (1959.20400000,  83.11284180)
  (1959.28800000,  83.11284180)
  (1959.37100000,  83.11284180)
  (1959.45500000,  83.11284180)
  (1959.53800000,  83.11284180)
  (1959.62300000,  83.11284180)
  (1959.70700000,  83.11284180)
  (1959.79000000,  83.11284180)
  (1959.87400000,  83.11284180)
  (1959.95800000,  83.11284180)
  (1960.04200000,  83.11284180)
  (1960.12400000,  83.11284180)
  (1960.20600000,  83.11284180)
  (1960.29000000,  83.11284180)
  (1960.37300000,  83.11284180)
  (1960.45600000,  83.11284180)
  (1960.54000000,  83.11284180)
  (1960.62400000,  83.11284180)
  (1960.70800000,  83.11284180)
  (1960.79100000,  83.11284180)
  (1960.87400000,  83.11284180)
  (1960.95800000,  83.11284180)
  (1961.04200000,  83.11284180)
  (1961.12300000,  83.11284180)
  (1961.20400000,  83.11284180)
  (1961.28800000,  83.11284180)
  (1961.37100000,  83.11284180)
  (1961.45500000,  83.11284180)
  (1961.53800000,  83.11284180)
  (1961.62300000,  83.11284180)
  (1961.70700000,  83.11284180)
  (1961.79000000,  83.11284180)
  (1961.87400000,  83.11284180)
  (1961.95800000,  83.11284180)
  (1962.04200000,  83.11284180)
  (1962.12300000,  83.11284180)
  (1962.20400000,  83.11284180)
  (1962.28800000,  83.11284180)
  (1962.37100000,  83.11284180)
  (1962.45500000,  83.11284180)
  (1962.53800000,  83.11284180)
  (1962.62300000,  83.11284180)
  (1962.70700000,  83.11284180)
  (1962.79000000,  83.11284180)
  (1962.87400000,  83.11284180)
  (1962.95800000,  83.11284180)
  (1963.04200000,  83.11284180)
  (1963.12300000,  83.11284180)
  (1963.20400000,  83.11284180)
  (1963.28800000,  83.11284180)
  (1963.37100000,  83.11284180)
  (1963.45500000,  83.11284180)
  (1963.53800000,  83.11284180)
  (1963.62300000,  83.11284180)
  (1963.70700000,  83.11284180)
  (1963.79000000,  83.11284180)
  (1963.87400000,  83.11284180)
  (1963.95800000,  83.11284180)
  (1964.04200000,  83.11284180)
  (1964.12400000,  83.11284180)
  (1964.20600000,  83.11284180)
  (1964.29000000,  83.11284180)
  (1964.37300000,  83.11284180)
  (1964.45600000,  83.11284180)
  (1964.54000000,  83.11284180)
  (1964.62400000,  83.11284180)
  (1964.70800000,  83.11284180)
  (1964.79100000,  83.11284180)
  (1964.87400000,  83.11284180)
  (1964.95800000,  83.11284180)
  (1965.04200000,  83.11284180)
  (1965.12300000,  83.11284180)
  (1965.20400000,  83.11284180)
  (1965.28800000,  83.11284180)
  (1965.37100000,  83.11284180)
  (1965.45500000,  83.11284180)
  (1965.53800000,  83.11284180)
  (1965.62300000,  83.11284180)
  (1965.70700000,  83.11284180)
  (1965.79000000,  83.11284180)
  (1965.87400000,  83.11284180)
  (1965.95800000,  83.11284180)
  (1966.04200000,  83.11284180)
  (1966.12300000,  83.11284180)
  (1966.20400000,  83.11284180)
  (1966.28800000,  83.11284180)
  (1966.37100000,  83.11284180)
  (1966.45500000,  83.11284180)
  (1966.53800000,  83.11284180)
  (1966.62300000,  83.11284180)
  (1966.70700000,  83.11284180)
  (1966.79000000,  83.11284180)
  (1966.87400000,  83.11284180)
  (1966.95800000,  83.11284180)
  (1967.04200000,  83.11284180)
  (1967.12300000,  83.11284180)
  (1967.20400000,  83.11284180)
  (1967.28800000,  83.11284180)
  (1967.37100000,  83.11284180)
  (1967.45500000,  83.11284180)
  (1967.53800000,  83.11284180)
  (1967.62300000,  83.11284180)
  (1967.70700000,  83.11284180)
  (1967.79000000,  83.11284180)
  (1967.87400000,  83.11284180)
  (1967.95800000,  83.11284180)
  (1968.04200000,  83.11284180)
  (1968.12400000,  83.11284180)
  (1968.20600000,  83.11284180)
  (1968.29000000,  83.11284180)
  (1968.37300000,  83.11284180)
  (1968.45600000,  83.11284180)
  (1968.54000000,  83.11284180)
  (1968.62400000,  83.11284180)
  (1968.70800000,  83.11284180)
  (1968.79100000,  83.11284180)
  (1968.87400000,  83.11284180)
  (1968.95800000,  83.11284180)
  (1969.04200000,  83.11284180)
  (1969.12300000,  83.11284180)
  (1969.20400000,  83.11284180)
  (1969.28800000,  83.11284180)
  (1969.37100000,  83.11284180)
  (1969.45500000,  83.11284180)
  (1969.53800000,  83.11284180)
  (1969.62300000,  83.11284180)
  (1969.70700000,  83.11284180)
  (1969.79000000,  83.11284180)
  (1969.87400000,  83.11284180)
  (1969.95800000,  83.11284180)
  (1970.04200000,  83.11284180)
  (1970.12300000,  83.11284180)
  (1970.20400000,  83.11284180)
  (1970.28800000,  83.11284180)
  (1970.37100000,  83.11284180)
  (1970.45500000,  83.11284180)
  (1970.53800000,  83.11284180)
  (1970.62300000,  83.11284180)
  (1970.70700000,  83.11284180)
  (1970.79000000,  83.11284180)
  (1970.87400000,  83.11284180)
  (1970.95800000,  83.11284180)
  (1971.04200000,  83.11284180)
  (1971.12300000,  83.11284180)
  (1971.20400000,  83.11284180)
  (1971.28800000,  83.11284180)
  (1971.37100000,  83.11284180)
  (1971.45500000,  83.11284180)
  (1971.53800000,  83.11284180)
  (1971.62300000,  83.11284180)
  (1971.70700000,  83.11284180)
  (1971.79000000,  83.11284180)
  (1971.87400000,  83.11284180)
  (1971.95800000,  83.11284180)
  (1972.04200000,  83.11284180)
  (1972.12400000,  83.11284180)
  (1972.20600000,  83.11284180)
  (1972.29000000,  83.11284180)
  (1972.37300000,  83.11284180)
  (1972.45600000,  83.11284180)
  (1972.54000000,  83.11284180)
  (1972.62400000,  83.11284180)
  (1972.70800000,  83.11284180)
  (1972.79100000,  83.11284180)
  (1972.87400000,  83.11284180)
  (1972.95800000,  83.11284180)
  (1973.04200000,  83.11284180)
  (1973.12300000,  83.11284180)
  (1973.20400000,  83.11284180)
  (1973.28800000,  83.11284180)
  (1973.37100000,  83.11284180)
  (1973.45500000,  83.11284180)
  (1973.53800000,  83.11284180)
  (1973.62300000,  83.11284180)
  (1973.70700000,  83.11284180)
  (1973.79000000,  83.11284180)
  (1973.87400000,  83.11284180)
  (1973.95800000,  83.11284180)
  (1974.04200000,  83.11284180)
  (1974.12300000,  83.11284180)
  (1974.20400000,  83.11284180)
  (1974.28800000,  83.11284180)
  (1974.37100000,  83.11284180)
  (1974.45500000,  83.11284180)
  (1974.53800000,  83.11284180)
  (1974.62300000,  83.11284180)
  (1974.70700000,  83.11284180)
  (1974.79000000,  83.11284180)
  (1974.87400000,  83.11284180)
  (1974.95800000,  83.11284180)
  (1975.04200000,  83.11284180)
  (1975.12300000,  83.11284180)
  (1975.20400000,  83.11284180)
  (1975.28800000,  83.11284180)
  (1975.37100000,  83.11284180)
  (1975.45500000,  83.11284180)
  (1975.53800000,  83.11284180)
  (1975.62300000,  83.11284180)
  (1975.70700000,  83.11284180)
  (1975.79000000,  83.11284180)
  (1975.87400000,  83.11284180)
  (1975.95800000,  83.11284180)
  (1976.04200000,  83.11284180)
  (1976.12400000,  83.11284180)
  (1976.20600000,  83.11284180)
  (1976.29000000,  83.11284180)
  (1976.37300000,  83.11284180)
  (1976.45600000,  83.11284180)
  (1976.54000000,  83.11284180)
  (1976.62400000,  83.11284180)
  (1976.70800000,  83.11284180)
  (1976.79100000,  83.11284180)
  (1976.87400000,  83.11284180)
  (1976.95800000,  83.11284180)
  (1977.04200000,  83.11284180)
  (1977.12300000,  83.11284180)
  (1977.20400000,  83.11284180)
  (1977.28800000,  83.11284180)
  (1977.37100000,  83.11284180)
  (1977.45500000,  83.11284180)
  (1977.53800000,  83.11284180)
  (1977.62300000,  83.11284180)
  (1977.70700000,  83.11284180)
  (1977.79000000,  83.11284180)
  (1977.87400000,  83.11284180)
  (1977.95800000,  83.11284180)
  (1978.04200000,  83.11284180)
  (1978.12300000,  83.11284180)
  (1978.20400000,  83.11284180)
  (1978.28800000,  83.11284180)
  (1978.37100000,  83.11284180)
  (1978.45500000,  83.11284180)
  (1978.53800000,  83.11284180)
  (1978.62300000,  83.11284180)
  (1978.70700000,  83.11284180)
  (1978.79000000,  83.11284180)
  (1978.87400000,  83.11284180)
  (1978.95800000,  83.11284180)
  (1979.04200000,  83.11284180)
  (1979.12300000,  83.11284180)
  (1979.20400000,  83.11284180)
  (1979.28800000,  83.11284180)
  (1979.37100000,  83.11284180)
  (1979.45500000,  83.11284180)
  (1979.53800000,  83.11284180)
  (1979.62300000,  83.11284180)
  (1979.70700000,  83.11284180)
  (1979.79000000,  83.11284180)
  (1979.87400000,  83.11284180)
  (1979.95800000,  83.11284180)
  (1980.04200000,  83.11284180)
  (1980.12400000,  83.11284180)
  (1980.20600000,  83.11284180)
  (1980.29000000,  83.11284180)
  (1980.37300000,  83.11284180)
  (1980.45600000,  83.11284180)
  (1980.54000000,  83.11284180)
  (1980.62400000,  83.11284180)
  (1980.70800000,  83.11284180)
  (1980.79100000,  83.11284180)
  (1980.87400000,  83.11284180)
  (1980.95800000,  83.11284180)
  (1981.04200000,  83.11284180)
  (1981.12300000,  83.11284180)
  (1981.20400000,  83.11284180)
  (1981.28800000,  83.11284180)
  (1981.37100000,  83.11284180)
  (1981.45500000,  83.11284180)
  (1981.53800000,  83.11284180)
  (1981.62300000,  83.11284180)
  (1981.70700000,  83.11284180)
  (1981.79000000,  83.11284180)
  (1981.87400000,  83.11284180)
  (1981.95800000,  83.11284180)
  (1982.04200000,  83.11284180)
  (1982.12300000,  83.11284180)
  (1982.20400000,  83.11284180)
  (1982.28800000,  83.11284180)
  (1982.37100000,  83.11284180)
  (1982.45500000,  83.11284180)
  (1982.53800000,  83.11284180)
  (1982.62300000,  83.11284180)
  (1982.70700000,  83.11284180)
  (1982.79000000,  83.11284180)
  (1982.87400000,  83.11284180)
  (1982.95800000,  83.11284180)
  (1983.04200000,  83.11284180)
  (1983.12300000,  83.11284180)
  (1983.20400000,  83.11284180)
  (1983.28800000,  83.11284180)
  (1983.37100000,  83.11284180)
  (1983.45500000,  83.11284180)
  (1983.53800000,  83.11284180)
  (1983.62300000,  83.11284180)
  (1983.70700000,  83.11284180)
  (1983.79000000,  83.11284180)
  (1983.87400000,  83.11284180)
  (1983.95800000,  83.11284180)
  (1984.04200000,  83.11284180)
  (1984.12400000,  83.11284180)
  (1984.20600000,  83.11284180)
  (1984.29000000,  83.11284180)
  (1984.37300000,  83.11284180)
  (1984.45600000,  83.11284180)
  (1984.54000000,  83.11284180)
  (1984.62400000,  83.11284180)
  (1984.70800000,  83.11284180)
  (1984.79100000,  83.11284180)
  (1984.87400000,  83.11284180)
  (1984.95800000,  83.11284180)
  (1985.04200000,  83.11284180)
  (1985.12300000,  83.11284180)
  (1985.20400000,  83.11284180)
  (1985.28800000,  83.11284180)
  (1985.37100000,  83.11284180)
  (1985.45500000,  83.11284180)
  (1985.53800000,  83.11284180)
  (1985.62300000,  83.11284180)
  (1985.70700000,  83.11284180)
  (1985.79000000,  83.11284180)
  (1985.87400000,  83.11284180)
  (1985.95800000,  83.11284180)
  (1986.04200000,  83.11284180)
  (1986.12300000,  83.11284180)
  (1986.20400000,  83.11284180)
  (1986.28800000,  83.11284180)
  (1986.37100000,  83.11284180)
  (1986.45500000,  83.11284180)
  (1986.53800000,  83.11284180)
  (1986.62300000,  83.11284180)
  (1986.70700000,  83.11284180)
  (1986.79000000,  83.11284180)
  (1986.87400000,  83.11284180)
  (1986.95800000,  83.11284180)
  (1987.04200000,  83.11284180)
  (1987.12300000,  83.11284180)
  (1987.20400000,  83.11284180)
  (1987.28800000,  83.11284180)
  (1987.37100000,  83.11284180)
  (1987.45500000,  83.11284180)
  (1987.53800000,  83.11284180)
  (1987.62300000,  83.11284180)
  (1987.70700000,  83.11284180)
  (1987.79000000,  83.11284180)
  (1987.87400000,  83.11284180)
  (1987.95800000,  83.11284180)
  (1988.04200000,  83.11284180)
  (1988.12400000,  83.11284180)
  (1988.20600000,  83.11284180)
  (1988.29000000,  83.11284180)
  (1988.37300000,  83.11284180)
  (1988.45600000,  83.11284180)
  (1988.54000000,  83.11284180)
  (1988.62400000,  83.11284180)
  (1988.70800000,  83.11284180)
  (1988.79100000,  83.11284180)
  (1988.87400000,  83.11284180)
  (1988.95800000,  83.11284180)
  (1989.04200000,  83.11284180)
  (1989.12300000,  83.11284180)
  (1989.20400000,  83.11284180)
  (1989.28800000,  83.11284180)
  (1989.37100000,  83.11284180)
  (1989.45500000,  83.11284180)
  (1989.53800000,  83.11284180)
  (1989.62300000,  83.11284180)
  (1989.70700000,  83.11284180)
  (1989.79000000,  83.11284180)
  (1989.87400000,  83.11284180)
  (1989.95800000,  83.11284180)
  (1990.04200000,  83.11284180)
  (1990.12300000,  83.11284180)
  (1990.20400000,  83.11284180)
  (1990.28800000,  83.11284180)
  (1990.37100000,  83.11284180)
  (1990.45500000,  83.11284180)
  (1990.53800000,  83.11284180)
  (1990.62300000,  83.11284180)
  (1990.70700000,  83.11284180)
  (1990.79000000,  83.11284180)
  (1990.87400000,  83.11284180)
  (1990.95800000,  83.11284180)
  (1991.04200000,  83.11284180)
  (1991.12300000,  83.11284180)
  (1991.20400000,  83.11284180)
  (1991.28800000,  83.11284180)
  (1991.37100000,  83.11284180)
  (1991.45500000,  83.11284180)
  (1991.53800000,  83.11284180)
  (1991.62300000,  83.11284180)
  (1991.70700000,  83.11284180)
  (1991.79000000,  83.11284180)
  (1991.87400000,  83.11284180)
  (1991.95800000,  83.11284180)
  (1992.04200000,  83.11284180)
  (1992.12400000,  83.11284180)
  (1992.20600000,  83.11284180)
  (1992.29000000,  83.11284180)
  (1992.37300000,  83.11284180)
  (1992.45600000,  83.11284180)
  (1992.54000000,  83.11284180)
  (1992.62400000,  83.11284180)
  (1992.70800000,  83.11284180)
  (1992.79100000,  83.11284180)
  (1992.87400000,  83.11284180)
  (1992.95800000,  83.11284180)
  (1993.04200000,  83.11284180)
  (1993.12300000,  83.11284180)
  (1993.20400000,  83.11284180)
  (1993.28800000,  83.11284180)
  (1993.37100000,  83.11284180)
  (1993.45500000,  83.11284180)
  (1993.53800000,  83.11284180)
  (1993.62300000,  83.11284180)
  (1993.70700000,  83.11284180)
  (1993.79000000,  83.11284180)
  (1993.87400000,  83.11284180)
  (1993.95800000,  83.11284180)
  (1994.04200000,  83.11284180)
  (1994.12300000,  83.11284180)
  (1994.20400000,  83.11284180)
  (1994.28800000,  83.11284180)
  (1994.37100000,  83.11284180)
  (1994.45500000,  83.11284180)
  (1994.53800000,  83.11284180)
  (1994.62300000,  83.11284180)
  (1994.70700000,  83.11284180)
  (1994.79000000,  83.11284180)
  (1994.87400000,  83.11284180)
  (1994.95800000,  83.11284180)
  (1995.04200000,  83.11284180)
  (1995.12300000,  83.11284180)
  (1995.20400000,  83.11284180)
  (1995.28800000,  83.11284180)
  (1995.37100000,  83.11284180)
  (1995.45500000,  83.11284180)
  (1995.53800000,  83.11284180)
  (1995.62300000,  83.11284180)
  (1995.70700000,  83.11284180)
  (1995.79000000,  83.11284180)
  (1995.87400000,  83.11284180)
  (1995.95800000,  83.11284180)
  (1996.04200000,  83.11284180)
  (1996.12400000,  83.11284180)
  (1996.20600000,  83.11284180)
  (1996.29000000,  83.11284180)
  (1996.37300000,  83.11284180)
  (1996.45600000,  83.11284180)
  (1996.54000000,  83.11284180)
  (1996.62400000,  83.11284180)
  (1996.70800000,  83.11284180)
  (1996.79100000,  83.11284180)
  (1996.87400000,  83.11284180)
  (1996.95800000,  83.11284180)
  (1997.04200000,  83.11284180)
  (1997.12300000,  83.11284180)
  (1997.20400000,  83.11284180)
  (1997.28800000,  83.11284180)
  (1997.37100000,  83.11284180)
  (1997.45500000,  83.11284180)
  (1997.53800000,  83.11284180)
  (1997.62300000,  83.11284180)
  (1997.70700000,  83.11284180)
  (1997.79000000,  83.11284180)
  (1997.87400000,  83.11284180)
  (1997.95800000,  83.11284180)
  (1998.04200000,  83.11284180)
  (1998.12300000,  83.11284180)
  (1998.20400000,  83.11284180)
  (1998.28800000,  83.11284180)
  (1998.37100000,  83.11284180)
  (1998.45500000,  83.11284180)
  (1998.53800000,  83.11284180)
  (1998.62300000,  83.11284180)
  (1998.70700000,  83.11284180)
  (1998.79000000,  83.11284180)
  (1998.87400000,  83.11284180)
  (1998.95800000,  83.11284180)
  (1999.04200000,  83.11284180)
  (1999.12300000,  83.11284180)
  (1999.20400000,  83.11284180)
  (1999.28800000,  83.11284180)
  (1999.37100000,  83.11284180)
  (1999.45500000,  83.11284180)
  (1999.53800000,  83.11284180)
  (1999.62300000,  83.11284180)
  (1999.70700000,  83.11284180)
  (1999.79000000,  83.11284180)
  (1999.87400000,  83.11284180)
  (1999.95800000,  83.11284180)
  (2000.04200000,  83.11284180)
  (2000.12400000,  83.11284180)
  (2000.20600000,  83.11284180)
  (2000.29000000,  83.11284180)
  (2000.37300000,  83.11284180)
  (2000.45600000,  83.11284180)
  (2000.54000000,  83.11284180)
  (2000.62400000,  83.11284180)
  (2000.70800000,  83.11284180)
  (2000.79100000,  83.11284180)
  (2000.87400000,  83.11284180)
  (2000.95800000,  83.11284180)
  (2001.04200000,  83.11284180)
  (2001.12300000,  83.11284180)
  (2001.20400000,  83.11284180)
  (2001.28800000,  83.11284180)
  (2001.37100000,  83.11284180)
  (2001.45500000,  83.11284180)
  (2001.53800000,  83.11284180)
  (2001.62300000,  83.11284180)
  (2001.70700000,  83.11284180)
  (2001.79000000,  83.11284180)
  (2001.87400000,  83.11284180)
  (2001.95800000,  83.11284180)
  (2002.04200000,  83.11284180)
  (2002.12300000,  83.11284180)
  (2002.20400000,  83.11284180)
  (2002.28800000,  83.11284180)
  (2002.37100000,  83.11284180)
  (2002.45500000,  83.11284180)
  (2002.53800000,  83.11284180)
  (2002.62300000,  83.11284180)
  (2002.70700000,  83.11284180)
  (2002.79000000,  83.11284180)
  (2002.87400000,  83.11284180)
  (2002.95800000,  83.11284180)
  (2003.04200000,  83.11284180)
  (2003.12300000,  83.11284180)
  (2003.20400000,  83.11284180)
  (2003.28800000,  83.11284180)
  (2003.37100000,  83.11284180)
  (2003.45500000,  83.11284180)
  (2003.53800000,  83.11284180)
  (2003.62300000,  83.11284180)
  (2003.70700000,  83.11284180)
  (2003.79000000,  83.11284180)
  (2003.87400000,  83.11284180)
  (2003.95800000,  83.11284180)
  (2004.04200000,  83.11284180)
  (2004.12400000,  83.11284180)
  (2004.20600000,  83.11284180)
  (2004.29000000,  83.11284180)
  (2004.37300000,  83.11284180)
  (2004.45600000,  83.11284180)
  (2004.54000000,  83.11284180)
  (2004.62400000,  83.11284180)
  (2004.70800000,  83.11284180)
  (2004.79100000,  83.11284180)
  (2004.87400000,  83.11284180)
  (2004.95800000,  83.11284180)
  (2005.04200000,  83.11284180)
  (2005.12300000,  83.11284180)
  (2005.20400000,  83.11284180)
  (2005.28800000,  83.11284180)
  (2005.37100000,  83.11284180)
  (2005.45500000,  83.11284180)
  (2005.53800000,  83.11284180)
  (2005.62300000,  83.11284180)
  (2005.70700000,  83.11284180)
  (2005.79000000,  83.11284180)
  (2005.87400000,  83.11284180)
  (2005.95800000,  83.11284180)
  (2006.04200000,  83.11284180)
  (2006.12300000,  83.11284180)
  (2006.20400000,  83.11284180)
  (2006.28800000,  83.11284180)
  (2006.37100000,  83.11284180)
  (2006.45500000,  83.11284180)
  (2006.53800000,  83.11284180)
  (2006.62300000,  83.11284180)
  (2006.70700000,  83.11284180)
  (2006.79000000,  83.11284180)
  (2006.87400000,  83.11284180)
  (2006.95800000,  83.11284180)
  (2007.04200000,  83.11284180)
  (2007.12300000,  83.11284180)
  (2007.20400000,  83.11284180)
  (2007.28800000,  83.11284180)
  (2007.37100000,  83.11284180)
  (2007.45500000,  83.11284180)
  (2007.53800000,  83.11284180)
  (2007.62300000,  83.11284180)
  (2007.70700000,  83.11284180)
  (2007.79000000,  83.11284180)
  (2007.87400000,  83.11284180)
  (2007.95800000,  83.11284180)
  (2008.04200000,  83.11284180)
  (2008.12400000,  83.11284180)
  (2008.20600000,  83.11284180)
  (2008.29000000,  83.11284180)
  (2008.37300000,  83.11284180)
  (2008.45600000,  83.11284180)
  (2008.54000000,  83.11284180)
  (2008.62400000,  83.11284180)
  (2008.70800000,  83.11284180)
  (2008.79100000,  83.11284180)
  (2008.87400000,  83.11284180)
  (2008.95800000,  83.11284180)
  (2009.04200000,  83.11284180)
  (2009.12300000,  83.11284180)
  (2009.20400000,  83.11284180)
  (2009.28800000,  83.11284180)
  (2009.37100000,  83.11284180)
  (2009.45500000,  83.11284180)
  (2009.53800000,  83.11284180)
  (2009.62300000,  83.11284180)
  (2009.70700000,  83.11284180)
  (2009.79000000,  83.11284180)
  (2009.87400000,  83.11284180)
  (2009.95800000,  83.11284180)
  (2010.04200000,  83.11284180)
  (2010.12300000,  83.11284180)
  (2010.20400000,  83.11284180)
  (2010.28800000,  83.11284180)
  (2010.37100000,  83.11284180)
  (2010.45500000,  83.11284180)
  (2010.53800000,  83.11284180)
  (2010.62300000,  83.11284180)
  (2010.70700000,  83.11284180)
  (2010.79000000,  83.11284180)
  (2010.87400000,  83.11284180)
  (2010.95800000,  83.11284180)
  (2011.04200000,  83.11284180)
  (2011.12300000,  83.11284180)
  (2011.20400000,  83.11284180)
  (2011.28800000,  83.11284180)
  (2011.37100000,  83.11284180)
  (2011.45500000,  83.11284180)
  (2011.53800000,  83.11284180)
  (2011.62300000,  83.11284180)
  (2011.70700000,  83.11284180)
  (2011.79000000,  83.11284180)
  (2011.87400000,  83.11284180)
  (2011.95800000,  83.11284180)
  (2012.04200000,  83.11284180)
  (2012.12400000,  83.11284180)
  (2012.20600000,  83.11284180)
  (2012.29000000,  83.11284180)
  (2012.37300000,  83.11284180)
  (2012.45600000,  83.11284180)
  (2012.54000000,  83.11284180)
  (2012.62400000,  83.11284180)
  (2012.70800000,  83.11284180)
  (2012.79100000,  83.11284180)
  (2012.87400000,  83.11284180)
  (2012.95800000,  83.11284180)
  (2013.04200000,  83.11284180)
  (2013.12300000,  83.11284180)
  (2013.20400000,  83.11284180)
  (2013.28800000,  83.11284180)
  (2013.37100000,  83.11284180)
  (2013.45500000,  83.11284180)
  (2013.53800000,  83.11284180)
  (2013.62300000,  83.11284180)
  (2013.70700000,  83.11284180)
  (2013.79000000,  83.11284180)
  (2013.87400000,  83.11284180)
  (2013.95800000,  83.11284180)
  (2014.04200000,  83.11284180)
  (2014.12300000,  83.11284180)
  (2014.20400000,  83.11284180)
  (2014.28800000,  83.11284180)
  (2014.37100000,  83.11284180)
  (2014.45500000,  83.11284180)
  (2014.53800000,  83.11284180)
  (2014.62300000,  83.11284180)
  (2014.70700000,  83.11284180)
  (2014.79000000,  83.11284180)
  (2014.87400000,  83.11284180)
  (2014.95800000,  83.11284180)
  (2015.04200000,  83.11284180)
  (2015.12300000,  83.11284180)
  (2015.20400000,  83.11284180)
  (2015.28800000,  83.11284180)
  (2015.37100000,  83.11284180)
  (2015.45500000,  83.11284180)
  (2015.53800000,  83.11284180)
  (2015.62300000,  83.11284180)
  (2015.70700000,  83.11284180)
  (2015.79000000,  83.11284180)
  (2015.87400000,  83.11284180)
  (2015.95800000,  83.11284180)
  (2016.04200000,  83.11284180)
  (2016.12400000,  83.11284180)
  (2016.20600000,  83.11284180)
  (2016.28800000,  83.11284180)
  (2016.37300000,  83.11284180)
  (2016.45500000,  83.11284180)
  (2016.54000000,  83.11284180)
  (2016.62400000,  83.11284180)
  (2016.70600000,  83.11284180)
  (2016.79100000,  83.11284180)
  (2016.87300000,  83.11284180)
  (2016.95800000,  83.11284180)
  (2017.04200000,  83.11284180)
  (2017.12200000,  83.11284180)
  (2017.20400000,  83.11284180)
  (2017.28600000,  83.11284180)
  (2017.37100000,  83.11284180)
  (2017.45300000,  83.11284180)
  (2017.53800000,  83.11284180)
  (2017.62300000,  83.11284180)
  (2017.70500000,  83.11284180)
  (2017.79000000,  83.11284180)
  (2017.87300000,  83.11284180)
  (2017.95800000,  83.11284180)
  (2018.04200000,  83.11284180)
  (2018.12200000,  83.11284180)
  (2018.20400000,  83.11284180)
  (2018.28600000,  83.11284180)
  (2018.37100000,  83.11284180)
  (2018.45300000,  83.11284180)
  (2018.53800000,  83.11284180)
  (2018.62300000,  83.11284180)
  (2018.70500000,  83.11284180)
  (2018.79000000,  83.11284180)
  (2018.87300000,  83.11284180)
  (2018.95800000,  83.11284180)
  (2019.04200000,  83.11284180)
  (2019.12200000,  83.11284180)
  (2019.20400000,  83.11284180)
  (2019.28600000,  83.11284180)
  (2019.37100000,  83.11284180)
  (2019.45300000,  83.11284180)
  (2019.53800000,  83.11284180)
  (2019.62300000,  83.11284180)
  (2019.70500000,  83.11284180)
  (2019.79000000,  83.11284180)
  (2019.87300000,  83.11284180)
  (2019.95800000,  83.11284180)
  (2020.04200000,  83.11284180)
  (2020.12400000,  83.11284180)
  (2020.20600000,  83.11284180)
  (2020.28800000,  83.11284180)
  (2020.37300000,  83.11284180)
  (2020.45500000,  83.11284180)
  (2020.54000000,  83.11284180)
  (2020.62400000,  83.11284180)
  (2020.70600000,  83.11284180)
  (2020.79100000,  83.11284180)
  (2020.87300000,  83.11284180)
  (2020.95800000,  83.11284180)
  (2021.04200000,  83.11284180)
  (2021.12200000,  83.11284180)
  (2021.20400000,  83.11284180)
  (2021.28600000,  83.11284180)
]
