%=============================================================================
% Daniel J. Greenhoe 
% Sunspot data file suitable for use with LaTeX PStricks / pst-plot
% For an example, see "sunspots_dft_coefs.tex"
% This file auto-generated using "sunspots.R" --- hand-editing not recommended
%=============================================================================
[
  (  0.00000000,      0.00000000)
  (  0.00600000,     10.60746113)
  (  0.01200000,     -6.70382152)
  (  0.01800000,     -2.62295207)
  (  0.02400000,     -7.64659247)
  (  0.03000000,     -3.40148427)
  (  0.03600000,     -1.81077252)
  (  0.04200000,     -1.46892729)
  (  0.04800000,      0.05602182)
  (  0.05400000,      2.29193803)
  (  0.06000000,     -1.50722117)
  (  0.06600000,      0.30200748)
  (  0.07200000,     -0.59939981)
  (  0.07800000,     -5.91614336)
  (  0.08400000,     -5.14748450)
  (  0.09000000,     -8.66701258)
  (  0.09600000,     -1.30681702)
  (  0.10200000,     11.50988835)
  (  0.10800000,      2.94880274)
  (  0.11400000,      2.84041636)
  (  0.12000000,     -2.87599161)
  (  0.12600000,      0.76374903)
  (  0.13200000,      1.02570703)
  (  0.13800000,     -1.66342073)
  (  0.14400000,     -0.11752404)
  (  0.15000000,      1.44412964)
  (  0.15600000,      2.25412296)
  (  0.16200000,      1.75257375)
  (  0.16800000,      2.26246112)
  (  0.17400000,      3.68928427)
  (  0.18000000,      1.47973657)
  (  0.18600000,     -4.13064664)
  (  0.19200000,      2.18684963)
  (  0.19800000,     -0.82101522)
  (  0.20400000,      0.14960379)
  (  0.21000000,     -1.84903486)
  (  0.21600000,     -0.95050147)
  (  0.22200000,      0.32987331)
  (  0.22800000,     -0.04086447)
  (  0.23400000,      0.01094936)
  (  0.24000000,     -0.49694766)
  (  0.24600000,     -0.11545302)
  (  0.25200000,      0.75570833)
  (  0.25800000,     -0.76587721)
  (  0.26400000,      0.15875352)
  (  0.27000000,     -1.21270475)
  (  0.27600000,     -1.20569823)
  (  0.28200000,      0.03370297)
  (  0.28800000,      0.51921906)
  (  0.29400000,      0.11135536)
  (  0.30000000,     -0.50831382)
  (  0.30600000,     -1.16930142)
  (  0.31200000,      0.90980804)
  (  0.31800000,      0.40971309)
  (  0.32400000,     -0.03088248)
  (  0.33000000,     -0.15503197)
  (  0.33600000,      0.05005691)
  (  0.34200000,      0.65335953)
  (  0.34800000,      0.05547327)
  (  0.35400000,      0.16568881)
  (  0.36000000,      0.39841345)
  (  0.36600000,     -0.37541539)
  (  0.37200000,      0.09053228)
  (  0.37800000,      0.81713463)
  (  0.38400000,     -0.42167292)
  (  0.39000000,     -0.14934087)
  (  0.39600000,     -0.91128626)
  (  0.40200000,     -1.33975105)
  (  0.40800000,      0.29568125)
  (  0.41400000,     -0.14219377)
  (  0.42000000,      0.22135563)
  (  0.42600000,     -0.33610107)
  (  0.43200000,      0.69405505)
  (  0.43800000,      0.76989162)
  (  0.44400000,      0.37169283)
  (  0.45000000,     -0.47703386)
  (  0.45600000,     -0.59482979)
  (  0.46200000,     -0.80902699)
  (  0.46800000,     -0.49661996)
  (  0.47400000,      1.42253507)
  (  0.48000000,      0.44130661)
  (  0.48600000,      0.28314093)
  (  0.49200000,      0.42434936)
  (  0.49800000,     -0.59874280)
  (  0.50400000,      0.19618235)
  (  0.51000000,     -0.94539626)
  (  0.51600000,     -0.27957029)
  (  0.52200000,     -0.95161337)
  (  0.52800000,     -0.93371446)
  (  0.53400000,      0.39825082)
  (  0.54000000,      1.27607590)
  (  0.54600000,     -0.06906363)
  (  0.55200000,     -0.18377516)
  (  0.55800000,     -0.21664535)
  (  0.56400000,     -0.28200730)
  (  0.57000000,      0.40017301)
  (  0.57600000,      0.23067054)
  (  0.58200000,      0.40523832)
  (  0.58800000,      0.13616891)
  (  0.59400000,     -0.18328257)
  (  0.60000000,      0.35921585)
  (  0.60600000,      0.42421749)
  (  0.61200000,      0.09009013)
  (  0.61800000,      0.34755840)
  (  0.62400000,     -0.52330698)
  (  0.63000000,      0.15804419)
  (  0.63600000,      0.32180404)
  (  0.64200000,     -0.70357377)
  (  0.64800000,      0.86347038)
  (  0.65400000,     -0.65493088)
  (  0.66000000,      0.15469597)
  (  0.66600000,     -0.38622462)
  (  0.67200000,     -0.63056402)
  (  0.67800000,      0.64444864)
  (  0.68400000,      0.13106305)
  (  0.69000000,     -0.41972566)
  (  0.69600000,     -0.16193515)
  (  0.70200000,     -0.13346866)
  (  0.70800000,     -0.44345268)
  (  0.71400000,      0.55189191)
  (  0.72000000,     -0.67119456)
  (  0.72600000,     -0.36006779)
  (  0.73200000,      0.00928320)
  (  0.73800000,     -0.08463510)
  (  0.74400000,      0.38911516)
  (  0.75000000,     -0.16957556)
  (  0.75600000,      0.25052866)
  (  0.76200000,     -0.00706627)
  (  0.76800000,     -0.64808568)
  (  0.77400000,      0.82271064)
  (  0.78000000,     -0.55455003)
  (  0.78600000,     -0.16660251)
  (  0.79200000,     -0.13230535)
  (  0.79800000,     -0.10928472)
  (  0.80400000,     -0.66837119)
  (  0.81000000,      0.84906731)
  (  0.81600000,     -0.35914029)
  (  0.82200000,      0.87309317)
  (  0.82800000,     -0.37506872)
  (  0.83400000,      0.05676554)
  (  0.84000000,      0.23361668)
  (  0.84600000,      0.15576350)
  (  0.85200000,     -0.68392032)
  (  0.85800000,     -0.17585633)
  (  0.86400000,     -0.55230850)
  (  0.87000000,      1.18052432)
  (  0.87600000,     -0.27808719)
  (  0.88200000,      0.14460692)
  (  0.88800000,     -0.03121788)
  (  0.89400000,     -0.09416308)
  (  0.90000000,     -0.23921090)
  (  0.90600000,      0.02124616)
  (  0.91200000,     -1.29926294)
  (  0.91800000,      0.45646535)
  (  0.92400000,      0.67805066)
  (  0.93000000,     -0.30490556)
  (  0.93600000,      0.06658752)
  (  0.94200000,     -0.12668993)
  (  0.94800000,      0.24885877)
  (  0.95400000,     -0.16709060)
  (  0.96000000,     -0.38947683)
  (  0.96600000,      0.94016234)
  (  0.97200000,     -0.11582310)
  (  0.97800000,      0.50087117)
  (  0.98400000,     -0.81756132)
  (  0.99000000,      0.00268420)
  (  0.99600000,      0.15960277)
  (  1.00200000,     -0.02910175)
  (  1.00800000,      0.20168970)
  (  1.01400000,     -0.17339695)
  (  1.02000000,      0.41390592)
  (  1.02600000,     -0.06820876)
  (  1.03200000,      0.54280372)
  (  1.03800000,     -0.96905918)
  (  1.04400000,     -0.17386598)
  (  1.05000000,     -1.12880170)
  (  1.05600000,     -0.19118785)
  (  1.06200000,     -0.06029219)
  (  1.06800000,     -0.01726869)
  (  1.07400000,      0.41851052)
  (  1.08000000,     -0.40504228)
  (  1.08600000,     -0.41039476)
  (  1.09200000,      0.11608534)
  (  1.09800000,     -0.72637978)
  (  1.10400000,      0.34252337)
  (  1.11000000,     -0.20697715)
  (  1.11600000,      0.37963768)
  (  1.12200000,     -0.19784623)
  (  1.12800000,      0.26930056)
  (  1.13400000,     -0.05686235)
  (  1.14000000,      1.44554710)
  (  1.14600000,     -0.34982298)
  (  1.15200000,      0.88054780)
  (  1.15800000,     -0.29210384)
  (  1.16400000,      0.05431478)
  (  1.17000000,     -0.19773432)
  (  1.17600000,     -0.67305224)
  (  1.18200000,      0.09560106)
  (  1.18800000,      0.20891153)
  (  1.19400000,      0.27414026)
  (  1.20000000,      0.46138784)
  (  1.20600000,     -0.45642833)
  (  1.21200000,     -0.09285728)
  (  1.21800000,     -0.46362634)
  (  1.22400000,     -0.60887859)
  (  1.23000000,     -0.42529023)
  (  1.23600000,     -0.46547100)
  (  1.24200000,     -0.09094019)
  (  1.24800000,      0.51429837)
  (  1.25400000,      0.32500944)
  (  1.26000000,      0.24488623)
  (  1.26600000,     -0.36920778)
  (  1.27200000,     -0.07379562)
  (  1.27800000,      0.49239216)
  (  1.28400000,     -0.56720306)
  (  1.29000000,     -0.06820925)
  (  1.29600000,      0.39957993)
  (  1.30200000,      0.00476955)
  (  1.30800000,      0.07719350)
  (  1.31400000,     -0.58166428)
  (  1.32000000,     -0.77855264)
  (  1.32600000,     -0.07743459)
  (  1.33200000,      0.43929921)
  (  1.33800000,     -0.48515656)
  (  1.34400000,      0.00298974)
  (  1.35000000,      0.17588324)
  (  1.35600000,      0.23335623)
  (  1.36200000,     -0.65567223)
  (  1.36800000,     -0.34697373)
  (  1.37400000,      1.06792476)
  (  1.38000000,     -0.63014393)
  (  1.38600000,      0.87060275)
  (  1.39200000,     -0.00372556)
  (  1.39800000,     -0.19553037)
  (  1.40400000,      1.19749766)
  (  1.41000000,     -0.07065801)
  (  1.41600000,     -0.47044878)
  (  1.42200000,     -0.04590181)
  (  1.42800000,      0.06404529)
  (  1.43400000,     -1.10393447)
  (  1.44000000,     -0.39920755)
  (  1.44600000,      0.59954679)
  (  1.45200000,     -1.08059294)
  (  1.45800000,      0.44213697)
  (  1.46400000,     -0.16859321)
  (  1.47000000,     -0.01493475)
  (  1.47600000,     -0.53419367)
  (  1.48200000,      0.95134861)
  (  1.48800000,      0.15606229)
  (  1.49400000,      0.09044153)
  (  1.50000000,     -0.35101847)
  (  1.50600000,     -0.14006255)
  (  1.51200000,      0.16728908)
  (  1.51800000,      0.60615789)
  (  1.52400000,      0.32281071)
  (  1.53000000,     -0.84041182)
  (  1.53600000,      0.27272061)
  (  1.54200000,      1.15392326)
  (  1.54800000,     -0.98846456)
  (  1.55400000,      0.55819364)
  (  1.56000000,     -0.42955567)
  (  1.56600000,     -0.41616678)
  (  1.57200000,     -0.73904966)
  (  1.57800000,     -0.11113232)
  (  1.58400000,      0.05017202)
  (  1.59000000,     -0.03118023)
  (  1.59600000,      0.10787226)
  (  1.60200000,      0.19602857)
  (  1.60800000,     -0.02673426)
  (  1.61400000,      0.07937573)
  (  1.62000000,      0.55023003)
  (  1.62600000,     -0.13038514)
  (  1.63200000,     -0.65000283)
  (  1.63800000,     -0.25471523)
  (  1.64400000,     -0.09227153)
  (  1.65000000,      0.03340490)
  (  1.65600000,      0.11593311)
  (  1.66200000,     -0.14501820)
  (  1.66800000,     -0.12234541)
  (  1.67400000,      0.01565550)
  (  1.68000000,     -0.12832398)
  (  1.68600000,     -0.13377859)
  (  1.69200000,      0.44227850)
  (  1.69800000,      0.21829944)
  (  1.70400000,     -0.13941495)
  (  1.71000000,     -0.12486264)
  (  1.71600000,     -0.10498972)
  (  1.72200000,      0.48323309)
  (  1.72800000,     -0.15601875)
  (  1.73400000,      0.95636067)
  (  1.74000000,     -0.31445920)
  (  1.74600000,      0.19220114)
  (  1.75200000,     -0.23017823)
  (  1.75800000,     -0.27092851)
  (  1.76400000,      0.02243145)
  (  1.77000000,      0.17292839)
  (  1.77600000,     -0.52548610)
  (  1.78200000,     -0.58357729)
  (  1.78800000,      0.28519022)
  (  1.79400000,      0.52264950)
  (  1.80000000,      0.17451651)
  (  1.80600000,      0.12273287)
  (  1.81200000,     -0.05523460)
  (  1.81800000,     -0.34194537)
  (  1.82400000,     -0.55037382)
  (  1.83000000,      0.32386140)
  (  1.83600000,     -0.37060894)
  (  1.84200000,     -0.51917615)
  (  1.84800000,      0.45092424)
  (  1.85400000,     -0.74914096)
  (  1.86000000,     -0.15773175)
  (  1.86600000,     -0.29878592)
  (  1.87200000,     -0.74465129)
  (  1.87800000,      0.14542077)
  (  1.88400000,      0.35233960)
  (  1.89000000,      0.21074866)
  (  1.89600000,      0.18622768)
  (  1.90200000,      0.31640825)
  (  1.90800000,      0.44542332)
  (  1.91400000,     -0.21312710)
  (  1.92000000,      0.65578320)
  (  1.92600000,      0.08016612)
  (  1.93200000,     -0.52980105)
  (  1.93800000,     -0.52597423)
  (  1.94400000,     -0.26043973)
  (  1.95000000,      0.39499910)
  (  1.95600000,      0.18878877)
  (  1.96200000,     -0.04405819)
  (  1.96800000,     -0.62819564)
  (  1.97400000,      0.57521733)
  (  1.98000000,     -0.01774241)
  (  1.98600000,      0.08808135)
  (  1.99200000,      0.10161235)
  (  1.99800000,      0.28827095)
  (  2.00400000,     -0.14791088)
  (  2.01000000,     -0.50542176)
  (  2.01600000,      0.34999904)
  (  2.02200000,      0.06035214)
  (  2.02800000,      0.62339097)
  (  2.03400000,      0.13823434)
  (  2.04000000,     -0.48117688)
  (  2.04600000,     -0.15473503)
  (  2.05200000,      0.02432986)
  (  2.05800000,     -0.31024560)
  (  2.06400000,     -0.52369059)
  (  2.07000000,     -0.65407917)
  (  2.07600000,     -0.64706519)
  (  2.08200000,     -0.04433555)
  (  2.08800000,      0.02921852)
  (  2.09400000,      0.30165869)
  (  2.10000000,      0.33651772)
  (  2.10600000,      0.13285559)
  (  2.11200000,      0.26524338)
  (  2.11800000,     -0.53260049)
  (  2.12400000,      0.19786260)
  (  2.13000000,     -0.48596356)
  (  2.13600000,     -0.18611060)
  (  2.14200000,     -0.29767953)
  (  2.14800000,      0.45692381)
  (  2.15400000,      0.45281310)
  (  2.16000000,      0.80695225)
  (  2.16600000,     -0.19317324)
  (  2.17200000,     -0.00082801)
  (  2.17800000,      0.09752691)
  (  2.18400000,     -0.44734963)
  (  2.19000000,      0.08441372)
  (  2.19600000,     -0.24084067)
  (  2.20200000,      0.43255713)
  (  2.20800000,      0.53233533)
  (  2.21400000,     -0.29658092)
  (  2.22000000,      0.49793860)
  (  2.22600000,      0.17210070)
  (  2.23200000,      0.37897864)
  (  2.23800000,     -0.32093175)
  (  2.24400000,     -0.38279200)
  (  2.25000000,     -0.11350498)
  (  2.25600000,      0.59778595)
  (  2.26200000,     -0.48017919)
  (  2.26800000,      0.12123650)
  (  2.27400000,     -0.01772812)
  (  2.28000000,     -0.18560876)
  (  2.28600000,     -0.26935676)
  (  2.29200000,      0.07736450)
  (  2.29800000,      0.32251303)
  (  2.30400000,     -0.01537695)
  (  2.31000000,     -0.44127586)
  (  2.31600000,     -0.25542401)
  (  2.32200000,     -0.21346148)
  (  2.32800000,      0.23857932)
  (  2.33400000,     -0.23977040)
  (  2.34000000,     -0.71424133)
  (  2.34600000,      0.21115572)
  (  2.35200000,      0.22116316)
  (  2.35800000,     -0.26414035)
  (  2.36400000,      0.17696391)
  (  2.37000000,     -0.13009367)
  (  2.37600000,     -0.15223922)
  (  2.38200000,      0.37693372)
  (  2.38800000,     -0.52213057)
  (  2.39400000,     -0.07007499)
  (  2.40000000,      0.35359466)
  (  2.40600000,     -0.14506990)
  (  2.41200000,      0.10188766)
  (  2.41800000,      0.90654013)
  (  2.42400000,      0.74250186)
  (  2.43000000,      0.48435059)
  (  2.43600000,     -0.69097334)
  (  2.44200000,     -0.01302569)
  (  2.44800000,     -0.72714473)
  (  2.45400000,      0.23645037)
  (  2.46000000,      0.56841075)
  (  2.46600000,     -0.28241355)
  (  2.47200000,     -0.27220785)
  (  2.47800000,      0.62152692)
  (  2.48400000,     -0.69939435)
  (  2.49000000,      0.11195032)
  (  2.49600000,     -0.27078868)
  (  2.50200000,     -0.18456465)
  (  2.50800000,     -0.23354558)
  (  2.51400000,      0.44033157)
  (  2.52000000,      0.24202326)
  (  2.52600000,      0.10311901)
  (  2.53200000,      0.59977989)
  (  2.53800000,      0.51612720)
  (  2.54400000,     -0.59076670)
  (  2.55000000,      0.20732143)
  (  2.55600000,      0.56085604)
  (  2.56200000,      0.70974253)
  (  2.56800000,     -0.17001762)
  (  2.57400000,      0.45614255)
  (  2.58000000,     -0.36088536)
  (  2.58600000,     -0.05435986)
  (  2.59200000,     -0.18085655)
  (  2.59800000,      0.06244597)
  (  2.60400000,      0.03496982)
  (  2.61000000,      0.28742995)
  (  2.61600000,     -0.44874731)
  (  2.62200000,     -0.22941504)
  (  2.62800000,     -0.38996063)
  (  2.63400000,      0.45558483)
  (  2.64000000,     -0.47777060)
  (  2.64600000,      0.11685083)
  (  2.65200000,     -0.38251353)
  (  2.65800000,     -0.23554551)
  (  2.66400000,      0.09233388)
  (  2.67000000,     -0.18185716)
  (  2.67600000,      0.02468331)
  (  2.68200000,     -0.26936031)
  (  2.68800000,      0.47481825)
  (  2.69400000,      0.54529651)
  (  2.70000000,      0.28400343)
  (  2.70600000,      0.25139745)
  (  2.71200000,      0.15276775)
  (  2.71800000,      0.66487058)
  (  2.72400000,     -0.78705647)
  (  2.73000000,     -0.14684689)
  (  2.73600000,     -0.18464542)
  (  2.74200000,      0.15575830)
  (  2.74800000,      0.28274136)
  (  2.75400000,      0.24481628)
  (  2.76000000,      0.11288828)
  (  2.76600000,     -0.28852335)
  (  2.77200000,     -0.33377066)
  (  2.77800000,     -0.38286298)
  (  2.78400000,     -0.63752930)
  (  2.79000000,     -0.00690520)
  (  2.79600000,      0.76702909)
  (  2.80200000,     -0.37548907)
  (  2.80800000,     -0.05010589)
  (  2.81400000,     -0.05945982)
  (  2.82000000,     -0.18069001)
  (  2.82600000,      0.24820908)
  (  2.83200000,     -0.47965502)
  (  2.83800000,      0.02988467)
  (  2.84400000,      0.31465918)
  (  2.85000000,      0.16472744)
  (  2.85600000,      0.52269503)
  (  2.86200000,     -0.25026074)
  (  2.86800000,      0.47708755)
  (  2.87400000,      0.30944611)
  (  2.88000000,     -0.37534825)
  (  2.88600000,      0.51061918)
  (  2.89200000,     -0.05793410)
  (  2.89800000,     -0.07368598)
  (  2.90400000,      0.42210922)
  (  2.91000000,      0.06073065)
  (  2.91600000,     -0.00183246)
  (  2.92200000,      0.12872667)
  (  2.92800000,     -0.46842676)
  (  2.93400000,     -0.03781331)
  (  2.94000000,      0.10569070)
  (  2.94600000,      0.30469711)
  (  2.95200000,     -0.11777833)
  (  2.95800000,     -0.18232767)
  (  2.96400000,     -0.26205380)
  (  2.97000000,      0.10003321)
  (  2.97600000,     -0.65704724)
  (  2.98200000,     -0.09449764)
  (  2.98800000,      0.46657204)
  (  2.99400000,     -0.46919075)
  (  3.00000000,     -0.00050000)
  (  3.00600000,      0.24001705)
  (  3.01200000,     -0.14478149)
  (  3.01800000,      0.26833641)
  (  3.02400000,      0.26687940)
  (  3.03000000,     -0.03633156)
  (  3.03600000,     -0.02828040)
  (  3.04200000,     -0.37338110)
  (  3.04800000,      0.38061860)
  (  3.05400000,      0.19332625)
  (  3.06000000,      0.14007928)
  (  3.06600000,      0.31629901)
  (  3.07200000,     -0.06975462)
  (  3.07800000,      0.14780985)
  (  3.08400000,      0.00519783)
  (  3.09000000,     -0.69499112)
  (  3.09600000,     -0.08775963)
  (  3.10200000,     -0.00587856)
  (  3.10800000,     -0.16490544)
  (  3.11400000,     -0.14973108)
  (  3.12000000,      0.20124158)
  (  3.12600000,      0.73992055)
  (  3.13200000,      0.18691838)
  (  3.13800000,     -0.60553768)
  (  3.14400000,     -0.11428893)
  (  3.15000000,      0.18798711)
  (  3.15600000,     -0.29590995)
  (  3.16200000,      0.18060032)
  (  3.16800000,     -0.19562556)
  (  3.17400000,      0.27606981)
  (  3.18000000,      0.26147024)
  (  3.18600000,     -0.34992253)
  (  3.19200000,      0.02165625)
  (  3.19800000,     -0.07169134)
  (  3.20400000,      0.41433068)
  (  3.21000000,     -0.08089555)
  (  3.21600000,     -0.03742271)
  (  3.22200000,      0.62019747)
  (  3.22800000,     -0.23660790)
  (  3.23400000,     -0.06333634)
  (  3.24000000,     -0.19994300)
  (  3.24600000,     -0.21980465)
  (  3.25200000,      0.05587596)
  (  3.25800000,      0.42578512)
  (  3.26400000,      0.33854801)
  (  3.27000000,     -0.24717682)
  (  3.27600000,     -0.09676863)
  (  3.28200000,     -0.28904777)
  (  3.28800000,     -0.43660938)
  (  3.29400000,     -0.18130326)
  (  3.30000000,      0.18934667)
  (  3.30600000,     -0.51132808)
  (  3.31200000,      0.20001828)
  (  3.31800000,      0.67721978)
  (  3.32400000,      0.02766853)
  (  3.33000000,      0.42342603)
  (  3.33600000,     -0.05047710)
  (  3.34200000,     -0.26389981)
  (  3.34800000,      0.15997543)
  (  3.35400000,     -0.24474115)
  (  3.36000000,      0.13553086)
  (  3.36600000,      0.18160921)
  (  3.37200000,      0.06389698)
  (  3.37800000,      0.08615728)
  (  3.38400000,      0.27034099)
  (  3.39000000,      0.34484923)
  (  3.39600000,      0.15342702)
  (  3.40200000,     -0.42172193)
  (  3.40800000,     -0.45003943)
  (  3.41400000,     -0.16012045)
  (  3.42000000,      0.10489012)
  (  3.42600000,      0.14815630)
  (  3.43200000,     -0.40380969)
  (  3.43800000,     -0.12198045)
  (  3.44400000,      0.29913424)
  (  3.45000000,      0.08653561)
  (  3.45600000,      0.04078117)
  (  3.46200000,     -0.03066692)
  (  3.46800000,     -0.09339487)
  (  3.47400000,     -0.00136275)
  (  3.48000000,      0.29138674)
  (  3.48600000,     -0.28654976)
  (  3.49200000,      0.23137637)
  (  3.49800000,     -0.19278714)
  (  3.50400000,     -0.08856661)
  (  3.51000000,     -0.14450127)
  (  3.51600000,     -0.09053558)
  (  3.52200000,      0.60768491)
  (  3.52800000,     -0.00937465)
  (  3.53400000,      0.30586105)
  (  3.54000000,     -0.13339822)
  (  3.54600000,     -0.11272411)
  (  3.55200000,     -0.12894823)
  (  3.55800000,     -0.58004080)
  (  3.56400000,     -0.28781255)
  (  3.57000000,     -0.09073554)
  (  3.57600000,      0.15705706)
  (  3.58200000,     -0.10795589)
  (  3.58800000,      0.13192842)
  (  3.59400000,     -0.17280835)
  (  3.60000000,      0.24774083)
  (  3.60600000,      0.18942219)
  (  3.61200000,      0.17891583)
  (  3.61800000,      0.13138210)
  (  3.62400000,     -0.58531823)
  (  3.63000000,      0.45253773)
  (  3.63600000,      0.25662273)
  (  3.64200000,      0.19399427)
  (  3.64800000,      0.51219088)
  (  3.65400000,      0.23498179)
  (  3.66000000,      0.56033071)
  (  3.66600000,      0.19812964)
  (  3.67200000,     -0.07399850)
  (  3.67800000,      0.06572458)
  (  3.68400000,      0.07804129)
  (  3.69000000,     -0.59689117)
  (  3.69600000,     -0.32379073)
  (  3.70200000,     -0.20207425)
  (  3.70800000,      0.22443245)
  (  3.71400000,     -0.29789979)
  (  3.72000000,     -0.17792178)
  (  3.72600000,      0.08100852)
  (  3.73200000,     -0.01684249)
  (  3.73800000,     -0.08168666)
  (  3.74400000,      0.13465623)
  (  3.75000000,     -0.65301246)
  (  3.75600000,     -0.19458342)
  (  3.76200000,      0.78943686)
  (  3.76800000,     -0.43702672)
  (  3.77400000,      0.38597779)
  (  3.78000000,     -0.23435074)
  (  3.78600000,      0.09524450)
  (  3.79200000,     -0.20008691)
  (  3.79800000,     -0.00987473)
  (  3.80400000,      0.37298602)
  (  3.81000000,      0.05381132)
  (  3.81600000,     -0.43139584)
  (  3.82200000,      0.08115549)
  (  3.82800000,      0.22852538)
  (  3.83400000,      0.14830890)
  (  3.84000000,      0.06827638)
  (  3.84600000,      0.04961345)
  (  3.85200000,      0.12155117)
  (  3.85800000,      0.00625587)
  (  3.86400000,     -0.50331103)
  (  3.87000000,      0.47730347)
  (  3.87600000,     -0.06081545)
  (  3.88200000,      0.45341975)
  (  3.88800000,     -0.06071074)
  (  3.89400000,      0.17404894)
  (  3.90000000,     -0.02364301)
  (  3.90600000,      0.33665490)
  (  3.91200000,     -0.52345974)
  (  3.91800000,     -0.08162333)
  (  3.92400000,      0.05240867)
  (  3.93000000,      0.19418443)
  (  3.93600000,     -0.00197056)
  (  3.94200000,      0.23310673)
  (  3.94800000,      0.24356706)
  (  3.95400000,     -0.26826364)
  (  3.96000000,     -0.37753977)
  (  3.96600000,      0.17196091)
  (  3.97200000,     -0.23559110)
  (  3.97800000,      0.14593204)
  (  3.98400000,     -0.06467104)
  (  3.99000000,      0.19129865)
  (  3.99600000,      0.15802607)
  (  4.00200000,      0.10676466)
  (  4.00800000,      0.01877501)
  (  4.01400000,      0.40164124)
  (  4.02000000,     -0.40613665)
  (  4.02600000,      0.09624034)
  (  4.03200000,     -0.55441565)
  (  4.03800000,     -0.09227885)
  (  4.04400000,     -0.09784480)
  (  4.05000000,     -0.36037277)
  (  4.05600000,      0.01899030)
  (  4.06200000,      0.56222592)
  (  4.06800000,     -0.02484258)
  (  4.07400000,     -0.16115069)
  (  4.08000000,      0.02388490)
  (  4.08600000,      0.24142720)
  (  4.09200000,     -0.16417238)
  (  4.09800000,     -0.47072219)
  (  4.10400000,     -0.25088455)
  (  4.11000000,      0.95437054)
  (  4.11600000,      0.24779777)
  (  4.12200000,      0.42553589)
  (  4.12800000,      0.07256379)
  (  4.13400000,      0.12003417)
  (  4.14000000,      0.36038409)
  (  4.14600000,      0.04918761)
  (  4.15200000,     -0.54675164)
  (  4.15800000,     -0.05141693)
  (  4.16400000,     -0.40634574)
  (  4.17000000,      0.01013379)
  (  4.17600000,     -0.10769222)
  (  4.18200000,      0.44844165)
  (  4.18800000,      0.08273701)
  (  4.19400000,      0.04861728)
  (  4.20000000,      0.26360601)
  (  4.20600000,      0.29601846)
  (  4.21200000,     -0.53247067)
  (  4.21800000,      0.10418512)
  (  4.22400000,     -0.38661761)
  (  4.23000000,      0.36659736)
  (  4.23600000,      0.27849111)
  (  4.24200000,     -0.14053784)
  (  4.24800000,     -0.04388181)
  (  4.25400000,      0.19963552)
  (  4.26000000,      0.18015692)
  (  4.26600000,      0.29703505)
  (  4.27200000,     -0.21634773)
  (  4.27800000,      0.19244438)
  (  4.28400000,     -0.36963614)
  (  4.29000000,     -0.01022049)
  (  4.29600000,      0.25676516)
  (  4.30200000,     -0.10930953)
  (  4.30800000,     -0.62338703)
  (  4.31400000,     -0.27158720)
  (  4.32000000,     -0.10067645)
  (  4.32600000,      0.32367534)
  (  4.33200000,      0.29278748)
  (  4.33800000,     -0.09870354)
  (  4.34400000,     -0.26482030)
  (  4.35000000,     -0.51691687)
  (  4.35600000,     -0.07484663)
  (  4.36200000,      0.20773618)
  (  4.36800000,      0.17377119)
  (  4.37400000,      0.18022542)
  (  4.38000000,      0.38297320)
  (  4.38600000,      0.02312145)
  (  4.39200000,      0.19760817)
  (  4.39800000,      0.07570587)
  (  4.40400000,     -0.39333624)
  (  4.41000000,     -0.08749390)
  (  4.41600000,      0.14859149)
  (  4.42200000,      0.02850129)
  (  4.42800000,      0.19662313)
  (  4.43400000,      0.24238253)
  (  4.44000000,     -0.01844896)
  (  4.44600000,     -0.51425118)
  (  4.45200000,     -0.21151620)
  (  4.45800000,      0.02200259)
  (  4.46400000,      0.13734808)
  (  4.47000000,     -0.03764730)
  (  4.47600000,      0.37897207)
  (  4.48200000,      0.06298748)
  (  4.48800000,      0.12706418)
  (  4.49400000,      0.06582746)
  (  4.50000000,     -0.01681847)
  (  4.50600000,     -0.11044866)
  (  4.51200000,      0.31647112)
  (  4.51800000,     -0.19793044)
  (  4.52400000,      0.02202587)
  (  4.53000000,      0.07256420)
  (  4.53600000,      0.10025050)
  (  4.54200000,      0.02702631)
  (  4.54800000,     -0.24936401)
  (  4.55400000,     -0.00968911)
  (  4.56000000,      0.05372984)
  (  4.56600000,     -0.50887624)
  (  4.57200000,      0.26127884)
  (  4.57800000,      0.07728555)
  (  4.58400000,      0.05123347)
  (  4.59000000,      0.03841105)
  (  4.59600000,     -0.10958455)
  (  4.60200000,     -0.05849572)
  (  4.60800000,      0.05693721)
  (  4.61400000,      0.07665172)
  (  4.62000000,      0.02627804)
  (  4.62600000,     -0.32098851)
  (  4.63200000,     -0.23826124)
  (  4.63800000,      0.16742830)
  (  4.64400000,     -0.01060520)
  (  4.65000000,     -0.06964249)
  (  4.65600000,      0.11350419)
  (  4.66200000,     -0.14986240)
  (  4.66800000,      0.27351032)
  (  4.67400000,     -0.64877733)
  (  4.68000000,      0.28359352)
  (  4.68600000,      0.41174574)
  (  4.69200000,     -0.10173358)
  (  4.69800000,      0.09961117)
  (  4.70400000,      0.04501707)
  (  4.71000000,      0.11354462)
  (  4.71600000,     -0.08892909)
  (  4.72200000,      0.28606780)
  (  4.72800000,     -0.08424308)
  (  4.73400000,     -0.06518838)
  (  4.74000000,     -0.21196367)
  (  4.74600000,      0.02975810)
  (  4.75200000,     -0.08854961)
  (  4.75800000,     -0.38589752)
  (  4.76400000,     -0.17851962)
  (  4.77000000,     -0.26959920)
  (  4.77600000,     -0.26667321)
  (  4.78200000,      0.30108048)
  (  4.78800000,     -0.20169940)
  (  4.79400000,      0.08998509)
  (  4.80000000,      0.18271809)
  (  4.80600000,     -0.00548949)
  (  4.81200000,      0.06015095)
  (  4.81800000,      0.09132865)
  (  4.82400000,      0.28107837)
  (  4.83000000,      0.51488956)
  (  4.83600000,      0.08308598)
  (  4.84200000,     -0.28080521)
  (  4.84800000,      0.03826688)
  (  4.85400000,     -0.06325362)
  (  4.86000000,      0.18804314)
  (  4.86600000,      0.02334097)
  (  4.87200000,     -0.38158943)
  (  4.87800000,      0.24730299)
  (  4.88400000,      0.00591210)
  (  4.89000000,     -0.18543904)
  (  4.89600000,      0.45627842)
  (  4.90200000,      0.07451102)
  (  4.90800000,     -0.09604652)
  (  4.91400000,     -0.05702448)
  (  4.92000000,      0.17262628)
  (  4.92600000,      0.31934524)
  (  4.93200000,      0.04099105)
  (  4.93800000,     -0.36461840)
  (  4.94400000,     -0.26183042)
  (  4.95000000,     -0.03222345)
  (  4.95600000,      0.00716887)
  (  4.96200000,     -0.06578654)
  (  4.96800000,     -0.35354853)
  (  4.97400000,     -0.06510114)
  (  4.98000000,     -0.06887430)
  (  4.98600000,     -0.10895268)
  (  4.99200000,      0.00825372)
  (  4.99800000,     -0.14424816)
  (  5.00400000,     -0.02392539)
  (  5.01000000,      0.04956545)
  (  5.01600000,     -0.16224812)
  (  5.02200000,      0.28372768)
  (  5.02800000,      0.24437283)
  (  5.03400000,      0.01049243)
  (  5.04000000,      0.10900152)
  (  5.04600000,      0.05667164)
  (  5.05200000,     -0.10499591)
  (  5.05800000,     -0.36844303)
  (  5.06400000,     -0.07764179)
  (  5.07000000,     -0.06075551)
  (  5.07600000,     -0.11987513)
  (  5.08200000,      0.43776010)
  (  5.08800000,     -0.08789376)
  (  5.09400000,      0.12559714)
  (  5.10000000,      0.18167065)
  (  5.10600000,      0.15156465)
  (  5.11200000,      0.32079828)
  (  5.11800000,     -0.27225185)
  (  5.12400000,     -0.13467529)
  (  5.13000000,     -0.24967767)
  (  5.13600000,      0.23482762)
  (  5.14200000,     -0.05303780)
  (  5.14800000,      0.18264427)
  (  5.15400000,     -0.03750603)
  (  5.16000000,     -0.21053553)
  (  5.16600000,      0.13256280)
  (  5.17200000,      0.01811011)
  (  5.17800000,     -0.17582260)
  (  5.18400000,      0.07275163)
  (  5.19000000,     -0.34146587)
  (  5.19600000,     -0.29867261)
  (  5.20200000,      0.42394199)
  (  5.20800000,      0.41132706)
  (  5.21400000,      0.07023745)
  (  5.22000000,     -0.20663931)
  (  5.22600000,     -0.26868007)
  (  5.23200000,      0.16230576)
  (  5.23800000,     -0.31989274)
  (  5.24400000,      0.35951233)
  (  5.25000000,     -0.12108303)
  (  5.25600000,      0.09119744)
  (  5.26200000,     -0.12424267)
  (  5.26800000,      0.15769841)
  (  5.27400000,      0.20393630)
  (  5.28000000,      0.51588932)
  (  5.28600000,     -0.20189142)
  (  5.29200000,     -0.10284066)
  (  5.29800000,     -0.10948579)
  (  5.30400000,     -0.00595424)
  (  5.31000000,     -0.17694468)
  (  5.31600000,      0.33192603)
  (  5.32200000,     -0.04801720)
  (  5.32800000,      0.06795111)
  (  5.33400000,     -0.35555662)
  (  5.34000000,      0.22558076)
  (  5.34600000,     -0.04924050)
  (  5.35200000,      0.25366838)
  (  5.35800000,     -0.43351657)
  (  5.36400000,     -0.24279211)
  (  5.37000000,     -0.05565185)
  (  5.37600000,      0.26567399)
  (  5.38200000,     -0.20154750)
  (  5.38800000,      0.29489742)
  (  5.39400000,     -0.17410630)
  (  5.40000000,      0.07215667)
  (  5.40600000,     -0.35934455)
  (  5.41200000,      0.20970462)
  (  5.41800000,     -0.02988252)
  (  5.42400000,      0.05350118)
  (  5.43000000,      0.48832210)
  (  5.43600000,     -0.00064442)
  (  5.44200000,     -0.23293356)
  (  5.44800000,      0.25728072)
  (  5.45400000,     -0.09646994)
  (  5.46000000,      0.11316308)
  (  5.46600000,      0.07905577)
  (  5.47200000,      0.02773357)
  (  5.47800000,      0.10391949)
  (  5.48400000,      0.14358819)
  (  5.49000000,      0.28117720)
  (  5.49600000,      0.02472337)
  (  5.50200000,     -0.40490910)
  (  5.50800000,     -0.13534330)
  (  5.51400000,     -0.34134215)
  (  5.52000000,     -0.04284588)
  (  5.52600000,      0.42573764)
  (  5.53200000,     -0.03575292)
  (  5.53800000,     -0.13152555)
  (  5.54400000,     -0.07178649)
  (  5.55000000,     -0.22565951)
  (  5.55600000,      0.01991681)
  (  5.56200000,     -0.12522305)
  (  5.56800000,      0.20911174)
  (  5.57400000,      0.11696683)
  (  5.58000000,      0.14319773)
  (  5.58600000,      0.56264231)
  (  5.59200000,      0.36678743)
  (  5.59800000,      0.13596177)
  (  5.60400000,     -0.08895228)
  (  5.61000000,     -0.01236960)
  (  5.61600000,      0.22514744)
  (  5.62200000,     -0.03178237)
  (  5.62800000,      0.44878010)
  (  5.63400000,     -0.38952343)
  (  5.64000000,     -0.05892104)
  (  5.64600000,      0.11798723)
  (  5.65200000,     -0.00152365)
  (  5.65800000,     -0.35279144)
  (  5.66400000,      0.04412027)
  (  5.67000000,      0.06683020)
  (  5.67600000,     -0.11052886)
  (  5.68200000,      0.06557559)
  (  5.68800000,      0.06426676)
  (  5.69400000,     -0.12746276)
  (  5.70000000,     -0.18413625)
  (  5.70600000,     -0.13382341)
  (  5.71200000,      0.17524433)
  (  5.71800000,      0.01107462)
  (  5.72400000,      0.67064744)
  (  5.73000000,     -0.70640210)
  (  5.73600000,      0.06276014)
  (  5.74200000,     -0.03643384)
  (  5.74800000,      0.12614663)
  (  5.75400000,     -0.49709898)
  (  5.76000000,      0.09134647)
  (  5.76600000,      0.10066745)
  (  5.77200000,     -0.00658229)
  (  5.77800000,     -0.09888312)
  (  5.78400000,     -0.00996458)
  (  5.79000000,      0.16877598)
  (  5.79600000,     -0.29026279)
  (  5.80200000,     -0.16126189)
  (  5.80800000,      0.10981015)
  (  5.81400000,     -0.36624854)
  (  5.82000000,      0.36518421)
  (  5.82600000,     -0.32776872)
  (  5.83200000,      0.14659582)
  (  5.83800000,     -0.27017826)
  (  5.84400000,     -0.07627464)
  (  5.85000000,     -0.25429645)
  (  5.85600000,      0.21850510)
  (  5.86200000,      0.18833060)
  (  5.86800000,     -0.15086656)
  (  5.87400000,     -0.11219658)
  (  5.88000000,      0.07724808)
  (  5.88600000,      0.22165444)
  (  5.89200000,      0.09765264)
  (  5.89800000,      0.21059972)
  (  5.90400000,      0.25752264)
  (  5.91000000,     -0.15431961)
  (  5.91600000,     -0.08956021)
  (  5.92200000,      0.13137772)
  (  5.92800000,      0.27167161)
  (  5.93400000,      0.02224407)
  (  5.94000000,     -0.12914180)
  (  5.94600000,     -0.24192830)
  (  5.95200000,      0.23341047)
  (  5.95800000,      0.32232156)
  (  5.96400000,     -0.01941690)
  (  5.97000000,     -0.15586777)
  (  5.97600000,     -0.43151667)
  (  5.98200000,     -0.08813918)
  (  5.98800000,     -0.01598792)
  (  5.99400000,      0.16590696)
  (  6.00000000,      0.00000000)
]
