%=============================================================================
% Daniel J. Greenhoe 
% Sunspot DFT synthesis vector data using 2 x 53 = 106 coefficients
% Sunspot data file suitable for use with LaTeX PStricks / pst-plot
% For an example, see "sunspots_dft_synth.tex"
% This file auto-generated using "sunspots.R" --- hand-editing not recommended
% Total RMS synthesis error using 53 coefficient pairs =   0.50287123
%=============================================================================
[
  (1854.62300000,  21.97224609)
  (1854.70700000,  22.51294349)
  (1854.79000000,  22.76839987)
  (1854.87400000,  22.73297704)
  (1854.95800000,  22.40738052)
  (1855.04200000,  21.79874332)
  (1855.12300000,  20.92057628)
  (1855.20400000,  19.79258653)
  (1855.28800000,  18.44036873)
  (1855.37100000,  16.89497661)
  (1855.45500000,  15.19238476)
  (1855.53800000,  13.37285309)
  (1855.62300000,  11.48020837)
  (1855.70700000,   9.56105898)
  (1855.79000000,   7.66395997)
  (1855.87400000,   5.83854672)
  (1855.95800000,   4.13465563)
  (1856.04200000,   2.60145031)
  (1856.12400000,   1.28657109)
  (1856.20600000,   0.23532513)
  (1856.29000000,  -0.51006732)
  (1856.37300000,  -0.91115620)
  (1856.45600000,  -0.93386236)
  (1856.54000000,  -0.54898550)
  (1856.62400000,   0.26738827)
  (1856.70800000,   1.53358456)
  (1856.79100000,   3.26214732)
  (1856.87400000,   5.45975413)
  (1856.95800000,   8.12723789)
  (1857.04200000,  11.25971041)
  (1857.12300000,  14.84678132)
  (1857.20400000,  18.87286347)
  (1857.28800000,  23.31755485)
  (1857.37100000,  28.15608530)
  (1857.45500000,  33.35981551)
  (1857.53800000,  38.89677530)
  (1857.62300000,  44.73222732)
  (1857.70700000,  50.82924327)
  (1857.79000000,  57.14927911)
  (1857.87400000,  63.65273744)
  (1857.95800000,  70.29950548)
  (1858.04200000,  77.04945877)
  (1858.12300000,  83.86292212)
  (1858.20400000,  90.70108075)
  (1858.28800000,  97.52633680)
  (1858.37100000, 104.30260756)
  (1858.45500000, 110.99556427)
  (1858.53800000, 117.57281164)
  (1858.62300000, 124.00401008)
  (1858.70700000, 130.26094436)
  (1858.79000000, 136.31754351)
  (1858.87400000, 142.14985812)
  (1858.95800000, 147.73600217)
  (1859.04200000, 153.05606691)
  (1859.12300000, 158.09201509)
  (1859.20400000, 162.82756362)
  (1859.28800000, 167.24806271)
  (1859.37100000, 171.34037924)
  (1859.45500000, 175.09279106)
  (1859.53800000, 178.49489856)
  (1859.62300000, 181.53755832)
  (1859.70700000, 184.21284266)
  (1859.79000000, 186.51402756)
  (1859.87400000, 188.43560994)
  (1859.95800000, 189.97335408)
  (1860.04200000, 191.12436522)
  (1860.12400000, 191.88718755)
  (1860.20600000, 192.26192212)
  (1860.29000000, 192.25035947)
  (1860.37300000, 191.85612086)
  (1860.45600000, 191.08480115)
  (1860.54000000, 189.94410617)
  (1860.62400000, 188.44397704)
  (1860.70800000, 186.59669424)
  (1860.79100000, 184.41695409)
  (1860.87400000, 181.92191147)
  (1860.95800000, 179.13118270)
  (1861.04200000, 176.06680416)
  (1861.12300000, 172.75314287)
  (1861.20400000, 169.21675677)
  (1861.28800000, 165.48620394)
  (1861.37100000, 161.59180124)
  (1861.45500000, 157.56533449)
  (1861.53800000, 153.43972375)
  (1861.62300000, 149.24864866)
  (1861.70700000, 145.02614006)
  (1861.79000000, 140.80614529)
  (1861.87400000, 136.62207546)
  (1861.95800000, 132.50634401)
  (1862.04200000, 128.48990588)
  (1862.12300000, 124.60180756)
  (1862.20400000, 120.86875762)
  (1862.28800000, 117.31472764)
  (1862.37100000, 113.96059263)
  (1862.45500000, 110.82381938)
  (1862.53800000, 107.91821013)
  (1862.62300000, 105.25370793)
  (1862.70700000, 102.83626855)
  (1862.79000000, 100.66780233)
  (1862.87400000,  98.74618783)
  (1862.95800000,  97.06535750)
  (1863.04200000,  95.61545384)
  (1863.12300000,  94.38305300)
  (1863.20400000,  93.35145111)
  (1863.28800000,  92.50100739)
  (1863.37100000,  91.80953659)
  (1863.45500000,  91.25274226)
  (1863.53800000,  90.80468172)
  (1863.62300000,  90.43825261)
  (1863.70700000,  90.12569074)
  (1863.79000000,  89.83906883)
  (1863.87400000,  89.55078571)
  (1863.95800000,  89.23403635)
  (1864.04200000,  88.86325310)
  (1864.12400000,  88.41451022)
  (1864.20600000,  87.86588404)
  (1864.29000000,  87.19776299)
  (1864.37300000,  86.39310286)
  (1864.45600000,  85.43762398)
  (1864.54000000,  84.31994892)
  (1864.62400000,  83.03168063)
  (1864.70800000,  81.56742238)
  (1864.79100000,  79.92474254)
  (1864.87400000,  78.10408840)
  (1864.95800000,  76.10865445)
  (1865.04200000,  73.94421155)
  (1865.12300000,  71.61890411)
  (1865.20400000,  69.14302316)
  (1865.28800000,  66.52876325)
  (1865.37100000,  63.78997134)
  (1865.45500000,  60.94189560)
  (1865.53800000,  58.00094159)
  (1865.62300000,  54.98444269)
  (1865.70700000,  51.91045058)
  (1865.79000000,  48.79755099)
  (1865.87400000,  45.66470800)
  (1865.95800000,  42.53113979)
  (1866.04200000,  39.41622649)
  (1866.12300000,  36.33945006)
  (1866.20400000,  33.32036442)
  (1866.28800000,  30.37859275)
  (1866.37100000,  27.53384793)
  (1866.45500000,  24.80597072)
  (1866.53800000,  22.21497957)
  (1866.62300000,  19.78112539)
  (1866.70700000,  17.52494377)
  (1866.79000000,  15.46729760)
  (1866.87400000,  13.62940238)
  (1866.95800000,  12.03282747)
  (1867.04200000,  10.69946676)
  (1867.12300000,   9.65147319)
  (1867.20400000,   8.91115263)
  (1867.28800000,   8.50081393)
  (1867.37100000,   8.44257317)
  (1867.45500000,   8.75811200)
  (1867.53800000,   9.46839129)
  (1867.62300000,  10.59332321)
  (1867.70700000,  12.15140634)
  (1867.79000000,  14.15933001)
  (1867.87400000,  16.63155571)
  (1867.95800000,  19.57988447)
  (1868.04200000,  23.01302043)
  (1868.12400000,  26.93614151)
  (1868.20600000,  31.35048889)
  (1868.29000000,  36.25298709)
  (1868.37300000,  41.63590662)
  (1868.45600000,  47.48658064)
  (1868.54000000,  53.78718651)
  (1868.62400000,  60.51460223)
  (1868.70800000,  67.64034608)
  (1868.79100000,  75.13060669)
  (1868.87400000,  82.94636862)
  (1868.95800000,  91.04363659)
  (1869.04200000,  99.37375932)
  (1869.12300000, 107.88385175)
  (1869.20400000, 116.51731187)
  (1869.28800000, 125.21442620)
  (1869.37100000, 133.91305565)
  (1869.45500000, 142.54939148)
  (1869.53800000, 151.05876868)
  (1869.62300000, 159.37652313)
  (1869.70700000, 167.43887657)
  (1869.79000000, 175.18383307)
  (1869.87400000, 182.55206947)
  (1869.95800000, 189.48780202)
  (1870.04200000, 195.93961162)
  (1870.12300000, 201.86121024)
  (1870.20400000, 207.21213235)
  (1870.28800000, 211.95833599)
  (1870.37100000, 216.07270018)
  (1870.45500000, 219.53540705)
  (1870.53800000, 222.33419946)
  (1870.62300000, 224.46450740)
  (1870.70700000, 225.92943922)
  (1870.79000000, 226.73963651)
  (1870.87400000, 226.91299434)
  (1870.95800000, 226.47425178)
  (1871.04200000, 225.45446001)
  (1871.12300000, 223.89033849)
  (1871.20400000, 221.82353185)
  (1871.28800000, 219.29978262)
  (1871.37100000, 216.36803669)
  (1871.45500000, 213.07950009)
  (1871.53800000, 209.48666667)
  (1871.62300000, 205.64233719)
  (1871.70700000, 201.59865030)
  (1871.79000000, 197.40614596)
  (1871.87400000, 193.11288093)
  (1871.95800000, 188.76361501)
  (1872.04200000, 184.39908492)
  (1872.12400000, 180.05538108)
  (1872.20600000, 175.76343980)
  (1872.29000000, 171.54866116)
  (1872.37300000, 167.43065979)
  (1872.45600000, 163.42315273)
  (1872.54000000, 159.53398561)
  (1872.62400000, 155.76529487)
  (1872.70800000, 152.11380109)
  (1872.79100000, 148.57122499)
  (1872.87400000, 145.12481527)
  (1872.95800000, 141.75797477)
  (1873.04200000, 138.45096892)
  (1873.12300000, 135.18169915)
  (1873.20400000, 131.92652188)
  (1873.28800000, 128.66109311)
  (1873.37100000, 125.36121798)
  (1873.45500000, 122.00368449)
  (1873.53800000, 118.56706129)
  (1873.62300000, 115.03244012)
  (1873.70700000, 111.38410502)
  (1873.79000000, 107.61011219)
  (1873.87400000, 103.70276641)
  (1873.95800000,  99.65898287)
  (1874.04200000,  95.48052546)
  (1874.12300000,  91.17411610)
  (1874.20400000,  86.75141234)
  (1874.28800000,  82.22885412)
  (1874.37100000,  77.62738327)
  (1874.45500000,  72.97204270)
  (1874.53800000,  68.29146503)
  (1874.62300000,  63.61726308)
  (1874.70700000,  58.98333701)
  (1874.79000000,  54.42511490)
  (1874.87400000,  49.97874518)
  (1874.95800000,  45.68026055)
  (1875.04200000,  41.56473361)
  (1875.12300000,  37.66544476)
  (1875.20400000,  34.01308261)
  (1875.28800000,  30.63499635)
  (1875.37100000,  27.55451852)
  (1875.45500000,  24.79037464)
  (1875.53800000,  22.35619441)
  (1875.62300000,  20.26013678)
  (1875.70700000,  18.50463833)
  (1875.79000000,  17.08629161)
  (1875.87400000,  15.99585731)
  (1875.95800000,  15.21841033)
  (1876.04200000,  14.73361753)
  (1876.12400000,  14.51614107)
  (1876.20600000,  14.53615887)
  (1876.29000000,  14.75999063)
  (1876.37300000,  15.15081570)
  (1876.45600000,  15.66946653)
  (1876.54000000,  16.27528009)
  (1876.62400000,  16.92698801)
  (1876.70800000,  17.58362543)
  (1876.79100000,  18.20543801)
  (1876.87400000,  18.75476664)
  (1876.95800000,  19.19688989)
  (1877.04200000,  19.50080524)
  (1877.12300000,  19.63993132)
  (1877.20400000,  19.59271557)
  (1877.28800000,  19.34313341)
  (1877.37100000,  18.88106796)
  (1877.45500000,  18.20256151)
  (1877.53800000,  17.30993345)
  (1877.62300000,  16.21176167)
  (1877.70700000,  14.92272826)
  (1877.79000000,  13.46333255)
  (1877.87400000,  11.85947821)
  (1877.95800000,  10.14194343)
  (1878.04200000,   8.34574577)
  (1878.12300000,   6.50941597)
  (1878.20400000,   4.67419633)
  (1878.28800000,   2.88318134)
  (1878.37100000,   1.18041923)
  (1878.45500000,  -0.39000615)
  (1878.53800000,  -1.78489345)
  (1878.62300000,  -2.96282214)
  (1878.70700000,  -3.88501223)
  (1878.79000000,  -4.51612715)
  (1878.87400000,  -4.82500310)
  (1878.95800000,  -4.78529006)
  (1879.04200000,  -4.37599145)
  (1879.12300000,  -3.58189173)
  (1879.20400000,  -2.39386416)
  (1879.28800000,  -0.80905292)
  (1879.37100000,   1.16907272)
  (1879.45500000,   3.53079232)
  (1879.53800000,   6.26033321)
  (1879.62300000,   9.33618910)
  (1879.70700000,  12.73155018)
  (1879.79000000,  16.41483453)
  (1879.87400000,  20.35030846)
  (1879.95800000,  24.49878168)
  (1880.04200000,  28.81836189)
  (1880.12400000,  33.26525224)
  (1880.20600000,  37.79457451)
  (1880.29000000,  42.36120047)
  (1880.37300000,  46.92057415)
  (1880.45600000,  51.42950809)
  (1880.54000000,  55.84693744)
  (1880.62400000,  60.13461710)
  (1880.70800000,  64.25774844)
  (1880.79100000,  68.18552388)
  (1880.87400000,  71.89157954)
  (1880.95800000,  75.35434847)
  (1881.04200000,  78.55730886)
  (1881.12300000,  81.48912436)
  (1881.20400000,  84.14367571)
  (1881.28800000,  86.51998519)
  (1881.37100000,  88.62203786)
  (1881.45500000,  90.45850531)
  (1881.53800000,  92.04237990)
  (1881.62300000,  93.39052891)
  (1881.70700000,  94.52317976)
  (1881.79000000,  95.46334837)
  (1881.87400000,  96.23622400)
  (1881.95800000,  96.86852411)
  (1882.04200000,  97.38783361)
  (1882.12300000,  97.82194228)
  (1882.20400000,  98.19819450)
  (1882.28800000,  98.54286422)
  (1882.37100000,  98.88056778)
  (1882.45500000,  99.23372589)
  (1882.53800000,  99.62208466)
  (1882.62300000, 100.06230449)
  (1882.70700000, 100.56762362)
  (1882.79000000, 101.14760177)
  (1882.87400000, 101.80794726)
  (1882.95800000, 102.55042947)
  (1883.04200000, 103.37287649)
  (1883.12300000, 104.26925631)
  (1883.20400000, 105.22983798)
  (1883.28800000, 106.24142797)
  (1883.37100000, 107.28767537)
  (1883.45500000, 108.34943829)
  (1883.53800000, 109.40520310)
  (1883.62300000, 110.43154705)
  (1883.70700000, 111.40363417)
  (1883.79000000, 112.29573435)
  (1883.87400000, 113.08175471)
  (1883.95800000, 113.73577297)
  (1884.04200000, 114.23256244)
  (1884.12400000, 114.54809873)
  (1884.20600000, 114.66003899)
  (1884.29000000, 114.54816515)
  (1884.37300000, 114.19478348)
  (1884.45600000, 113.58507402)
  (1884.54000000, 112.70738428)
  (1884.62400000, 111.55346288)
  (1884.70800000, 110.11863011)
  (1884.79100000, 108.40188334)
  (1884.87400000, 106.40593682)
  (1884.95800000, 104.13719611)
  (1885.04200000, 101.60566911)
  (1885.12300000,  98.82481599)
  (1885.20400000,  95.81134220)
  (1885.28800000,  92.58493872)
  (1885.37100000,  89.16797524)
  (1885.45500000,  85.58515210)
  (1885.53800000,  81.86311780)
  (1885.62300000,  78.03005884)
  (1885.70700000,  74.11526943)
  (1885.79000000,  70.14870835)
  (1885.87400000,  66.16055064)
  (1885.95800000,  62.18074141)
  (1886.04200000,  58.23855916)
  (1886.12300000,  54.36219538)
  (1886.20400000,  50.57835725)
  (1886.28800000,  46.91189934)
  (1886.37100000,  43.38548987)
  (1886.45500000,  40.01931658)
  (1886.53800000,  36.83083624)
  (1886.62300000,  33.83457157)
  (1886.70700000,  31.04195804)
  (1886.79000000,  28.46124279)
  (1886.87400000,  26.09743664)
  (1886.95800000,  23.95231967)
  (1887.04200000,  22.02449980)
  (1887.12300000,  20.30952332)
  (1887.20400000,  18.80003519)
  (1887.28800000,  17.48598643)
  (1887.37100000,  16.35488520)
  (1887.45500000,  15.39208740)
  (1887.53800000,  14.58112216)
  (1887.62300000,  13.90404694)
  (1887.70700000,  13.34182652)
  (1887.79000000,  12.87472991)
  (1887.87400000,  12.48273859)
  (1887.95800000,  12.14595958)
  (1888.04200000,  11.84503658)
  (1888.12400000,  11.56155227)
  (1888.20600000,  11.27841518)
  (1888.29000000,  10.98022440)
  (1888.37300000,  10.65360594)
  (1888.45600000,  10.28751481)
  (1888.54000000,   9.87349713)
  (1888.62400000,   9.40590769)
  (1888.70800000,   8.88207839)
  (1888.79100000,   8.30243415)
  (1888.87400000,   7.67055362)
  (1888.95800000,   6.99317269)
  (1889.04200000,   6.28013007)
  (1889.12300000,   5.54425472)
  (1889.20400000,   4.80119642)
  (1889.28800000,   4.06920130)
  (1889.37100000,   3.36883541)
  (1889.45500000,   2.72266027)
  (1889.53800000,   2.15486529)
  (1889.62300000,   1.69086275)
  (1889.70700000,   1.35685174)
  (1889.79000000,   1.17935844)
  (1889.87400000,   1.18476012)
  (1889.95800000,   1.39880128)
  (1890.04200000,   1.84611011)
  (1890.12300000,   2.54972402)
  (1890.20400000,   3.53063260)
  (1890.28800000,   4.80734646)
  (1890.37100000,   6.39550002)
  (1890.45500000,   8.30749560)
  (1890.53800000,  10.55219587)
  (1890.62300000,  13.13467063)
  (1890.70700000,  16.05600310)
  (1890.79000000,  19.31315993)
  (1890.87400000,  22.89892776)
  (1890.95800000,  26.80191834)
  (1891.04200000,  31.00664247)
  (1891.12300000,  35.49365228)
  (1891.20400000,  40.23974957)
  (1891.28800000,  45.21825706)
  (1891.37100000,  50.39934788)
  (1891.45500000,  55.75042786)
  (1891.53800000,  61.23656363)
  (1891.62300000,  66.82094922)
  (1891.70700000,  72.46540264)
  (1891.79000000,  78.13088356)
  (1891.87400000,  83.77802268)
  (1891.95800000,  89.36765321)
  (1892.04200000,  94.86133488)
  (1892.12400000, 100.22186096)
  (1892.20600000, 105.41373920)
  (1892.29000000, 110.40363821)
  (1892.37300000, 115.16079137)
  (1892.45600000, 119.65735140)
  (1892.54000000, 123.86868979)
  (1892.62400000, 127.77363618)
  (1892.70800000, 131.35465445)
  (1892.79100000, 134.59795323)
  (1892.87400000, 137.49353018)
  (1892.95800000, 140.03515054)
  (1893.04200000, 142.22026213)
  (1893.12300000, 144.04984979)
  (1893.20400000, 145.52823408)
  (1893.28800000, 146.66281964)
  (1893.37100000, 147.46379982)
  (1893.45500000, 147.94382515)
  (1893.53800000, 148.11764353)
  (1893.62300000, 148.00172077)
  (1893.70700000, 147.61385017)
  (1893.79000000, 146.97276008)
  (1893.87400000, 146.09772789)
  (1893.95800000, 145.00820904)
  (1894.04200000, 143.72348850)
  (1894.12300000, 142.26236204)
  (1894.20400000, 140.64285322)
  (1894.28800000, 138.88197136)
  (1894.37100000, 136.99551443)
  (1894.45500000, 134.99791969)
  (1894.53800000, 132.90216358)
  (1894.62300000, 130.71971117)
  (1894.70700000, 128.46051403)
  (1894.79000000, 126.13305443)
  (1894.87400000, 123.74443236)
  (1894.95800000, 121.30049096)
  (1895.04200000, 118.80597504)
  (1895.12300000, 116.26471648)
  (1895.20400000, 113.67983984)
  (1895.28800000, 111.05398102)
  (1895.37100000, 108.38951163)
  (1895.45500000, 105.68876167)
  (1895.53800000, 102.95423321)
  (1895.62300000, 100.18879850)
  (1895.70700000,  97.39587586)
  (1895.79000000,  94.57957808)
  (1895.87400000,  91.74482845)
  (1895.95800000,  88.89744069)
  (1896.04200000,  86.04416017)
  (1896.12400000,  83.19266497)
  (1896.20600000,  80.35152627)
  (1896.29000000,  77.53012912)
  (1896.37300000,  74.73855555)
  (1896.45600000,  71.98743312)
  (1896.54000000,  69.28775308)
  (1896.62400000,  66.65066321)
  (1896.70800000,  64.08724107)
  (1896.79100000,  61.60825416)
  (1896.87400000,  59.22391375)
  (1896.95800000,  56.94362956)
  (1897.04200000,  54.77577220)
  (1897.12300000,  52.72745064)
  (1897.20400000,  50.80431107)
  (1897.28800000,  49.01036342)
  (1897.37100000,  47.34784088)
  (1897.45500000,  45.81709712)
  (1897.53800000,  44.41654457)
  (1897.62300000,  43.14263660)
  (1897.70700000,  41.98989481)
  (1897.79000000,  40.95098158)
  (1897.87400000,  40.01681716)
  (1897.95800000,  39.17673874)
  (1898.04200000,  38.41869860)
  (1898.12300000,  37.72949666)
  (1898.20400000,  37.09504239)
  (1898.28800000,  36.50063994)
  (1898.37100000,  35.93128970)
  (1898.45500000,  35.37199926)
  (1898.53800000,  34.80809625)
  (1898.62300000,  34.22553553)
  (1898.70700000,  33.61119339)
  (1898.79000000,  32.95314154)
  (1898.87400000,  32.24089452)
  (1898.95800000,  31.46562436)
  (1899.04200000,  30.62033762)
  (1899.12300000,  29.70001060)
  (1899.20400000,  28.70167964)
  (1899.28800000,  27.62448477)
  (1899.37100000,  26.46966588)
  (1899.45500000,  25.24051206)
  (1899.53800000,  23.94226575)
  (1899.62300000,  22.58198476)
  (1899.70700000,  21.16836594)
  (1899.79000000,  19.71153564)
  (1899.87400000,  18.22281259)
  (1899.95800000,  16.71444976)
  (1900.04200000,  15.19936208)
  (1900.12300000,  13.69084734)
  (1900.20400000,  12.20230756)
  (1900.28800000,  10.74697828)
  (1900.37100000,   9.33767250)
  (1900.45500000,   7.98654607)
  (1900.53800000,   6.70489013)
  (1900.62300000,   5.50295586)
  (1900.70700000,   4.38981537)
  (1900.79000000,   3.37326198)
  (1900.87400000,   2.45975153)
  (1900.95800000,   1.65438550)
  (1901.04200000,   0.96093531)
  (1901.12300000,   0.38190607)
  (1901.20400000,  -0.08136321)
  (1901.28800000,  -0.42856695)
  (1901.37100000,  -0.66027267)
  (1901.45500000,  -0.77773908)
  (1901.53800000,  -0.78271865)
  (1901.62300000,  -0.67725188)
  (1901.70700000,  -0.46346017)
  (1901.79000000,  -0.14334471)
  (1901.87400000,   0.28140164)
  (1901.95800000,   0.80956268)
  (1902.04200000,   1.44054137)
  (1902.12300000,   2.17447086)
  (1902.20400000,   3.01228973)
  (1902.28800000,   3.95577781)
  (1902.37100000,   5.00755040)
  (1902.45500000,   6.17100969)
  (1902.53800000,   7.45025371)
  (1902.62300000,   8.84994438)
  (1902.70700000,  10.37513733)
  (1902.79000000,  12.03107775)
  (1902.87400000,  13.82296741)
  (1902.95800000,  15.75570895)
  (1903.04200000,  17.83363466)
  (1903.12300000,  20.06022741)
  (1903.20400000,  22.43784192)
  (1903.28800000,  24.96743481)
  (1903.37100000,  27.64831196)
  (1903.45500000,  30.47790137)
  (1903.53800000,  33.45155926)
  (1903.62300000,  36.56241669)
  (1903.70700000,  39.80127274)
  (1903.79000000,  43.15653957)
  (1903.87400000,  46.61424320)
  (1903.95800000,  50.15808261)
  (1904.04200000,  53.76954816)
  (1904.12400000,  57.42809908)
  (1904.20600000,  61.11139778)
  (1904.29000000,  64.79559765)
  (1904.37300000,  68.45567920)
  (1904.45600000,  72.06582833)
  (1904.54000000,  75.59984885)
  (1904.62400000,  79.03160078)
  (1904.70800000,  82.33545477)
  (1904.79100000,  85.48675232)
  (1904.87400000,  88.46226143)
  (1904.95800000,  91.24061661)
  (1905.04200000,  93.80273299)
  (1905.12300000,  96.13218394)
  (1905.20400000,  98.21553288)
  (1905.28800000, 100.04261064)
  (1905.37100000, 101.60673063)
  (1905.45500000, 102.90483591)
  (1905.53800000, 103.93757335)
  (1905.62300000, 104.70929200)
  (1905.70700000, 105.22796426)
  (1905.79000000, 105.50503061)
  (1905.87400000, 105.55517012)
  (1905.95800000, 105.39600096)
  (1906.04200000, 105.04771680)
  (1906.12300000, 104.53266647)
  (1906.20400000, 103.87488577)
  (1906.28800000, 103.09959152)
  (1906.37100000, 102.23264889)
  (1906.45500000, 101.30002379)
  (1906.53800000, 100.32723254)
  (1906.62300000,  99.33880132)
  (1906.70700000,  98.35774753)
  (1906.79000000,  97.40509495)
  (1906.87400000,  96.49943388)
  (1906.95800000,  95.65653624)
  (1907.04200000,  94.88903468)
  (1907.12300000,  94.20617299)
  (1907.20400000,  93.61363369)
  (1907.28800000,  93.11344679)
  (1907.37100000,  92.70398178)
  (1907.45500000,  92.38002305)
  (1907.53800000,  92.13292703)
  (1907.62300000,  91.95085725)
  (1907.70700000,  91.81909172)
  (1907.79000000,  91.72039569)
  (1907.87400000,  91.63545065)
  (1907.95800000,  91.54332983)
  (1908.04200000,  91.42200879)
  (1908.12400000,  91.24889934)
  (1908.20600000,  91.00139422)
  (1908.29000000,  90.65740980)
  (1908.37300000,  90.19591432)
  (1908.45600000,  89.59742940)
  (1908.54000000,  88.84449330)
  (1908.62400000,  87.92207534)
  (1908.70800000,  86.81793225)
  (1908.79100000,  85.52289847)
  (1908.87400000,  84.03110407)
  (1908.95800000,  82.34011598)
  (1909.04200000,  80.45099967)
  (1909.12300000,  78.36830078)
  (1909.20400000,  76.09994777)
  (1909.28800000,  73.65707881)
  (1909.37100000,  71.05379780)
  (1909.45500000,  68.30686613)
  (1909.53800000,  65.43533824)
  (1909.62300000,  62.46015048)
  (1909.70700000,  59.40367355)
  (1909.79000000,  56.28923985)
  (1909.87400000,  53.14065743)
  (1909.95800000,  49.98172247)
  (1910.04200000,  46.83574206)
  (1910.12300000,  43.72507885)
  (1910.20400000,  40.67072815)
  (1910.28800000,  37.69193753)
  (1910.37100000,  34.80587742)
  (1910.45500000,  32.02737002)
  (1910.53800000,  29.36868238)
  (1910.62300000,  26.83938750)
  (1910.70700000,  24.44629587)
  (1910.79000000,  22.19345793)
  (1910.87400000,  20.08223604)
  (1910.95800000,  18.11144290)
  (1911.04200000,  16.27754180)
  (1911.12300000,  14.57490225)
  (1911.20400000,  12.99610361)
  (1911.28800000,  11.53227775)
  (1911.37100000,  10.17348141)
  (1911.45500000,   8.90908773)
  (1911.53800000,   7.72818642)
  (1911.62300000,   6.61998199)
  (1911.70700000,   5.57417923)
  (1911.79000000,   4.58134620)
  (1911.87400000,   3.63324510)
  (1911.95800000,   2.72312290)
  (1912.04200000,   1.84595435)
  (1912.12400000,   0.99863164)
  (1912.20600000,   0.18009620)
  (1912.29000000,  -0.60858996)
  (1912.37300000,  -1.36423464)
  (1912.45600000,  -2.08156702)
  (1912.54000000,  -2.75334813)
  (1912.62400000,  -3.37053675)
  (1912.70800000,  -3.92250526)
  (1912.79100000,  -4.39729936)
  (1912.87400000,  -4.78193377)
  (1912.95800000,  -5.06271581)
  (1913.04200000,  -5.22558746)
  (1913.12300000,  -5.25647666)
  (1913.20400000,  -5.14164816)
  (1913.28800000,  -4.86804433)
  (1913.37100000,  -4.42360703)
  (1913.45500000,  -3.79757181)
  (1913.53800000,  -2.98072708)
  (1913.62300000,  -1.96563151)
  (1913.70700000,  -0.74678445)
  (1913.79000000,   0.67925458)
  (1913.87400000,   2.31379991)
  (1913.95800000,   4.15602795)
  (1914.04200000,   6.20301923)
  (1914.12300000,   8.44985196)
  (1914.20400000,  10.88974362)
  (1914.28800000,  13.51423550)
  (1914.37100000,  16.31341410)
  (1914.45500000,  19.27616231)
  (1914.53800000,  22.39043212)
  (1914.62300000,  25.64353062)
  (1914.70700000,  29.02241004)
  (1914.79000000,  32.51395305)
  (1914.87400000,  36.10524447)
  (1914.95800000,  39.78382091)
  (1915.04200000,  43.53789063)
  (1915.12300000,  47.35651693)
  (1915.20400000,  51.22975918)
  (1915.28800000,  55.14876721)
  (1915.37100000,  59.10582579)
  (1915.45500000,  63.09434798)
  (1915.53800000,  67.10881706)
  (1915.62300000,  71.14467887)
  (1915.70700000,  75.19818757)
  (1915.79000000,  79.26620957)
  (1915.87400000,  83.34599148)
  (1915.95800000,  87.43489931)
  (1916.04200000,  91.53013718)
  (1916.12400000,  95.62845440)
  (1916.20600000,  99.72585062)
  (1916.29000000, 103.81728878)
  (1916.37300000, 107.89642574)
  (1916.45600000, 111.95537025)
  (1916.54000000, 115.98447726)
  (1916.62400000, 119.97218696)
  (1916.70800000, 123.90491572)
  (1916.79100000, 127.76700501)
  (1916.87400000, 131.54073274)
  (1916.95800000, 135.20639024)
  (1917.04200000, 138.74242578)
  (1917.12300000, 142.12565448)
  (1917.20400000, 145.33153203)
  (1917.28800000, 148.33448820)
  (1917.37100000, 151.10831436)
  (1917.45500000, 153.62659750)
  (1917.53800000, 155.86319199)
  (1917.62300000, 157.79271896)
  (1917.70700000, 159.39108206)
  (1917.79000000, 160.63598795)
  (1917.87400000, 161.50745905)
  (1917.95800000, 161.98832600)
  (1918.04200000, 162.06468771)
  (1918.12300000, 161.72632677)
  (1918.20400000, 160.96706935)
  (1918.28800000, 159.78507930)
  (1918.37100000, 158.18307770)
  (1918.45500000, 156.16848062)
  (1918.53800000, 153.75344950)
  (1918.62300000, 150.95485058)
  (1918.70700000, 147.79412181)
  (1918.79000000, 144.29704766)
  (1918.87400000, 140.49344453)
  (1918.95800000, 136.41676146)
  (1919.04200000, 132.10360281)
  (1919.12300000, 127.59318142)
  (1919.20400000, 122.92671280)
  (1919.28800000, 118.14676170)
  (1919.37100000, 113.29655444)
  (1919.45500000, 108.41927069)
  (1919.53800000, 103.55732935)
  (1919.62300000,  98.75168335)
  (1919.70700000,  94.04113828)
  (1919.79000000,  89.46170923)
  (1919.87400000,  85.04602964)
  (1919.95800000,  80.82282498)
  (1920.04200000,  76.81646253)
  (1920.12400000,  73.04658728)
  (1920.20600000,  69.52785192)
  (1920.29000000,  66.26974698)
  (1920.37300000,  63.27653508)
  (1920.45600000,  60.54729086)
  (1920.54000000,  58.07604607)
  (1920.62400000,  55.85203694)
  (1920.70800000,  53.86004861)
  (1920.79100000,  52.08084959)
  (1920.87400000,  50.49170691)
  (1920.95800000,  49.06697121)
  (1921.04200000,  47.77871922)
  (1921.12300000,  46.59744010)
  (1921.20400000,  45.49275096)
  (1921.28800000,  44.43412653)
  (1921.37100000,  43.39162726)
  (1921.45500000,  42.33661076)
  (1921.53800000,  41.24241139)
  (1921.62300000,  40.08497375)
  (1921.70700000,  38.84342700)
  (1921.79000000,  37.50058791)
  (1921.87400000,  36.04338242)
  (1921.95800000,  34.46317724)
  (1922.04200000,  32.75601476)
  (1922.12300000,  30.92274690)
  (1922.20400000,  28.96906561)
  (1922.28800000,  26.90542987)
  (1922.37100000,  24.74689136)
  (1922.45500000,  22.51282296)
  (1922.53800000,  20.22655640)
  (1922.62300000,  17.91493719)
  (1922.70700000,  15.60780650)
  (1922.79000000,  13.33742138)
  (1922.87400000,  11.13782560)
  (1922.95800000,   9.04418448)
  (1923.04200000,   7.09209772)
  (1923.12300000,   5.31690427)
  (1923.20400000,   3.75299359)
  (1923.28800000,   2.43313729)
  (1923.37100000,   1.38785418)
  (1923.45500000,   0.64482155)
  (1923.53800000,   0.22834359)
  (1923.62300000,   0.15888720)
  (1923.70700000,   0.45269351)
  (1923.79000000,   1.12147175)
  (1923.87400000,   2.17218058)
  (1923.95800000,   3.60689972)
  (1924.04200000,   5.42279317)
  (1924.12400000,   7.61216328)
  (1924.20600000,  10.16259292)
  (1924.29000000,  13.05717163)
  (1924.37300000,  16.27479968)
  (1924.45600000,  19.79056257)
  (1924.54000000,  23.57616753)
  (1924.62400000,  27.60043191)
  (1924.70800000,  31.82981328)
  (1924.79100000,  36.22896974)
  (1924.87400000,  40.76133912)
  (1924.95800000,  45.38972541)
  (1925.04200000,  50.07688090)
  (1925.12300000,  54.78607304)
  (1925.20400000,  59.48162544)
  (1925.28800000,  64.12942335)
  (1925.37100000,  68.69737500)
  (1925.45500000,  73.15582111)
  (1925.53800000,  77.47788624)
  (1925.62300000,  81.63976714)
  (1925.70700000,  85.62095436)
  (1925.79000000,  89.40438514)
  (1925.87400000,  92.97652671)
  (1925.95800000,  96.32739093)
  (1926.04200000,  99.45048215)
  (1926.12300000, 102.34268164)
  (1926.20400000, 105.00407315)
  (1926.28800000, 107.43771500)
  (1926.37100000, 109.64936514)
  (1926.45500000, 111.64716618)
  (1926.53800000, 113.44129814)
  (1926.62300000, 115.04360691)
  (1926.70700000, 116.46721662)
  (1926.79000000, 117.72613423)
  (1926.87400000, 118.83485451)
  (1926.95800000, 119.80797324)
  (1927.04200000, 120.65981604)
  (1927.12300000, 121.40408984)
  (1927.20400000, 122.05356305)
  (1927.28800000, 122.61978006)
  (1927.37100000, 123.11281453)
  (1927.45500000, 123.54106530)
  (1927.53800000, 123.91109769)
  (1927.62300000, 124.22753201)
  (1927.70700000, 124.49298022)
  (1927.79000000, 124.70803064)
  (1927.87400000, 124.87127975)
  (1927.95800000, 124.97940946)
  (1928.04200000, 125.02730702)
  (1928.12400000, 125.00822445)
  (1928.20600000, 124.91397346)
  (1928.29000000, 124.73515151)
  (1928.37300000, 124.46139382)
  (1928.45600000, 124.08164638)
  (1928.54000000, 123.58445405)
  (1928.62400000, 122.95825838)
  (1928.70800000, 122.19169906)
  (1928.79100000, 121.27391353)
  (1928.87400000, 120.19482896)
  (1928.95800000, 118.94544123)
  (1929.04200000, 117.51807582)
  (1929.12300000, 115.90662580)
  (1929.20400000, 114.10676264)
  (1929.28800000, 112.11611585)
  (1929.37100000, 109.93441832)
  (1929.45500000, 107.56361451)
  (1929.53800000, 105.00792935)
  (1929.62300000, 102.27389643)
  (1929.70700000,  99.37034473)
  (1929.79000000,  96.30834357)
  (1929.87400000,  93.10110656)
  (1929.95800000,  89.76385563)
  (1930.04200000,  86.31364716)
  (1930.12300000,  82.76916256)
  (1930.20400000,  79.15046678)
  (1930.28800000,  75.47873820)
  (1930.37100000,  71.77597437)
  (1930.45500000,  68.06467830)
  (1930.53800000,  64.36753052)
  (1930.62300000,  60.70705245)
  (1930.70700000,  57.10526684)
  (1930.79000000,  53.58336138)
  (1930.87400000,  50.16136150)
  (1930.95800000,  46.85781850)
  (1931.04200000,  43.68951892)
  (1931.12300000,  40.67122112)
  (1931.20400000,  37.81542428)
  (1931.28800000,  35.13217519)
  (1931.37100000,  32.62891700)
  (1931.45500000,  30.31038421)
  (1931.53800000,  28.17854674)
  (1931.62300000,  26.23260577)
  (1931.70700000,  24.46904255)
  (1931.79000000,  22.88172106)
  (1931.87400000,  21.46204379)
  (1931.95800000,  20.19915935)
  (1932.04200000,  19.08021938)
  (1932.12400000,  18.09068120)
  (1932.20600000,  17.21465168)
  (1932.29000000,  16.43526678)
  (1932.37300000,  15.73510046)
  (1932.45600000,  15.09659566)
  (1932.54000000,  14.50250951)
  (1932.62400000,  13.93636429)
  (1932.70800000,  13.38289533)
  (1932.79100000,  12.82848657)
  (1932.87400000,  12.26158474)
  (1932.95800000,  11.67308298)
  (1933.04200000,  11.05666504)
  (1933.12300000,  10.40910172)
  (1933.20400000,   9.73049204)
  (1933.28800000,   9.02444207)
  (1933.37100000,   8.29817581)
  (1933.45500000,   7.56257347)
  (1933.53800000,   6.83213380)
  (1933.62300000,   6.12485864)
  (1933.70700000,   5.46205932)
  (1933.79000000,   4.86808613)
  (1933.87400000,   4.36998374)
  (1933.95800000,   3.99707687)
  (1934.04200000,   3.78049232)
  (1934.12300000,   3.75262471)
  (1934.20400000,   3.94655477)
  (1934.28800000,   4.39543026)
  (1934.37100000,   5.13182057)
  (1934.45500000,   6.18705691)
  (1934.53800000,   7.59057071)
  (1934.62300000,   9.36924309)
  (1934.70700000,  11.54677849)
  (1934.79000000,  14.14311529)
  (1934.87400000,  17.17388593)
  (1934.95800000,  20.64993825)
  (1935.04200000,  24.57692875)
  (1935.12300000,  28.95499749)
  (1935.20400000,  33.77853262)
  (1935.28800000,  39.03603111)
  (1935.37100000,  44.71006024)
  (1935.45500000,  50.77732275)
  (1935.53800000,  57.20882618)
  (1935.62300000,  63.97015502)
  (1935.70700000,  71.02184234)
  (1935.79000000,  78.31983513)
  (1935.87400000,  85.81604606)
  (1935.95800000,  93.45898213)
  (1936.04200000, 101.19443940)
  (1936.12400000, 108.96625118)
  (1936.20600000, 116.71707617)
  (1936.29000000, 124.38921192)
  (1936.37300000, 131.92541839)
  (1936.45600000, 139.26973619)
  (1936.54000000, 146.36828401)
  (1936.62400000, 153.17002007)
  (1936.70800000, 159.62745326)
  (1936.79100000, 165.69729047)
  (1936.87400000, 171.34100798)
  (1936.95800000, 176.52533639)
  (1937.04200000, 181.22265020)
  (1937.12300000, 185.41125539)
  (1937.20400000, 189.07557019)
  (1937.28800000, 192.20619673)
  (1937.37100000, 194.79988339)
  (1937.45500000, 196.85938004)
  (1937.53800000, 198.39319068)
  (1937.62300000, 199.41522976)
  (1937.70700000, 199.94439113)
  (1937.79000000, 200.00403947)
  (1937.87400000, 199.62143651)
  (1937.95800000, 198.82711482)
  (1938.04200000, 197.65421349)
  (1938.12300000, 196.13779025)
  (1938.20400000, 194.31412519)
  (1938.28800000, 192.22003093)
  (1938.37100000, 189.89218375)
  (1938.45500000, 187.36648958)
  (1938.53800000, 184.67749751)
  (1938.62300000, 181.85787217)
  (1938.70700000, 178.93793481)
  (1938.79000000, 175.94528108)
  (1938.87400000, 172.90448123)
  (1938.95800000, 169.83686694)
  (1939.04200000, 166.76040606)
  (1939.12300000, 163.68966505)
  (1939.20400000, 160.63585618)
  (1939.28800000, 157.60696498)
  (1939.37100000, 154.60795114)
  (1939.45500000, 151.64101457)
  (1939.53800000, 148.70591677)
  (1939.62300000, 145.80034657)
  (1939.70700000, 142.92031823)
  (1939.79000000, 140.06058946)
  (1939.87400000, 137.21508660)
  (1939.95800000, 134.37732451)
  (1940.04200000, 131.54080885)
  (1940.12400000, 128.69940943)
  (1940.20600000, 125.84769450)
  (1940.29000000, 122.98121678)
  (1940.37300000, 120.09674421)
  (1940.45600000, 117.19242956)
  (1940.54000000, 114.26791549)
  (1940.62400000, 111.32437343)
  (1940.70800000, 108.36447656)
  (1940.79100000, 105.39230965)
  (1940.87400000, 102.41321988)
  (1940.95800000,  99.43361516)
  (1941.04200000,  96.46071771)
  (1941.12300000,  93.50228219)
  (1941.20400000,  90.56628892)
  (1941.28800000,  87.66062344)
  (1941.37100000,  84.79275407)
  (1941.45500000,  81.96941974)
  (1941.53800000,  79.19633944)
  (1941.62300000,  76.47795492)
  (1941.70700000,  73.81721673)
  (1941.79000000,  71.21542281)
  (1941.87400000,  68.67211743)
  (1941.95800000,  66.18505619)
  (1942.04200000,  63.75024132)
  (1942.12300000,  61.36202899)
  (1942.20400000,  59.01330848)
  (1942.28800000,  56.69575070)
  (1942.37100000,  54.40012121)
  (1942.45500000,  52.11665114)
  (1942.53800000,  49.83545699)
  (1942.62300000,  47.54699897)
  (1942.70700000,  45.24256553)
  (1942.79000000,  42.91477109)
  (1942.87400000,  40.55805251)
  (1942.95800000,  38.16914978)
  (1943.04200000,  35.74755615)
  (1943.12300000,  33.29592310)
  (1943.20400000,  30.82040629)
  (1943.28800000,  28.33094000)
  (1943.37100000,  25.84142839)
  (1943.45500000,  23.36984444)
  (1943.53800000,  20.93822891)
  (1943.62300000,  18.57258434)
  (1943.70700000,  16.30266167)
  (1943.79000000,  14.16163939)
  (1943.87400000,  12.18569831)
  (1943.95800000,  10.41349751)
  (1944.04200000,   8.88555970)
  (1944.12400000,   7.64357684)
  (1944.20600000,   6.72964909)
  (1944.29000000,   6.18547235)
  (1944.37300000,   6.05149106)
  (1944.45600000,   6.36603459)
  (1944.54000000,   7.16445628)
  (1944.62400000,   8.47829463)
  (1944.70800000,  10.33447626)
  (1944.79100000,  12.75457961)
  (1944.87400000,  15.75417763)
  (1944.95800000,  19.34227591)
  (1945.04200000,  23.52086140)
  (1945.12300000,  28.28457405)
  (1945.20400000,  33.62051160)
  (1945.28800000,  39.50817465)
  (1945.37100000,  45.91955613)
  (1945.45500000,  52.81937604)
  (1945.53800000,  60.16545920)
  (1945.62300000,  67.90925022)
  (1945.70700000,  75.99645697)
  (1945.79000000,  84.36781077)
  (1945.87400000,  92.95992849)
  (1945.95800000, 101.70625981)
  (1946.04200000, 110.53810038)
  (1946.12300000, 119.38565009)
  (1946.20400000, 128.17909468)
  (1946.28800000, 136.84968804)
  (1946.37100000, 145.33081252)
  (1946.45500000, 153.55899491)
  (1946.53800000, 161.47485684)
  (1946.62300000, 169.02397950)
  (1946.70700000, 176.15766483)
  (1946.79000000, 182.83357740)
  (1946.87400000, 189.01625402)
  (1946.95800000, 194.67747132)
  (1947.04200000, 199.79646445)
  (1947.12300000, 204.35999383)
  (1947.20400000, 208.36226029)
  (1947.28800000, 211.80467236)
  (1947.37100000, 214.69547295)
  (1947.45500000, 217.04923596)
  (1947.53800000, 218.88624626)
  (1947.62300000, 220.23177907)
  (1947.70700000, 221.11529729)
  (1947.79000000, 221.56958664)
  (1947.87400000, 221.62985045)
  (1947.95800000, 221.33278594)
  (1948.04200000, 220.71566476)
  (1948.12400000, 219.81543967)
  (1948.20600000, 218.66789873)
  (1948.29000000, 217.30688677)
  (1948.37300000, 215.76361201)
  (1948.45600000, 214.06605348)
  (1948.54000000, 212.23848212)
  (1948.62400000, 210.30110515)
  (1948.70800000, 208.26984064)
  (1948.79100000, 206.15622494)
  (1948.87400000, 203.96745298)
  (1948.95800000, 201.70654737)
  (1949.04200000, 199.37264905)
  (1949.12300000, 196.96141937)
  (1949.20400000, 194.46554010)
  (1949.28800000, 191.87529571)
  (1949.37100000, 189.17922004)
  (1949.45500000, 186.36478795)
  (1949.53800000, 183.41913114)
  (1949.62300000, 180.32975720)
  (1949.70700000, 177.08525059)
  (1949.79000000, 173.67593505)
  (1949.87400000, 170.09447784)
  (1949.95800000, 166.33641812)
  (1950.04200000, 162.40060374)
  (1950.12300000, 158.28952317)
  (1950.20400000, 154.00952243)
  (1950.28800000, 149.57090001)
  (1950.37100000, 144.98787603)
  (1950.45500000, 140.27843558)
  (1950.53800000, 135.46404967)
  (1950.62300000, 130.56928064)
  (1950.70700000, 125.62128225)
  (1950.79000000, 120.64920769)
  (1950.87400000, 115.68354151)
  (1950.95800000, 110.75537363)
  (1951.04200000, 105.89563578)
  (1951.12300000, 101.13432161)
  (1951.20400000,  96.49971273)
  (1951.28800000,  92.01763312)
  (1951.37100000,  87.71075372)
  (1951.45500000,  83.59796819)
  (1951.53800000,  79.69385917)
  (1951.62300000,  76.00827209)
  (1951.70700000,  72.54601128)
  (1951.79000000,  69.30666978)
  (1951.87400000,  66.28460100)
  (1951.95800000,  63.46903682)
  (1952.04200000,  60.84435266)
  (1952.12400000,  58.39047645)
  (1952.20600000,  56.08343427)
  (1952.29000000,  53.89602188)
  (1952.37300000,  51.79858778)
  (1952.45600000,  49.75991018)
  (1952.54000000,  47.74814747)
  (1952.62400000,  45.73183955)
  (1952.70800000,  43.68093534)
  (1952.79100000,  41.56782091)
  (1952.87400000,  39.36832179)
  (1952.95800000,  37.06265333)
  (1953.04200000,  34.63629362)
  (1953.12300000,  32.08075484)
  (1953.20400000,  29.39423104)
  (1953.28800000,  26.58210276)
  (1953.37100000,  23.65728223)
  (1953.45500000,  20.64038616)
  (1953.53800000,  17.55972743)
  (1953.62300000,  14.45112068)
  (1953.70700000,  11.35750174)
  (1953.79000000,   8.32836481)
  (1953.87400000,   5.41902589)
  (1953.95800000,   2.68972529)
  (1954.04200000,   0.20458584)
  (1954.12300000,  -1.96955280)
  (1954.20400000,  -3.76440006)
  (1954.28800000,  -5.11155452)
  (1954.37100000,  -5.94388962)
  (1954.45500000,  -6.19695530)
  (1954.53800000,  -5.81036503)
  (1954.62300000,  -4.72913764)
  (1954.70700000,  -2.90496406)
  (1954.79000000,  -0.29737038)
  (1954.87400000,   3.12524923)
  (1954.95800000,   7.38475349)
  (1955.04200000,  12.49254957)
  (1955.12300000,  18.44907999)
  (1955.20400000,  25.24351351)
  (1955.28800000,  32.85364828)
  (1955.37100000,  41.24603089)
  (1955.45500000,  50.37628992)
  (1955.53800000,  60.18967829)
  (1955.62300000,  70.62181368)
  (1955.70700000,  81.59960220)
  (1955.79000000,  93.04232633)
  (1955.87400000, 104.86287449)
  (1955.95800000, 116.96908679)
  (1956.04200000, 129.26518865)
  (1956.12400000, 141.65328246)
  (1956.20600000, 154.03486622)
  (1956.29000000, 166.31234750)
  (1956.37300000, 178.39052179)
  (1956.45600000, 190.17798479)
  (1956.54000000, 201.58845040)
  (1956.62400000, 212.54194829)
  (1956.70800000, 222.96587779)
  (1956.79100000, 232.79589859)
  (1956.87400000, 241.97664245)
  (1956.95800000, 250.46223424)
  (1957.04200000, 258.21661549)
  (1957.12300000, 265.21366767)
  (1957.20400000, 271.43713753)
  (1957.28800000, 276.88037097)
  (1957.37100000, 281.54586637)
  (1957.45500000, 285.44466222)
  (1957.53800000, 288.59557759)
  (1957.62300000, 291.02432681)
  (1957.70700000, 292.76253266)
  (1957.79000000, 293.84666390)
  (1957.87400000, 294.31692441)
  (1957.95800000, 294.21612202)
  (1958.04200000, 293.58854446)
  (1958.12300000, 292.47886968)
  (1958.20400000, 290.93113594)
  (1958.28800000, 288.98779522)
  (1958.37100000, 286.68887084)
  (1958.45500000, 284.07123711)
  (1958.53800000, 281.16803530)
  (1958.62300000, 278.00823657)
  (1958.70700000, 274.61635820)
  (1958.79000000, 271.01233574)
  (1958.87400000, 267.21154908)
  (1958.95800000, 263.22499702)
  (1959.04200000, 259.05961043)
  (1959.12300000, 254.71869110)
  (1959.20400000, 250.20246000)
  (1959.28800000, 245.50869598)
  (1959.37100000, 240.63344381)
  (1959.45500000, 235.57176895)
  (1959.53800000, 230.31853535)
  (1959.62300000, 224.86918237)
  (1959.70700000, 219.22047709)
  (1959.79000000, 213.37121925)
  (1959.87400000, 207.32287766)
  (1959.95800000, 201.08013886)
  (1960.04200000, 194.65135143)
  (1960.12400000, 188.04885236)
  (1960.20600000, 181.28916522)
  (1960.29000000, 174.39306342)
  (1960.37300000, 167.38549557)
  (1960.45600000, 160.29537397)
  (1960.54000000, 153.15523069)
  (1960.62400000, 146.00074973)
  (1960.70800000, 138.87018675)
  (1960.79100000, 131.80369140)
  (1960.87400000, 124.84254955)
  (1960.95800000, 118.02836534)
  (1961.04200000, 111.40220429)
  (1961.12300000, 105.00372031)
  (1961.20400000,  98.87028957)
  (1961.28800000,  93.03617447)
  (1961.37100000,  87.53174007)
  (1961.45500000,  82.38274430)
  (1961.53800000,  77.60972137)
  (1961.62300000,  73.22747545)
  (1961.70700000,  69.24469922)
  (1961.79000000,  65.66372836)
  (1961.87400000,  62.48044015)
  (1961.95800000,  59.68430031)
  (1962.04200000,  57.25855872)
  (1962.12300000,  55.18059092)
  (1962.20400000,  53.42237848)
  (1962.28800000,  51.95111811)
  (1962.37100000,  50.72994574)
  (1962.45500000,  49.71875938)
  (1962.53800000,  48.87512164)
  (1962.62300000,  48.15522117)
  (1962.70700000,  47.51487046)
  (1962.79000000,  46.91051666)
  (1962.87400000,  46.30024185)
  (1962.95800000,  45.64472912)
  (1963.04200000,  44.90817184)
  (1963.12300000,  44.05910494)
  (1963.20400000,  43.07113853)
  (1963.28800000,  41.92357711)
  (1963.37100000,  40.60190975)
  (1963.45500000,  39.09816034)
  (1963.53800000,  37.41108977)
  (1963.62300000,  35.54624598)
  (1963.70700000,  33.51586101)
  (1963.79000000,  31.33859810)
  (1963.87400000,  29.03915516)
  (1963.95800000,  26.64773446)
  (1964.04200000,  24.19939145)
  (1964.12400000,  21.73327810)
  (1964.20600000,  19.29179897)
  (1964.29000000,  16.91969956)
  (1964.37300000,  14.66310842)
  (1964.45600000,  12.56855479)
  (1964.54000000,  10.68198442)
  (1964.62400000,   9.04779558)
  (1964.70800000,   7.70791665)
  (1964.79100000,   6.70094554)
  (1964.87400000,   6.06136917)
  (1964.95800000,   5.81887939)
  (1965.04200000,   5.99779895)
  (1965.12300000,   6.61662841)
  (1965.20400000,   7.68772195)
  (1965.28800000,   9.21709662)
  (1965.37100000,  11.20437658)
  (1965.45500000,  13.64287048)
  (1965.53800000,  16.51977716)
  (1965.62300000,  19.81651175)
  (1965.70700000,  23.50914185)
  (1965.79000000,  27.56892068)
  (1965.87400000,  31.96290253)
  (1965.95800000,  36.65462399)
  (1966.04200000,  41.60483329)
  (1966.12300000,  46.77224957)
  (1966.20400000,  52.11433363)
  (1966.28800000,  57.58805178)
  (1966.37100000,  63.15061561)
  (1966.45500000,  68.76018096)
  (1966.53800000,  74.37649178)
  (1966.62300000,  79.96145548)
  (1966.70700000,  85.47963950)
  (1966.79000000,  90.89868029)
  (1966.87400000,  96.18959932)
  (1966.95800000, 101.32702255)
  (1967.04200000, 106.28930302)
  (1967.12300000, 111.05854850)
  (1967.20400000, 115.62055852)
  (1967.28800000, 119.96467776)
  (1967.37100000, 124.08357412)
  (1967.45500000, 127.97295222)
  (1967.53800000, 131.63121388)
  (1967.62300000, 135.05907843)
  (1967.70700000, 138.25917626)
  (1967.79000000, 141.23562916)
  (1967.87400000, 143.99363093)
  (1967.95800000, 146.53904114)
  (1968.04200000, 148.87800394)
  (1968.12400000, 151.01660279)
  (1968.20600000, 152.96056018)
  (1968.29000000, 154.71498995)
  (1968.37300000, 156.28420770)
  (1968.45600000, 157.67160282)
  (1968.54000000, 158.87957358)
  (1968.62400000, 159.90952462)
  (1968.70800000, 160.76192419)
  (1968.79100000, 161.43641643)
  (1968.87400000, 161.93198269)
  (1968.95800000, 162.24714374)
  (1969.04200000, 162.38019428)
  (1969.12300000, 162.32945956)
  (1969.20400000, 162.09356375)
  (1969.28800000, 161.67169941)
  (1969.37100000, 161.06388723)
  (1969.45500000, 160.27121607)
  (1969.53800000, 159.29605366)
  (1969.62300000, 158.14221971)
  (1969.70700000, 156.81511423)
  (1969.79000000, 155.32179555)
  (1969.87400000, 153.67100417)
  (1969.95800000, 151.87313030)
  (1970.04200000, 149.94012501)
  (1970.12300000, 147.88535662)
  (1970.20400000, 145.72341577)
  (1970.28800000, 143.46987453)
  (1970.37100000, 141.14100626)
  (1970.45500000, 138.75347426)
  (1970.53800000, 136.32399856)
  (1970.62300000, 133.86901074)
  (1970.70700000, 131.40430741)
  (1970.79000000, 128.94471289)
  (1970.87400000, 126.50376176)
  (1970.95800000, 124.09341127)
  (1971.04200000, 121.72379278)
  (1971.12300000, 119.40301051)
  (1971.20400000, 117.13699427)
  (1971.28800000, 114.92941145)
  (1971.37100000, 112.78164174)
  (1971.45500000, 110.69281607)
  (1971.53800000, 108.65991966)
  (1971.62300000, 106.67795651)
  (1971.70700000, 104.74017155)
  (1971.79000000, 102.83832403)
  (1971.87400000, 100.96300485)
  (1971.95800000,  99.10398860)
  (1972.04200000,  97.25061004)
  (1972.12400000,  95.39215413)
  (1972.20600000,  93.51824763)
  (1972.29000000,  91.61924079)
  (1972.37300000,  89.68656704)
  (1972.45600000,  87.71306981)
  (1972.54000000,  85.69328587)
  (1972.62400000,  83.62367606)
  (1972.70800000,  81.50279578)
  (1972.79100000,  79.33139906)
  (1972.87400000,  77.11247219)
  (1972.95800000,  74.85119495)
  (1973.04200000,  72.55482939)
  (1973.12300000,  70.23253878)
  (1973.20400000,  67.89514105)
  (1973.28800000,  65.55480340)
  (1973.37100000,  63.22468665)
  (1973.45500000,  60.91854952)
  (1973.53800000,  58.65032449)
  (1973.62300000,  56.43367816)
  (1973.70700000,  54.28156952)
  (1973.79000000,  52.20582029)
  (1973.87400000,  50.21671106)
  (1973.95800000,  48.32261701)
  (1974.04200000,  46.52969566)
  (1974.12300000,  44.84163848)
  (1974.20400000,  43.25949593)
  (1974.28800000,  41.78158430)
  (1974.37100000,  40.40348008)
  (1974.45500000,  39.11810523)
  (1974.53800000,  37.91590455)
  (1974.62300000,  36.78511319)
  (1974.70700000,  35.71211004)
  (1974.79000000,  34.68184995)
  (1974.87400000,  33.67836534)
  (1974.95800000,  32.68532548)
  (1975.04200000,  31.68663952)
  (1975.12300000,  30.66708797)
  (1975.20400000,  29.61296564)
  (1975.28800000,  28.51271857)
  (1975.37100000,  27.35755664)
  (1975.45500000,  26.14202393)
  (1975.53800000,  24.86450907)
  (1975.62300000,  23.52767936)
  (1975.70700000,  22.13882324)
  (1975.79000000,  20.71008825)
  (1975.87400000,  19.25860345)
  (1975.95800000,  17.80647824)
  (1976.04200000,  16.38067226)
  (1976.12400000,  15.01273434)
  (1976.20600000,  13.73841154)
  (1976.29000000,  12.59713297)
  (1976.37300000,  11.63137597)
  (1976.45600000,  10.88592580)
  (1976.54000000,  10.40704258)
  (1976.62400000,  10.24155225)
  (1976.70800000,  10.43588033)
  (1976.79100000,  11.03504936)
  (1976.87400000,  12.08166229)
  (1976.95800000,  13.61489490)
  (1977.04200000,  15.66952076)
  (1977.12300000,  18.27499196)
  (1977.20400000,  21.45459806)
  (1977.28800000,  25.22472440)
  (1977.37100000,  29.59422885)
  (1977.45500000,  34.56395382)
  (1977.53800000,  40.12638748)
  (1977.62300000,  46.26548484)
  (1977.70700000,  52.95665593)
  (1977.79000000,  60.16692438)
  (1977.87400000,  67.85525602)
  (1977.95800000,  75.97305307)
  (1978.04200000,  84.46480566)
  (1978.12300000,  93.26888862)
  (1978.20400000, 102.31848829)
  (1978.28800000, 111.54264053)
  (1978.37100000, 120.86735880)
  (1978.45500000, 130.21682876)
  (1978.53800000, 139.51464410)
  (1978.62300000, 148.68505735)
  (1978.70700000, 157.65421878)
  (1978.79000000, 166.35137681)
  (1978.87400000, 174.71001398)
  (1978.95800000, 182.66889404)
  (1979.04200000, 190.17299764)
  (1979.12300000, 197.17432669)
  (1979.20400000, 203.63256045)
  (1979.28800000, 209.51554981)
  (1979.37100000, 214.79964003)
  (1979.45500000, 219.46981615)
  (1979.53800000, 223.51966946)
  (1979.62300000, 226.95118750)
  (1979.70700000, 229.77437438)
  (1979.79000000, 232.00671181)
  (1979.87400000, 233.67247525)
  (1979.95800000, 234.80192278)
  (1980.04200000, 235.43037703)
  (1980.12400000, 235.59722327)
  (1980.20600000, 235.34484821)
  (1980.29000000, 234.71754539)
  (1980.37300000, 233.76041386)
  (1980.45600000, 232.51827629)
  (1980.54000000, 231.03464239)
  (1980.62400000, 229.35074178)
  (1980.70800000, 227.50464885)
  (1980.79100000, 225.53051922)
  (1980.87400000, 223.45795492)
  (1980.95800000, 221.31151145)
  (1981.04200000, 219.11035680)
  (1981.12300000, 216.86808791)
  (1981.20400000, 214.59270664)
  (1981.28800000, 212.28675259)
  (1981.37100000, 209.94758677)
  (1981.45500000, 207.56781575)
  (1981.53800000, 205.13584261)
  (1981.62300000, 202.63652809)
  (1981.70700000, 200.05194210)
  (1981.79000000, 197.36218403)
  (1981.87400000, 194.54624852)
  (1981.95800000, 191.58291225)
  (1982.04200000, 188.45161710)
  (1982.12300000, 185.13332539)
  (1982.20400000, 181.61132340)
  (1982.28800000, 177.87195166)
  (1982.37100000, 173.90524177)
  (1982.45500000, 169.70544283)
  (1982.53800000, 165.27142328)
  (1982.62300000, 160.60693744)
  (1982.70700000, 155.72074978)
  (1982.79000000, 150.62661390)
  (1982.87400000, 145.34310714)
  (1982.95800000, 139.89332554)
  (1983.04200000, 134.30444793)
  (1983.12300000, 128.60718123)
  (1983.20400000, 122.83510255)
  (1983.28800000, 117.02391629)
  (1983.37100000, 111.21064681)
  (1983.45500000, 105.43278931)
  (1983.53800000,  99.72744221)
  (1983.62300000,  94.13044550)
  (1983.70700000,  88.67554892)
  (1983.79000000,  83.39363341)
  (1983.87400000,  78.31200783)
  (1983.95800000,  73.45380089)
  (1984.04200000,  68.83746589)
  (1984.12400000,  64.47641274)
  (1984.20600000,  60.37877852)
  (1984.29000000,  56.54734389)
  (1984.37300000,  52.97959898)
  (1984.45600000,  49.66795830)
  (1984.54000000,  46.60012003)
  (1984.62400000,  43.75956121)
  (1984.70800000,  41.12615673)
  (1984.79100000,  38.67690627)
  (1984.87400000,  36.38675048)
  (1984.95800000,  34.22945524)
  (1985.04200000,  32.17854036)
  (1985.12300000,  30.20822818)
  (1985.20400000,  28.29438629)
  (1985.28800000,  26.41543880)
  (1985.37100000,  24.55322077)
  (1985.45500000,  22.69375203)
  (1985.53800000,  20.82790812)
  (1985.62300000,  18.95196859)
  (1985.70700000,  17.06802607)
  (1985.79000000,  15.18424264)
  (1985.87400000,  13.31494396)
  (1985.95800000,  11.48054578)
  (1986.04200000,   9.70731157)
  (1986.12300000,   8.02694427)
  (1986.20400000,   6.47601968)
  (1986.28800000,   5.09527284)
  (1986.37100000,   3.92875276)
  (1986.45500000,   3.02286441)
  (1986.53800000,   2.42531972)
  (1986.62300000,   2.18402216)
  (1986.70700000,   2.34591099)
  (1986.79000000,   2.95579313)
  (1986.87400000,   4.05519045)
  (1986.95800000,   5.68123095)
  (1987.04200000,   7.86561080)
  (1987.12300000,  10.63365322)
  (1987.20400000,  14.00348784)
  (1987.28800000,  17.98537133)
  (1987.37100000,  22.58116701)
  (1987.45500000,  27.78399742)
  (1987.53800000,  33.57807950)
  (1987.62300000,  39.93874809)
  (1987.70700000,  46.83266857)
  (1987.79000000,  54.21823521)
  (1987.87400000,  62.04614727)
  (1987.95800000,  70.26015050)
  (1988.04200000,  78.79792798)
  (1988.12400000,  87.59212039)
  (1988.20600000,  96.57145284)
  (1988.29000000, 105.66194289)
  (1988.37300000, 114.78816237)
  (1988.45600000, 123.87452437)
  (1988.54000000, 132.84656641)
  (1988.62400000, 141.63220070)
  (1988.70800000, 150.16290345)
  (1988.79100000, 158.37481680)
  (1988.87400000, 166.20973906)
  (1988.95800000, 173.61598163)
  (1989.04200000, 180.54907476)
  (1989.12300000, 186.97230749)
  (1989.20400000, 192.85709158)
  (1989.28800000, 198.18314356)
  (1989.37100000, 202.93848328)
  (1989.45500000, 207.11925206)
  (1989.53800000, 210.72935774)
  (1989.62300000, 213.77995823)
  (1989.70700000, 216.28879890)
  (1989.79000000, 218.27942268)
  (1989.87400000, 219.78027462)
  (1989.95800000, 220.82372515)
  (1990.04200000, 221.44503785)
  (1990.12300000, 221.68130886)
  (1990.20400000, 221.57040525)
  (1990.28800000, 221.14992942)
  (1990.37100000, 220.45623575)
  (1990.45500000, 219.52352373)
  (1990.53800000, 218.38302999)
  (1990.62300000, 217.06233825)
  (1990.70700000, 215.58482355)
  (1990.79000000, 213.96924277)
  (1990.87400000, 212.22947997)
  (1990.95800000, 210.37445067)
  (1991.04200000, 208.40816475)
  (1991.12300000, 206.32994389)
  (1991.20400000, 204.13478490)
  (1991.28800000, 201.81385661)
  (1991.37100000, 199.35511458)
  (1991.45500000, 196.74401475)
  (1991.53800000, 193.96430437)
  (1991.62300000, 190.99886707)
  (1991.70700000, 187.83059700)
  (1991.79000000, 184.44327677)
  (1991.87400000, 180.82243357)
  (1991.95800000, 176.95614874)
  (1992.04200000, 172.83579728)
  (1992.12400000, 168.45669572)
  (1992.20600000, 163.81863952)
  (1992.29000000, 158.92631376)
  (1992.37300000, 153.78956488)
  (1992.45600000, 148.42352454)
  (1992.54000000, 142.84858096)
  (1992.62400000, 137.09019724)
  (1992.70800000, 131.17858008)
  (1992.79100000, 125.14820683)
  (1992.87400000, 119.03722219)
  (1992.95800000, 112.88671981)
  (1993.04200000, 106.73992709)
  (1993.12300000, 100.64131423)
  (1993.20400000,  94.63565060)
  (1993.28800000,  88.76703328)
  (1993.37100000,  83.07791331)
  (1993.45500000,  77.60814560)
  (1993.53800000,  72.39408779)
  (1993.62300000,  67.46777248)
  (1993.70700000,  62.85617527)
  (1993.79000000,  58.58059881)
  (1993.87400000,  54.65619016)
  (1993.95800000,  51.09160540)
  (1994.04200000,  47.88883159)
  (1994.12300000,  45.04317243)
  (1994.20400000,  42.54339939)
  (1994.28800000,  40.37206624)
  (1994.37100000,  38.50598031)
  (1994.45500000,  36.91682008)
  (1994.53800000,  35.57188455)
  (1994.62300000,  34.43495660)
  (1994.70700000,  33.46725952)
  (1994.79000000,  32.62848321)
  (1994.87400000,  31.87785487)
  (1994.95800000,  31.17522746)
  (1995.04200000,  30.48215890)
  (1995.12300000,  29.76295483)
  (1995.20400000,  28.98564858)
  (1995.28800000,  28.12289346)
  (1995.37100000,  27.15274464)
  (1995.45500000,  26.05931023)
  (1995.53800000,  24.83325486)
  (1995.62300000,  23.47214211)
  (1995.70700000,  21.98060646)
  (1995.79000000,  20.37034952)
  (1995.87400000,  18.65995967)
  (1995.95800000,  16.87455854)
  (1996.04200000,  15.04528204)
  (1996.12400000,  13.20860803)
  (1996.20600000,  11.40554605)
  (1996.29000000,   9.68070846)
  (1996.37300000,   8.08128492)
  (1996.45600000,   6.65594482)
  (1996.54000000,   5.45369383)
  (1996.62400000,   4.52271211)
  (1996.70800000,   3.90920206)
  (1996.79100000,   3.65627334)
  (1996.87400000,   3.80289181)
  (1996.95800000,   4.38291786)
  (1997.04200000,   5.42425684)
  (1997.12300000,   6.94814215)
  (1997.20400000,   8.96856778)
  (1997.28800000,  11.49188379)
  (1997.37100000,  14.51656403)
  (1997.45500000,  18.03315121)
  (1997.53800000,  22.02438022)
  (1997.62300000,  26.46547615)
  (1997.70700000,  31.32461928)
  (1997.79000000,  36.56356524)
  (1997.87400000,  42.13840494)
  (1997.95800000,  48.00044541)
  (1998.04200000,  54.09718995)
  (1998.12300000,  60.37339364)
  (1998.20400000,  66.77216864)
  (1998.28800000,  73.23611261)
  (1998.37100000,  79.70843318)
  (1998.45500000,  86.13404185)
  (1998.53800000,  92.46059142)
  (1998.62300000,  98.63943288)
  (1998.70700000, 104.62646970)
  (1998.79000000, 110.38289020)
  (1998.87400000, 115.87576206)
  (1998.95800000, 121.07847621)
  (1999.04200000, 125.97103152)
  (1999.12300000, 130.54015567)
  (1999.20400000, 134.77926147)
  (1999.28800000, 138.68824233)
  (1999.37100000, 142.27311436)
  (1999.45500000, 145.54551641)
  (1999.53800000, 148.52208264)
  (1999.62300000, 151.22370567)
  (1999.70700000, 153.67471032)
  (1999.79000000, 155.90196057)
  (1999.87400000, 157.93392349)
  (1999.95800000, 159.79971475)
  (2000.04200000, 161.52815065)
  (2000.12400000, 163.14683109)
  (2000.20600000, 164.68127686)
  (2000.29000000, 166.15414307)
  (2000.37300000, 167.58452818)
  (2000.45600000, 168.98739577)
  (2000.54000000, 170.37312273)
  (2000.62400000, 171.74718443)
  (2000.70800000, 173.10998388)
  (2000.79100000, 174.45682763)
  (2000.87400000, 175.77804801)
  (2000.95800000, 177.05926708)
  (2001.04200000, 178.28179409)
  (2001.12300000, 179.42314507)
  (2001.20400000, 180.45767001)
  (2001.28800000, 181.35727025)
  (2001.37100000, 182.09218689)
  (2001.45500000, 182.63183895)
  (2001.53800000, 182.94568922)
  (2001.62300000, 183.00411497)
  (2001.70700000, 182.77926085)
  (2001.79000000, 182.24585199)
  (2001.87400000, 181.38194627)
  (2001.95800000, 180.16960679)
  (2002.04200000, 178.59547750)
  (2002.12300000, 176.65124765)
  (2002.20400000, 174.33399369)
  (2002.28800000, 171.64639051)
  (2002.37100000, 168.59678717)
  (2002.45500000, 165.19914601)
  (2002.53800000, 161.47284720)
  (2002.62300000, 157.44236451)
  (2002.70700000, 153.13682119)
  (2002.79000000, 148.58943761)
  (2002.87400000, 143.83688539)
  (2002.95800000, 138.91856444)
  (2003.04200000, 133.87582166)
  (2003.12300000, 128.75113084)
  (2003.20400000, 123.58725448)
  (2003.28800000, 118.42640802)
  (2003.37100000, 113.30944723)
  (2003.45500000, 108.27509812)
  (2003.53800000, 103.35924766)
  (2003.62300000,  98.59431183)
  (2003.70700000,  94.00869530)
  (2003.79000000,  89.62635430)
  (2003.87400000,  85.46647174)
  (2003.95800000,  81.54325048)
  (2004.04200000,  77.86582736)
  (2004.12400000,  74.43830786)
  (2004.20600000,  71.25991775)
  (2004.29000000,  68.32526529)
  (2004.37300000,  65.62470491)
  (2004.45600000,  63.14479062)
  (2004.54000000,  60.86880532)
  (2004.62400000,  58.77735065)
  (2004.70800000,  56.84898040)
  (2004.79100000,  55.06086001)
  (2004.87400000,  53.38943404)
  (2004.95800000,  51.81108399)
  (2005.04200000,  50.30275910)
  (2005.12300000,  48.84256421)
  (2005.20400000,  47.41028993)
  (2005.28800000,  45.98787263)
  (2005.37100000,  44.55977345)
  (2005.45500000,  43.11326866)
  (2005.53800000,  41.63864556)
  (2005.62300000,  40.12930168)
  (2005.70700000,  38.58174711)
  (2005.79000000,  36.99551297)
  (2005.87400000,  35.37297158)
  (2005.95800000,  33.71907619)
  (2006.04200000,  32.04103040)
  (2006.12300000,  30.34789938)
  (2006.20400000,  28.65017619)
  (2006.28800000,  26.95931794)
  (2006.37100000,  25.28726703)
  (2006.45500000,  23.64597281)
  (2006.53800000,  22.04692909)
  (2006.62300000,  20.50074192)
  (2006.70700000,  19.01674129)
  (2006.79000000,  17.60264856)
  (2006.87400000,  16.26431008)
  (2006.95800000,  15.00550487)
  (2007.04200000,  13.82783229)
  (2007.12300000,  12.73068304)
  (2007.20400000,  11.71129399)
  (2007.28800000,  10.76488522)
  (2007.37100000,   9.88487471)
  (2007.45500000,   9.06316397)
  (2007.53800000,   8.29048552)
  (2007.62300000,   7.55680139)
  (2007.70700000,   6.85173990)
  (2007.79000000,   6.16505709)
  (2007.87400000,   5.48710802)
  (2007.95800000,   4.80931272)
  (2008.04200000,   4.12460191)
  (2008.12400000,   3.42782758)
  (2008.20600000,   2.71612477)
  (2008.29000000,   1.98921195)
  (2008.37300000,   1.24961929)
  (2008.45600000,   0.50283559)
  (2008.54000000,  -0.24263232)
  (2008.62400000,  -0.97529234)
  (2008.70800000,  -1.68079326)
  (2008.79100000,  -2.34214347)
  (2008.87400000,  -2.94001820)
  (2008.95800000,  -3.45314924)
  (2009.04200000,  -3.85878803)
  (2009.12300000,  -4.13323127)
  (2009.20400000,  -4.25239599)
  (2009.28800000,  -4.19242948)
  (2009.37100000,  -3.93033836)
  (2009.45500000,  -3.44462003)
  (2009.53800000,  -2.71587960)
  (2009.62300000,  -1.72741545)
  (2009.70700000,  -0.46575710)
  (2009.79000000,   1.07886001)
  (2009.87400000,   2.91209651)
  (2009.95800000,   5.03519997)
  (2010.04200000,   7.44479459)
  (2010.12300000,  10.13277694)
  (2010.20400000,  13.08632253)
  (2010.28800000,  16.28800514)
  (2010.37100000,  19.71602769)
  (2010.45500000,  23.34456084)
  (2010.53800000,  27.14418234)
  (2010.62300000,  31.08240776)
  (2010.70700000,  35.12430034)
  (2010.79000000,  39.23314614)
  (2010.87400000,  43.37117809)
  (2010.95800000,  47.50033172)
  (2011.04200000,  51.58301413)
  (2011.12300000,  55.58286715)
  (2011.20400000,  59.46550571)
  (2011.28800000,  63.19921307)
  (2011.37100000,  66.75557512)
  (2011.45500000,  70.11003774)
  (2011.53800000,  73.24237294)
  (2011.62300000,  76.13704148)
  (2011.70700000,  78.78344274)
  (2011.79000000,  81.17604479)
  (2011.87400000,  83.31439119)
  (2011.95800000,  85.20298379)
  (2012.04200000,  86.85104409)
  (2012.12400000,  88.27215886)
  (2012.20600000,  89.48381862)
  (2012.29000000,  90.50686035)
  (2012.37300000,  91.36482850)
  (2012.45600000,  92.08327011)
  (2012.54000000,  92.68898203)
  (2012.62400000,  93.20922927)
  (2012.70800000,  93.67095442)
  (2012.79100000,  94.09999839)
  (2012.87400000,  94.52035244)
  (2012.95800000,  94.95346087)
  (2013.04200000,  95.41759242)
  (2013.12300000,  95.92729683)
  (2013.20400000,  96.49296081)
  (2013.28800000,  97.12047518)
  (2013.37100000,  97.81102238)
  (2013.45500000,  98.56099005)
  (2013.53800000,  99.36201364)
  (2013.62300000, 100.20114753)
  (2013.70700000, 101.06116072)
  (2013.79000000, 101.92095028)
  (2013.87400000, 102.75606233)
  (2013.95800000, 103.53930798)
  (2014.04200000, 104.24145874)
  (2014.12300000, 104.83200415)
  (2014.20400000, 105.27995261)
  (2014.28800000, 105.55465522)
  (2014.37100000, 105.62663181)
  (2014.45500000, 105.46837809)
  (2014.53800000, 105.05513352)
  (2014.62300000, 104.36559008)
  (2014.70700000, 103.38252383)
  (2014.79000000, 102.09333280)
  (2014.87400000, 100.49046735)
  (2014.95800000,  98.57174141)
  (2015.04200000,  96.34051644)
  (2015.12300000,  93.80575267)
  (2015.20400000,  90.98192583)
  (2015.28800000,  87.88881087)
  (2015.37100000,  84.55113730)
  (2015.45500000,  80.99812442)
  (2015.53800000,  77.26290723)
  (2015.62300000,  73.38186709)
  (2015.70700000,  69.39388309)
  (2015.79000000,  65.33952258)
  (2015.87400000,  61.26019034)
  (2015.95800000,  57.19725747)
  (2016.04200000,  53.19119111)
  (2016.12400000,  49.28070640)
  (2016.20600000,  45.50196140)
  (2016.28800000,  41.88781471)
  (2016.37300000,  38.46716379)
  (2016.45500000,  35.26438023)
  (2016.54000000,  32.29885555)
  (2016.62400000,  29.58466845)
  (2016.70600000,  27.13038131)
  (2016.79100000,  24.93897071)
  (2016.87300000,  23.00789310)
  (2016.95800000,  21.32928350)
  (2017.04200000,  19.89028187)
  (2017.12200000,  18.67347849)
  (2017.20400000,  17.65746673)
  (2017.28600000,  16.81748892)
  (2017.37100000,  16.12615881)
  (2017.45300000,  15.55424211)
  (2017.53800000,  15.07147521)
  (2017.62300000,  14.64740126)
  (2017.70500000,  14.25220246)
  (2017.79000000,  13.85750738)
  (2017.87300000,  13.43715305)
  (2017.95800000,  12.96788246)
  (2018.04200000,  12.42995993)
  (2018.12200000,  11.80768901)
  (2018.20400000,  11.08981979)
  (2018.28600000,  10.26983550)
  (2018.37100000,   9.34611138)
  (2018.45300000,   8.32194179)
  (2018.53800000,   7.20543526)
  (2018.62300000,   6.00928004)
  (2018.70500000,   4.75038632)
  (2018.79000000,   3.44941445)
  (2018.87300000,   2.13020085)
  (2018.95800000,   0.81909666)
  (2019.04200000,  -0.45576446)
  (2019.12200000,  -1.66525039)
  (2019.20400000,  -2.78004695)
  (2019.28600000,  -3.77148551)
  (2019.37100000,  -4.61236118)
  (2019.45300000,  -5.27772044)
  (2019.53800000,  -5.74559835)
  (2019.62300000,  -5.99768648)
  (2019.70500000,  -6.01991440)
  (2019.79000000,  -5.80292967)
  (2019.87300000,  -5.34246402)
  (2019.95800000,  -4.63957566)
  (2020.04200000,  -3.70076139)
  (2020.12400000,  -2.53793465)
  (2020.20600000,  -1.16826943)
  (2020.28800000,   0.38608699)
  (2020.37300000,   2.09842634)
  (2020.45500000,   3.93800750)
  (2020.54000000,   5.87068849)
  (2020.62400000,   7.85964781)
  (2020.70600000,   9.86617867)
  (2020.79100000,  11.85053763)
  (2020.87300000,  13.77282819)
  (2020.95800000,  15.59389886)
  (2021.04200000,  17.27623514)
  (2021.12200000,  18.78482474)
  (2021.20400000,  20.08797643)
  (2021.28600000,  21.15807368)
]
