%=============================================================================
% Daniel J. Greenhoe 
% Sunspot eigen synthesis vector data using 1 coefficients
% File suitable for use with LaTeX PStricks
% For an example, see "sunspots_eigen_syn.tex"
% This file auto-generated using "sunspots.R" --- hand-editing not recommended
% Total RMS synthesis error using 1 coefficients =   1.28835277
%=============================================================================
[
  (1854.62300000,  39.86125538)
  (1854.70700000,  37.15742687)
  (1854.79000000,  34.55240324)
  (1854.87400000,  32.04949919)
  (1854.95800000,  29.65433260)
  (1855.04200000,  27.37290131)
  (1855.12300000,  25.21075440)
  (1855.20400000,  23.17364632)
  (1855.28800000,  21.26622966)
  (1855.37100000,  19.49245003)
  (1855.45500000,  17.85813206)
  (1855.53800000,  16.36784822)
  (1855.62300000,  15.02625997)
  (1855.70700000,  13.83683343)
  (1855.79000000,  12.80231901)
  (1855.87400000,  11.92542324)
  (1855.95800000,  11.20980449)
  (1856.04200000,  10.65709628)
  (1856.12400000,  10.26989132)
  (1856.20600000,  10.04870525)
  (1856.29000000,   9.99497236)
  (1856.37300000,  10.11017935)
  (1856.45600000,  10.39298779)
  (1856.54000000,  10.84355078)
  (1856.62400000,  11.46231745)
  (1856.70800000,  12.24675857)
  (1856.79100000,  13.19668786)
  (1856.87400000,  14.31173274)
  (1856.95800000,  15.58843065)
  (1857.04200000,  17.02465758)
  (1857.12300000,  18.61688025)
  (1857.20400000,  20.36239019)
  (1857.28800000,  22.25644654)
  (1857.37100000,  24.29631141)
  (1857.45500000,  26.47790485)
  (1857.53800000,  28.79611543)
  (1857.62300000,  31.24607072)
  (1857.70700000,  33.82224508)
  (1857.79000000,  36.51881056)
  (1857.87400000,  39.33003265)
  (1857.95800000,  42.24898657)
  (1858.04200000,  45.26955691)
  (1858.12300000,  48.38542290)
  (1858.20400000,  51.58945323)
  (1858.28800000,  54.87351851)
  (1858.37100000,  58.23045715)
  (1858.45500000,  61.65391989)
  (1858.53800000,  65.13477437)
  (1858.62300000,  68.66513357)
  (1858.70700000,  72.23755917)
  (1858.79000000,  75.84301094)
  (1858.87400000,  79.47296426)
  (1858.95800000,  83.11908204)
  (1859.04200000,  86.77390466)
  (1859.12300000,  90.42854319)
  (1859.20400000,  94.07467927)
  (1859.28800000,  97.70327533)
  (1859.37100000, 101.30664483)
  (1859.45500000, 104.87617374)
  (1859.53800000, 108.40342104)
  (1859.62300000, 111.87870084)
  (1859.70700000, 115.29437743)
  (1859.79000000, 118.64265688)
  (1859.87400000, 121.91558127)
  (1859.95800000, 125.10471831)
  (1860.04200000, 128.20346242)
  (1860.12400000, 131.20437182)
  (1860.20600000, 134.09900010)
  (1860.29000000, 136.88153404)
  (1860.37300000, 139.54489891)
  (1860.45600000, 142.08165140)
  (1860.54000000, 144.48634820)
  (1860.62400000, 146.75348659)
  (1860.70800000, 148.87685106)
  (1860.79100000, 150.85169802)
  (1860.87400000, 152.67278691)
  (1860.95800000, 154.33485308)
  (1861.04200000, 155.83461375)
  (1861.12300000, 157.16782494)
  (1861.20400000, 158.33079334)
  (1861.28800000, 159.32019926)
  (1861.37100000, 160.13382899)
  (1861.45500000, 160.76876166)
  (1861.53800000, 161.22370868)
  (1861.62300000, 161.49619999)
  (1861.70700000, 161.58496510)
  (1861.79000000, 161.49019539)
  (1861.87400000, 161.21200727)
  (1861.95800000, 160.75062348)
  (1862.04200000, 160.10560048)
  (1862.12300000, 159.27847633)
  (1862.20400000, 158.27097125)
  (1862.28800000, 157.08396355)
  (1862.37100000, 155.72017793)
  (1862.45500000, 154.18229143)
  (1862.53800000, 152.47394196)
  (1862.62300000, 150.59830630)
  (1862.70700000, 148.56021743)
  (1862.79000000, 146.36316297)
  (1862.87400000, 144.01194833)
  (1862.95800000, 141.51178990)
  (1863.04200000, 138.86805684)
  (1863.12300000, 136.08635967)
  (1863.20400000, 133.17369273)
  (1863.28800000, 130.13559099)
  (1863.37100000, 126.97930926)
  (1863.45500000, 123.71239139)
  (1863.53800000, 120.34195439)
  (1863.62300000, 116.87497675)
  (1863.70700000, 113.32047906)
  (1863.79000000, 109.68679481)
  (1863.87400000, 105.98077093)
  (1863.95800000, 102.21120560)
  (1864.04200000,  98.38718256)
  (1864.12400000,  94.51818777)
  (1864.20600000,  90.61232207)
  (1864.29000000,  86.67849670)
  (1864.37300000,  82.72605143)
  (1864.45600000,  78.76443615)
  (1864.54000000,  74.80348340)
  (1864.62400000,  70.85207597)
  (1864.70800000,  66.91987642)
  (1864.79100000,  63.01519482)
  (1864.87400000,  59.14826055)
  (1864.95800000,  55.32736323)
  (1865.04200000,  51.56185765)
  (1865.12300000,  47.86091192)
  (1865.20400000,  44.23314367)
  (1865.28800000,  40.68686076)
  (1865.37100000,  37.23163322)
  (1865.45500000,  33.87579675)
  (1865.53800000,  30.62713213)
  (1865.62300000,  27.49306020)
  (1865.70700000,  24.48147421)
  (1865.79000000,  21.59910187)
  (1865.87400000,  18.85374022)
  (1865.95800000,  16.25124018)
  (1866.04200000,  13.79826851)
  (1866.12300000,  11.50147680)
  (1866.20400000,   9.36649405)
  (1866.28800000,   7.39854607)
  (1866.37100000,   5.60318171)
  (1866.45500000,   3.98485425)
  (1866.53800000,   2.54701719)
  (1866.62300000,   1.29348766)
  (1866.70700000,   0.22743600)
  (1866.79000000,  -0.64797920)
  (1866.87400000,  -1.32989079)
  (1866.95800000,  -1.81740174)
  (1867.04200000,  -2.10825103)
  (1867.12300000,  -2.20168467)
  (1867.20400000,  -2.09627648)
  (1867.28800000,  -1.79225187)
  (1867.37100000,  -1.29102525)
  (1867.45500000,  -0.59304208)
  (1867.53800000,   0.30017546)
  (1867.62300000,   1.38765748)
  (1867.70700000,   2.66669484)
  (1867.79000000,   4.13489109)
  (1867.87400000,   5.78915886)
  (1867.95800000,   7.62601561)
  (1868.04200000,   9.64102222)
  (1868.12400000,  11.82966339)
  (1868.20600000,  14.18759549)
  (1868.29000000,  16.70918047)
  (1868.37300000,  19.38906700)
  (1868.45600000,  22.22147075)
  (1868.54000000,  25.20048936)
  (1868.62400000,  28.31830704)
  (1868.70800000,  31.56787343)
  (1868.79100000,  34.94250966)
  (1868.87400000,  38.43497155)
  (1868.95800000,  42.03601506)
  (1869.04200000,  45.73711949)
  (1869.12300000,  49.53068601)
  (1869.20400000,  53.40823993)
  (1869.28800000,  57.36018424)
  (1869.37100000,  61.37881300)
  (1869.45500000,  65.45274559)
  (1869.53800000,  69.57332794)
  (1869.62300000,  73.73120373)
  (1869.70700000,  77.91693865)
  (1869.79000000,  82.12130217)
  (1869.87400000,  86.33420244)
  (1869.95800000,  90.54480736)
  (1870.04200000,  94.74327257)
  (1870.12300000,  98.92132124)
  (1870.20400000, 103.06746803)
  (1870.28800000, 107.17252614)
  (1870.37100000, 111.22702649)
  (1870.45500000, 115.22217882)
  (1870.53800000, 119.14816080)
  (1870.62300000, 122.99555720)
  (1870.70700000, 126.75553483)
  (1870.79000000, 130.41875679)
  (1870.87400000, 133.97688168)
  (1870.95800000, 137.42196950)
  (1871.04200000, 140.74506626)
  (1871.12300000, 143.93818410)
  (1871.20400000, 146.99445323)
  (1871.28800000, 149.90661686)
  (1871.37100000, 152.66690725)
  (1871.45500000, 155.26896065)
  (1871.53800000, 157.70743749)
  (1871.62300000, 159.97557052)
  (1871.70700000, 162.06820296)
  (1871.79000000, 163.98018436)
  (1871.87400000, 165.70630253)
  (1871.95800000, 167.24265388)
  (1872.04200000, 168.58585835)
  (1872.12400000, 169.73234916)
  (1872.20600000, 170.67896123)
  (1872.29000000, 171.42380242)
  (1872.37300000, 171.96444175)
  (1872.45600000, 172.29931590)
  (1872.54000000, 172.42824538)
  (1872.62400000, 172.34963769)
  (1872.70800000, 172.06284445)
  (1872.79100000, 171.56880615)
  (1872.87400000, 170.86862009)
  (1872.95800000, 169.96268340)
  (1873.04200000, 168.85369715)
  (1873.12300000, 167.54458285)
  (1873.20400000, 166.03779258)
  (1873.28800000, 164.33619200)
  (1873.37100000, 162.44384713)
  (1873.45500000, 160.36436386)
  (1873.53800000, 158.10244014)
  (1873.62300000, 155.66313334)
  (1873.70700000, 153.05141540)
  (1873.79000000, 150.27326728)
  (1873.87400000, 147.33542864)
  (1873.95800000, 144.24461875)
  (1874.04200000, 141.00679011)
  (1874.12300000, 137.62973717)
  (1874.20400000, 134.12200353)
  (1874.28800000, 130.49062881)
  (1874.37100000, 126.74384212)
  (1874.45500000, 122.89094150)
  (1874.53800000, 118.94064216)
  (1874.62300000, 114.90197064)
  (1874.70700000, 110.78409399)
  (1874.79000000, 106.59606268)
  (1874.87400000, 102.34773403)
  (1874.95800000,  98.04953845)
  (1875.04200000,  93.71081448)
  (1875.12300000,  89.34234562)
  (1875.20400000,  84.95377934)
  (1875.28800000,  80.55442640)
  (1875.37100000,  76.15500736)
  (1875.45500000,  71.76654031)
  (1875.53800000,  67.39936014)
  (1875.62300000,  63.06259564)
  (1875.70700000,  58.76663815)
  (1875.79000000,  54.52178260)
  (1875.87400000,  50.33754865)
  (1875.95800000,  46.22436926)
  (1876.04200000,  42.19179000)
  (1876.12400000,  38.24849719)
  (1876.20600000,  34.40503662)
  (1876.29000000,  30.66981442)
  (1876.37300000,  27.05143559)
  (1876.45600000,  23.55811267)
  (1876.54000000,  20.19951194)
  (1876.62400000,  16.98283758)
  (1876.70800000,  13.91562651)
  (1876.79100000,  11.00603881)
  (1876.87400000,   8.26059059)
  (1876.95800000,   5.68608191)
  (1877.04200000,   3.28795025)
  (1877.12300000,   1.07237361)
  (1877.20400000,  -0.95546286)
  (1877.28800000,  -2.79084443)
  (1877.37100000,  -4.42898038)
  (1877.45500000,  -5.86527419)
  (1877.53800000,  -7.09700090)
  (1877.62300000,  -8.11954737)
  (1877.70700000,  -8.93146409)
  (1877.79000000,  -9.53053885)
  (1877.87400000,  -9.91456833)
  (1877.95800000, -10.08257247)
  (1878.04200000, -10.03566452)
  (1878.12300000,  -9.77263730)
  (1878.20400000,  -9.29275716)
  (1878.28800000,  -8.59719717)
  (1878.37100000,  -7.68731251)
  (1878.45500000,  -6.56497826)
  (1878.53800000,  -5.23347613)
  (1878.62300000,  -3.69523432)
  (1878.70700000,  -1.95388554)
  (1878.79000000,  -0.01338854)
  (1878.87400000,   2.12279471)
  (1878.95800000,   4.45059987)
  (1879.04200000,   6.96308258)
  (1879.12300000,   9.65583431)
  (1879.20400000,  12.52269572)
  (1879.28800000,  15.55675759)
  (1879.37100000,  18.75127626)
  (1879.45500000,  22.09815308)
  (1879.53800000,  25.59104635)
  (1879.62300000,  29.22118342)
  (1879.70700000,  32.98055255)
  (1879.79000000,  36.86130845)
  (1879.87400000,  40.85434862)
  (1879.95800000,  44.94970309)
  (1880.04200000,  49.13783773)
  (1880.12400000,  53.40965881)
  (1880.20600000,  57.75562059)
  (1880.29000000,  62.16606070)
  (1880.37300000,  66.63002816)
  (1880.45600000,  71.13683975)
  (1880.54000000,  75.67724413)
  (1880.62400000,  80.24000533)
  (1880.70800000,  84.81404038)
  (1880.79100000,  89.38900326)
  (1880.87400000,  93.95485604)
  (1880.95800000,  98.50008441)
  (1881.04200000, 103.01538315)
  (1881.12300000, 107.48990132)
  (1881.20400000, 111.91353959)
  (1881.28800000, 116.27586341)
  (1881.37100000, 120.56578289)
  (1881.45500000, 124.77321315)
  (1881.53800000, 128.88856024)
  (1881.62300000, 132.90224849)
  (1881.70700000, 136.80461830)
  (1881.79000000, 140.58648027)
  (1881.87400000, 144.23950788)
  (1881.95800000, 147.75504536)
  (1882.04200000, 151.12461610)
  (1882.12300000, 154.34018856)
  (1882.20400000, 157.39394658)
  (1882.28800000, 160.27875641)
  (1882.37100000, 162.98744517)
  (1882.45500000, 165.51382615)
  (1882.53800000, 167.85200481)
  (1882.62300000, 169.99669022)
  (1882.70700000, 171.94254793)
  (1882.79000000, 173.68444917)
  (1882.87400000, 175.21836837)
  (1882.95800000, 176.54101971)
  (1883.04200000, 177.64887953)
  (1883.12300000, 178.53898996)
  (1883.20400000, 179.21043339)
  (1883.28800000, 179.66103159)
  (1883.37100000, 179.88891877)
  (1883.45500000, 179.89313261)
  (1883.53800000, 179.67387950)
  (1883.62300000, 179.23075735)
  (1883.70700000, 178.56487067)
  (1883.79000000, 177.67755379)
  (1883.87400000, 176.57073202)
  (1883.95800000, 175.24726162)
  (1884.04200000, 173.70988784)
  (1884.12400000, 171.96156227)
  (1884.20600000, 170.00690351)
  (1884.29000000, 167.84896560)
  (1884.37300000, 165.49314775)
  (1884.45600000, 162.94504778)
  (1884.54000000, 160.21044076)
  (1884.62400000, 157.29588548)
  (1884.70800000, 154.20737233)
  (1884.79100000, 150.95294970)
  (1884.87400000, 147.53843766)
  (1884.95800000, 143.97191597)
  (1885.04200000, 140.26131772)
  (1885.12300000, 136.41579454)
  (1885.20400000, 132.44359884)
  (1885.28800000, 128.35409422)
  (1885.37100000, 124.15721998)
  (1885.45500000, 119.86185500)
  (1885.53800000, 115.47861342)
  (1885.62300000, 111.01734530)
  (1885.70700000, 106.48743204)
  (1885.79000000, 101.89982381)
  (1885.87400000,  97.26523458)
  (1885.95800000,  92.59483005)
  (1886.04200000,  87.89874828)
  (1886.12300000,  83.18821002)
  (1886.20400000,  78.47381866)
  (1886.28800000,  73.76649144)
  (1886.37100000,  69.07797514)
  (1886.45500000,  64.41764383)
  (1886.53800000,  59.79674971)
  (1886.62300000,  55.22631950)
  (1886.70700000,  50.71761928)
  (1886.79000000,  46.28063767)
  (1886.87400000,  41.92659910)
  (1886.95800000,  37.66531859)
  (1887.04200000,  33.50609272)
  (1887.12300000,  29.45981949)
  (1887.20400000,  25.53557292)
  (1887.28800000,  21.74253169)
  (1887.37100000,  18.08923862)
  (1887.45500000,  14.58415163)
  (1887.53800000,  11.23588432)
  (1887.62300000,   8.05200048)
  (1887.70700000,   5.04035160)
  (1887.79000000,   2.20790319)
  (1887.87400000,  -0.43827649)
  (1887.95800000,  -2.89194743)
  (1888.04200000,  -5.14636798)
  (1888.12400000,  -7.19682971)
  (1888.20600000,  -9.03789693)
  (1888.29000000, -10.66535099)
  (1888.37300000, -12.07611976)
  (1888.45600000, -13.26673086)
  (1888.54000000, -14.23333564)
  (1888.62400000, -14.97414826)
  (1888.70800000, -15.48703871)
  (1888.79100000, -15.77083120)
  (1888.87400000, -15.82437036)
  (1888.95800000, -15.64659142)
  (1889.04200000, -15.23804135)
  (1889.12300000, -14.59990882)
  (1889.20400000, -13.73399333)
  (1889.28800000, -12.64113103)
  (1889.37100000, -11.32476104)
  (1889.45500000,  -9.78759318)
  (1889.53800000,  -8.03275309)
  (1889.62300000,  -6.06462056)
  (1889.70700000,  -3.88769223)
  (1889.79000000,  -1.50602668)
  (1889.87400000,   1.07489709)
  (1889.95800000,   3.84935717)
  (1890.04200000,   6.81028680)
  (1890.12300000,   9.95127779)
  (1890.20400000,  13.26427653)
  (1890.28800000,  16.74282818)
  (1890.37100000,  20.37865248)
  (1890.45500000,  24.16282544)
  (1890.53800000,  28.08736087)
  (1890.62300000,  32.14276744)
  (1890.70700000,  36.31958442)
  (1890.79000000,  40.60753574)
  (1890.87400000,  44.99758428)
  (1890.95800000,  49.47878946)
  (1891.04200000,  54.04134875)
  (1891.12300000,  58.67517508)
  (1891.20400000,  63.36912590)
  (1891.28800000,  68.11270487)
  (1891.37100000,  72.89388102)
  (1891.45500000,  77.70209029)
  (1891.53800000,  82.52603359)
  (1891.62300000,  87.35417814)
  (1891.70700000,  92.17588953)
  (1891.79000000,  96.97958351)
  (1891.87400000, 101.75416822)
  (1891.95800000, 106.48948202)
  (1892.04200000, 111.17346124)
  (1892.12400000, 115.79441814)
  (1892.20600000, 120.34257831)
  (1892.29000000, 124.80740064)
  (1892.37300000, 129.17819310)
  (1892.45600000, 133.44480425)
  (1892.54000000, 137.59759250)
  (1892.62400000, 141.62682948)
  (1892.70800000, 145.52334730)
  (1892.79100000, 149.27825771)
  (1892.87400000, 152.88190217)
  (1892.95800000, 156.32579391)
  (1893.04200000, 159.60212969)
  (1893.12300000, 162.70300464)
  (1893.20400000, 165.62148366)
  (1893.28800000, 168.35058955)
  (1893.37100000, 170.88426433)
  (1893.45500000, 173.21640362)
  (1893.53800000, 175.34144953)
  (1893.62300000, 177.25399745)
  (1893.70700000, 178.94902900)
  (1893.79000000, 180.42290026)
  (1893.87400000, 181.67250241)
  (1893.95800000, 182.69471540)
  (1894.04200000, 183.48699023)
  (1894.12300000, 184.04698165)
  (1894.20400000, 184.37377181)
  (1894.28800000, 184.46644443)
  (1894.37100000, 184.32455512)
  (1894.45500000, 183.94698223)
  (1894.53800000, 183.33580014)
  (1894.62300000, 182.49333821)
  (1894.70700000, 181.42043325)
  (1894.79000000, 180.11857645)
  (1894.87400000, 178.59156737)
  (1894.95800000, 176.84270819)
  (1895.04200000, 174.87601206)
  (1895.12300000, 172.69597139)
  (1895.20400000, 170.30714103)
  (1895.28800000, 167.71486625)
  (1895.37100000, 164.92607988)
  (1895.45500000, 161.94695763)
  (1895.53800000, 158.78377119)
  (1895.62300000, 155.44381101)
  (1895.70700000, 151.93478016)
  (1895.79000000, 148.26522154)
  (1895.87400000, 144.44278917)
  (1895.95800000, 140.47623487)
  (1896.04200000, 136.37479008)
  (1896.12400000, 132.14814672)
  (1896.20600000, 127.80675959)
  (1896.29000000, 123.35990369)
  (1896.37300000, 118.81844122)
  (1896.45600000, 114.19182563)
  (1896.54000000, 109.49179371)
  (1896.62400000, 104.72850522)
  (1896.70800000,  99.91388223)
  (1896.79100000,  95.05879842)
  (1896.87400000,  90.17442229)
  (1896.95800000,  85.27172329)
  (1897.04200000,  80.36187886)
  (1897.12300000,  75.45613169)
  (1897.20400000,  70.56618561)
  (1897.28800000,  65.70368151)
  (1897.37100000,  60.88053236)
  (1897.45500000,  56.10739393)
  (1897.53800000,  51.39567878)
  (1897.62300000,  46.75640183)
  (1897.70700000,  42.20016185)
  (1897.79000000,  37.73644581)
  (1897.87400000,  33.37633940)
  (1897.95800000,  29.13048323)
  (1898.04200000,  25.00878174)
  (1898.12300000,  21.02071195)
  (1898.20400000,  17.17525740)
  (1898.28800000,  13.48089774)
  (1898.37100000,   9.94728395)
  (1898.45500000,   6.58225229)
  (1898.53800000,   3.39372300)
  (1898.62300000,   0.38902797)
  (1898.70700000,  -2.42413380)
  (1898.79000000,  -5.03976902)
  (1898.87400000,  -7.45175156)
  (1898.95800000,  -9.65481768)
  (1899.04200000, -11.64396767)
  (1899.12300000, -13.41412840)
  (1899.20400000, -14.96057569)
  (1899.28800000, -16.28053461)
  (1899.37100000, -17.37084575)
  (1899.45500000, -18.22876831)
  (1899.53800000, -18.85154805)
  (1899.62300000, -19.23747899)
  (1899.70700000, -19.38606878)
  (1899.79000000, -19.29766468)
  (1899.87400000, -18.97255318)
  (1899.95800000, -18.41038048)
  (1900.04200000, -17.61254107)
  (1900.12300000, -16.58138071)
  (1900.20400000, -15.31904017)
  (1900.28800000, -13.82877808)
  (1900.37100000, -12.11395420)
  (1900.45500000, -10.17861081)
  (1900.53800000,  -8.02683802)
  (1900.62300000,  -5.66381759)
  (1900.70700000,  -3.09491235)
  (1900.79000000,  -0.32672585)
  (1900.87400000,   2.63485944)
  (1900.95800000,   5.78318827)
  (1901.04200000,   9.11155514)
  (1901.12300000,  12.61124290)
  (1901.20400000,  16.27350174)
  (1901.28800000,  20.09010106)
  (1901.37100000,  24.05337320)
  (1901.45500000,  28.15347369)
  (1901.53800000,  32.38062758)
  (1901.62300000,  36.72503656)
  (1901.70700000,  41.17698678)
  (1901.79000000,  45.72648834)
  (1901.87400000,  50.36313405)
  (1901.95800000,  55.07608099)
  (1902.04200000,  59.85466304)
  (1902.12300000,  64.68753786)
  (1902.20400000,  69.56307715)
  (1902.28800000,  74.47035028)
  (1902.37100000,  79.39795413)
  (1902.45500000,  84.33411970)
  (1902.53800000,  89.26797183)
  (1902.62300000,  94.18799694)
  (1902.70700000,  99.08307413)
  (1902.79000000, 103.94133540)
  (1902.87400000, 108.75211232)
  (1902.95800000, 113.50438083)
  (1903.04200000, 118.18759999)
  (1903.12300000, 122.78995028)
  (1903.20400000, 127.30165639)
  (1903.28800000, 131.71239277)
  (1903.37100000, 136.01114917)
  (1903.45500000, 140.18786118)
  (1903.53800000, 144.23296324)
  (1903.62300000, 148.13768005)
  (1903.70700000, 151.89247018)
  (1903.79000000, 155.48970008)
  (1903.87400000, 158.92016535)
  (1903.95800000, 162.17773866)
  (1904.04200000, 165.25385065)
  (1904.12400000, 168.14111895)
  (1904.20600000, 170.83249346)
  (1904.29000000, 173.32206065)
  (1904.37300000, 175.60402019)
  (1904.45600000, 177.67346448)
  (1904.54000000, 179.52474175)
  (1904.62400000, 181.15462363)
  (1904.70800000, 182.55956182)
  (1904.79100000, 183.73629801)
  (1904.87400000, 184.68131905)
  (1904.95800000, 185.39200327)
  (1905.04200000, 185.86735731)
  (1905.12300000, 186.10578030)
  (1905.20400000, 186.10722939)
  (1905.28800000, 185.87161020)
  (1905.37100000, 185.39947344)
  (1905.45500000, 184.69148298)
  (1905.53800000, 183.74951680)
  (1905.62300000, 182.57556556)
  (1905.70700000, 181.17281464)
  (1905.79000000, 179.54406206)
  (1905.87400000, 177.69284752)
  (1905.95800000, 175.62309215)
  (1906.04200000, 173.34008811)
  (1906.12300000, 170.84886115)
  (1906.20400000, 168.15511378)
  (1906.28800000, 165.26530810)
  (1906.37100000, 162.18566349)
  (1906.45500000, 158.92318671)
  (1906.53800000, 155.48560175)
  (1906.62300000, 151.88113340)
  (1906.70700000, 148.11785121)
  (1906.79000000, 144.20432471)
  (1906.87400000, 140.14934146)
  (1906.95800000, 135.96287169)
  (1907.04200000, 131.65446426)
  (1907.12300000, 127.23338211)
  (1907.20400000, 122.70970368)
  (1907.28800000, 118.09406990)
  (1907.37100000, 113.39718010)
  (1907.45500000, 108.62970466)
  (1907.53800000, 103.80317981)
  (1907.62300000,  98.92843638)
  (1907.70700000,  94.01698254)
  (1907.79000000,  89.07922335)
  (1907.87400000,  84.12759070)
  (1907.95800000,  79.17346117)
  (1908.04200000,  74.22788160)
  (1908.12400000,  69.30253020)
  (1908.20600000,  64.40886729)
  (1908.29000000,  59.55803184)
  (1908.37300000,  54.76143079)
  (1908.45600000,  50.02961986)
  (1908.54000000,  45.37343796)
  (1908.62400000,  40.80358549)
  (1908.70800000,  36.33089299)
  (1908.79100000,  31.96516433)
  (1908.87400000,  27.71626944)
  (1908.95800000,  23.59424239)
  (1909.04200000,  19.60935906)
  (1909.12300000,  15.77093559)
  (1909.20400000,  12.08709494)
  (1909.28800000,   8.56645737)
  (1909.37100000,   5.21700813)
  (1909.45500000,   2.04645786)
  (1909.53800000,  -0.93753488)
  (1909.62300000,  -3.72843180)
  (1909.70700000,  -6.32030065)
  (1909.79000000,  -8.70551020)
  (1909.87400000, -10.87935829)
  (1909.95800000, -12.83728248)
  (1910.04200000, -14.57464163)
  (1910.12300000, -16.08810023)
  (1910.20400000, -17.37421994)
  (1910.28800000, -18.42916880)
  (1910.37100000, -19.24977218)
  (1910.45500000, -19.83597917)
  (1910.53800000, -20.18587528)
  (1910.62300000, -20.29848951)
  (1910.70700000, -20.17368871)
  (1910.79000000, -19.81114422)
  (1910.87400000, -19.21193487)
  (1910.95800000, -18.37833777)
  (1911.04200000, -17.31110885)
  (1911.12300000, -16.01345518)
  (1911.20400000, -14.48826607)
  (1911.28800000, -12.73916311)
  (1911.37100000, -10.77048921)
  (1911.45500000,  -8.58747637)
  (1911.53800000,  -6.19472357)
  (1911.62300000,  -3.59730108)
  (1911.70700000,  -0.80065139)
  (1911.79000000,   2.18810605)
  (1911.87400000,   5.36232548)
  (1911.95800000,   8.71473897)
  (1912.04200000,  12.23722855)
  (1912.12400000,  15.92206057)
  (1912.20600000,  19.76020989)
  (1912.29000000,  23.74258182)
  (1912.37300000,  27.86052595)
  (1912.45600000,  32.10502365)
  (1912.54000000,  36.46557129)
  (1912.62400000,  40.93275008)
  (1912.70800000,  45.49567315)
  (1912.79100000,  50.14385324)
  (1912.87400000,  54.86685092)
  (1912.95800000,  59.65450019)
  (1913.04200000,  64.49548093)
  (1913.12300000,  69.37855713)
  (1913.20400000,  74.29217239)
  (1913.28800000,  79.22462643)
  (1913.37100000,  84.16549511)
  (1913.45500000,  89.10377758)
  (1913.53800000,  94.02856122)
  (1913.62300000,  98.92811317)
  (1913.70700000, 103.79083186)
  (1913.79000000, 108.60583394)
  (1913.87400000, 113.36161562)
  (1913.95800000, 118.04709975)
  (1914.04200000, 122.65278778)
  (1914.12300000, 127.16671959)
  (1914.20400000, 131.57885384)
  (1914.28800000, 135.87907348)
  (1914.37100000, 140.05802679)
  (1914.45500000, 144.10581891)
  (1914.53800000, 148.01384219)
  (1914.62300000, 151.77269217)
  (1914.70700000, 155.37375804)
  (1914.79000000, 158.80903792)
  (1914.87400000, 162.06979633)
  (1914.95800000, 165.14870211)
  (1915.04200000, 168.03906245)
  (1915.12300000, 170.73439951)
  (1915.20400000, 173.22843202)
  (1915.28800000, 175.51501890)
  (1915.37100000, 177.58957165)
  (1915.45500000, 179.44689092)
  (1915.53800000, 181.08219599)
  (1915.62300000, 182.49170106)
  (1915.70700000, 183.67254146)
  (1915.79000000, 184.62146160)
  (1915.87400000, 185.33672787)
  (1915.95800000, 185.81710004)
  (1916.04200000, 186.06124918)
  (1916.12400000, 186.06875064)
  (1916.20600000, 185.84032050)
  (1916.29000000, 185.37510721)
  (1916.37300000, 184.67454651)
  (1916.45600000, 183.74088388)
  (1916.54000000, 182.57517856)
  (1916.62400000, 181.18032768)
  (1916.70800000, 179.55939006)
  (1916.79100000, 177.71612345)
  (1916.87400000, 175.65474804)
  (1916.95800000, 173.38070719)
  (1917.04200000, 170.89926001)
  (1917.12300000, 168.21555991)
  (1917.20400000, 165.33684089)
  (1917.28800000, 162.26851318)
  (1917.37100000, 159.01777983)
  (1917.45500000, 155.59230138)
  (1917.53800000, 151.99905356)
  (1917.62300000, 148.24736464)
  (1917.70700000, 144.34540866)
  (1917.79000000, 140.30254973)
  (1917.87400000, 136.12722814)
  (1917.95800000, 131.82916707)
  (1918.04200000, 127.41845675)
  (1918.12300000, 122.90595800)
  (1918.20400000, 118.30150447)
  (1918.28800000, 113.61565555)
  (1918.37100000, 108.85931124)
  (1918.45500000, 104.04295885)
  (1918.53800000,  99.17732642)
  (1918.62300000,  94.27436217)
  (1918.70700000,  89.34482483)
  (1918.79000000,  84.40023089)
  (1918.87400000,  79.45202194)
  (1918.95800000,  74.51130867)
  (1919.04200000,  69.58957022)
  (1919.12300000,  64.69880327)
  (1919.20400000,  59.84946989)
  (1919.28800000,  55.05271971)
  (1919.37100000,  50.31935554)
  (1919.45500000,  45.66062894)
  (1919.53800000,  41.08742391)
  (1919.62300000,  36.60956486)
  (1919.70700000,  32.23740799)
  (1919.79000000,  27.98201654)
  (1919.87400000,  23.85292023)
  (1919.95800000,  19.85933019)
  (1920.04200000,  16.00980559)
  (1920.12400000,  12.31281996)
  (1920.20600000,   8.77693882)
  (1920.29000000,   5.41048146)
  (1920.37300000,   2.22202154)
  (1920.45600000,  -0.78075285)
  (1920.54000000,  -3.59119980)
  (1920.62400000,  -6.20335084)
  (1920.70800000,  -8.61119404)
  (1920.79100000, -10.80957910)
  (1920.87400000, -12.79345571)
  (1920.95800000, -14.55822361)
  (1921.04200000, -16.09985586)
  (1921.12300000, -17.41428394)
  (1921.20400000, -18.49858503)
  (1921.28800000, -19.35018364)
  (1921.37100000, -19.96698142)
  (1921.45500000, -20.34825908)
  (1921.53800000, -20.49259346)
  (1921.62300000, -20.39994090)
  (1921.70700000, -20.07022989)
  (1921.79000000, -19.50474377)
  (1921.87400000, -18.70462404)
  (1921.95800000, -17.67239401)
  (1922.04200000, -16.40991670)
  (1922.12300000, -14.91914534)
  (1922.20400000, -13.20382646)
  (1922.28800000, -11.26830454)
  (1922.37100000,  -9.11664816)
  (1922.45500000,  -6.75489960)
  (1922.53800000,  -4.18704695)
  (1922.62300000,  -1.41980757)
  (1922.70700000,   1.54012578)
  (1922.79000000,   4.68618400)
  (1922.87400000,   8.01113199)
  (1922.95800000,  11.50665682)
  (1923.04200000,  15.16615360)
  (1923.12300000,  18.98035981)
  (1923.20400000,  22.94045323)
  (1923.28800000,  27.03761391)
  (1923.37100000,  31.26313352)
  (1923.45500000,  35.60690090)
  (1923.53800000,  40.05835456)
  (1923.62300000,  44.60740679)
  (1923.70700000,  49.24337681)
  (1923.79000000,  53.95678613)
  (1923.87400000,  58.73580243)
  (1923.95800000,  63.56878966)
  (1924.04200000,  68.44500163)
  (1924.12400000,  73.35390451)
  (1924.20600000,  78.28435420)
  (1924.29000000,  83.22492372)
  (1924.37300000,  88.16415558)
  (1924.45600000,  93.09094768)
  (1924.54000000,  97.99375512)
  (1924.62400000, 102.86096735)
  (1924.70800000, 107.68182591)
  (1924.79100000, 112.44549112)
  (1924.87400000, 117.14127807)
  (1924.95800000, 121.75820092)
  (1925.04200000, 126.28616260)
  (1925.12300000, 130.71493959)
  (1925.20400000, 135.03305144)
  (1925.28800000, 139.23083276)
  (1925.37100000, 143.29789472)
  (1925.45500000, 147.22626777)
  (1925.53800000, 151.00713095)
  (1925.62300000, 154.63088062)
  (1925.70700000, 158.09009444)
  (1925.79000000, 161.37680628)
  (1925.87400000, 164.48409659)
  (1925.95800000, 167.40420617)
  (1926.04200000, 170.12930803)
  (1926.12300000, 172.65474837)
  (1926.20400000, 174.97347413)
  (1926.28800000, 177.08021647)
  (1926.37100000, 178.97012517)
  (1926.45500000, 180.64024031)
  (1926.53800000, 182.08660772)
  (1926.62300000, 183.30522489)
  (1926.70700000, 184.29384092)
  (1926.79000000, 185.04946606)
  (1926.87400000, 185.57086595)
  (1926.95800000, 185.85661020)
  (1927.04200000, 185.90587466)
  (1927.12300000, 185.71894629)
  (1927.20400000, 185.29615822)
  (1927.28800000, 184.63821905)
  (1927.37100000, 183.74702298)
  (1927.45500000, 182.62498799)
  (1927.53800000, 181.27402308)
  (1927.62300000, 179.69759223)
  (1927.70700000, 177.89903341)
  (1927.79000000, 175.88291353)
  (1927.87400000, 173.65323328)
  (1927.95800000, 171.21525504)
  (1928.04200000, 168.57476005)
  (1928.12400000, 165.73761031)
  (1928.20600000, 162.71088871)
  (1928.29000000, 159.50068648)
  (1928.37300000, 156.11559590)
  (1928.45600000, 152.56267936)
  (1928.54000000, 148.85008531)
  (1928.62400000, 144.98597635)
  (1928.70800000, 140.97876653)
  (1928.79100000, 136.83815454)
  (1928.87400000, 132.57377819)
  (1928.95800000, 128.19516775)
  (1929.04200000, 123.71138495)
  (1929.12300000, 119.13369264)
  (1929.20400000, 114.47311534)
  (1929.28800000, 109.74051452)
  (1929.37100000, 104.94643709)
  (1929.45500000, 100.10168505)
  (1929.53800000,  95.21701275)
  (1929.62300000,  90.30400374)
  (1929.70700000,  85.37348892)
  (1929.79000000,  80.43710720)
  (1929.87400000,  75.50552380)
  (1929.95800000,  70.58982792)
  (1930.04200000,  65.70137523)
  (1930.12300000,  60.85144721)
  (1930.20400000,  56.05195210)
  (1930.28800000,  51.31424710)
  (1930.37100000,  46.64781285)
  (1930.45500000,  42.06441496)
  (1930.53800000,  37.57453554)
  (1930.62300000,  33.18844577)
  (1930.70700000,  28.91512488)
  (1930.79000000,  24.76501561)
  (1930.87400000,  20.74696267)
  (1930.95800000,  16.87053592)
  (1931.04200000,  13.14538758)
  (1931.12300000,   9.57997067)
  (1931.20400000,   6.18193719)
  (1931.28800000,   2.95910024)
  (1931.37100000,  -0.08103679)
  (1931.45500000,  -2.93151613)
  (1931.53800000,  -5.58549214)
  (1931.62300000,  -8.03766252)
  (1931.70700000, -10.28295087)
  (1931.79000000, -12.31490616)
  (1931.87400000, -14.12857659)
  (1931.95800000, -15.72051371)
  (1932.04200000, -17.08667333)
  (1932.12400000, -18.22345670)
  (1932.20600000, -19.12976644)
  (1932.29000000, -19.80327702)
  (1932.37300000, -20.24162904)
  (1932.45600000, -20.44541982)
  (1932.54000000, -20.41360335)
  (1932.62400000, -20.14590209)
  (1932.70800000, -19.64216070)
  (1932.79100000, -18.90434943)
  (1932.87400000, -17.93402407)
  (1932.95800000, -16.73282918)
  (1933.04200000, -15.30315494)
  (1933.12300000, -13.64965510)
  (1933.20400000, -11.77534503)
  (1933.28800000,  -9.68459336)
  (1933.37100000,  -7.38300784)
  (1933.45500000,  -4.87565225)
  (1933.53800000,  -2.16810494)
  (1933.62300000,   0.73358915)
  (1933.70700000,   3.82296916)
  (1933.79000000,   7.09283814)
  (1933.87400000,  10.53454778)
  (1933.95800000,  14.14163260)
  (1934.04200000,  17.90595195)
  (1934.12300000,  21.81817216)
  (1934.20400000,  25.86938280)
  (1934.28800000,  30.04998042)
  (1934.37100000,  34.34967909)
  (1934.45500000,  38.76012200)
  (1934.53800000,  43.27074556)
  (1934.62300000,  47.87022011)
  (1934.70700000,  52.54834423)
  (1934.79000000,  57.29488359)
  (1934.87400000,  62.09942475)
  (1934.95800000,  66.95022121)
  (1935.04200000,  71.83596063)
  (1935.12300000,  76.74531546)
  (1935.20400000,  81.66757545)
  (1935.28800000,  86.59149395)
  (1935.37100000,  91.50525401)
  (1935.45500000,  96.39764141)
  (1935.53800000, 101.25754203)
  (1935.62300000, 106.07365329)
  (1935.70700000, 110.83541647)
  (1935.79000000, 115.53208361)
  (1935.87400000, 120.15289206)
  (1935.95800000, 124.68739925)
  (1936.04200000, 129.12494202)
  (1936.12400000, 133.45607180)
  (1936.20600000, 137.67053914)
  (1936.29000000, 141.75867268)
  (1936.37300000, 145.71032569)
  (1936.45600000, 149.51708258)
  (1936.54000000, 153.17043937)
  (1936.62400000, 156.66246152)
  (1936.70800000, 159.98473996)
  (1936.79100000, 163.12856666)
  (1936.87400000, 166.08750255)
  (1936.95800000, 168.85465209)
  (1937.04200000, 171.42438745)
  (1937.12300000, 173.79092185)
  (1937.20400000, 175.94913874)
  (1937.28800000, 177.89408780)
  (1937.37100000, 179.62080081)
  (1937.45500000, 181.12534255)
  (1937.53800000, 182.40402984)
  (1937.62300000, 183.45438439)
  (1937.70700000, 184.27297254)
  (1937.79000000, 184.85865521)
  (1937.87400000, 185.21036543)
  (1937.95800000, 185.32773978)
  (1938.04200000, 185.21036543)
  (1938.12300000, 184.85865521)
  (1938.20400000, 184.27297254)
  (1938.28800000, 183.45438439)
  (1938.37100000, 182.40402984)
  (1938.45500000, 181.12534255)
  (1938.53800000, 179.62080081)
  (1938.62300000, 177.89408780)
  (1938.70700000, 175.94913874)
  (1938.79000000, 173.79092185)
  (1938.87400000, 171.42438745)
  (1938.95800000, 168.85465209)
  (1939.04200000, 166.08750255)
  (1939.12300000, 163.12856666)
  (1939.20400000, 159.98473996)
  (1939.28800000, 156.66246152)
  (1939.37100000, 153.17043937)
  (1939.45500000, 149.51708258)
  (1939.53800000, 145.71032569)
  (1939.62300000, 141.75867268)
  (1939.70700000, 137.67053914)
  (1939.79000000, 133.45607180)
  (1939.87400000, 129.12494202)
  (1939.95800000, 124.68739925)
  (1940.04200000, 120.15289206)
  (1940.12400000, 115.53208361)
  (1940.20600000, 110.83541647)
  (1940.29000000, 106.07365329)
  (1940.37300000, 101.25754203)
  (1940.45600000,  96.39764141)
  (1940.54000000,  91.50525401)
  (1940.62400000,  86.59149395)
  (1940.70800000,  81.66757545)
  (1940.79100000,  76.74531546)
  (1940.87400000,  71.83596063)
  (1940.95800000,  66.95022121)
  (1941.04200000,  62.09942475)
  (1941.12300000,  57.29488359)
  (1941.20400000,  52.54834423)
  (1941.28800000,  47.87022011)
  (1941.37100000,  43.27074556)
  (1941.45500000,  38.76012200)
  (1941.53800000,  34.34967909)
  (1941.62300000,  30.04998042)
  (1941.70700000,  25.86938280)
  (1941.79000000,  21.81817216)
  (1941.87400000,  17.90595195)
  (1941.95800000,  14.14163260)
  (1942.04200000,  10.53454778)
  (1942.12300000,   7.09283814)
  (1942.20400000,   3.82296916)
  (1942.28800000,   0.73358915)
  (1942.37100000,  -2.16810494)
  (1942.45500000,  -4.87565225)
  (1942.53800000,  -7.38300784)
  (1942.62300000,  -9.68459336)
  (1942.70700000, -11.77534503)
  (1942.79000000, -13.64965510)
  (1942.87400000, -15.30315494)
  (1942.95800000, -16.73282918)
  (1943.04200000, -17.93402407)
  (1943.12300000, -18.90434943)
  (1943.20400000, -19.64216070)
  (1943.28800000, -20.14590209)
  (1943.37100000, -20.41360335)
  (1943.45500000, -20.44541982)
  (1943.53800000, -20.24162904)
  (1943.62300000, -19.80327702)
  (1943.70700000, -19.12976644)
  (1943.79000000, -18.22345670)
  (1943.87400000, -17.08667333)
  (1943.95800000, -15.72051371)
  (1944.04200000, -14.12857659)
  (1944.12400000, -12.31490616)
  (1944.20600000, -10.28295087)
  (1944.29000000,  -8.03766252)
  (1944.37300000,  -5.58549214)
  (1944.45600000,  -2.93151613)
  (1944.54000000,  -0.08103679)
  (1944.62400000,   2.95910024)
  (1944.70800000,   6.18193719)
  (1944.79100000,   9.57997067)
  (1944.87400000,  13.14538758)
  (1944.95800000,  16.87053592)
  (1945.04200000,  20.74696267)
  (1945.12300000,  24.76501561)
  (1945.20400000,  28.91512488)
  (1945.28800000,  33.18844577)
  (1945.37100000,  37.57453554)
  (1945.45500000,  42.06441496)
  (1945.53800000,  46.64781285)
  (1945.62300000,  51.31424710)
  (1945.70700000,  56.05195210)
  (1945.79000000,  60.85144721)
  (1945.87400000,  65.70137523)
  (1945.95800000,  70.58982792)
  (1946.04200000,  75.50552380)
  (1946.12300000,  80.43710720)
  (1946.20400000,  85.37348892)
  (1946.28800000,  90.30400374)
  (1946.37100000,  95.21701275)
  (1946.45500000, 100.10168505)
  (1946.53800000, 104.94643709)
  (1946.62300000, 109.74051452)
  (1946.70700000, 114.47311534)
  (1946.79000000, 119.13369264)
  (1946.87400000, 123.71138495)
  (1946.95800000, 128.19516775)
  (1947.04200000, 132.57377819)
  (1947.12300000, 136.83815454)
  (1947.20400000, 140.97876653)
  (1947.28800000, 144.98597635)
  (1947.37100000, 148.85008531)
  (1947.45500000, 152.56267936)
  (1947.53800000, 156.11559590)
  (1947.62300000, 159.50068648)
  (1947.70700000, 162.71088871)
  (1947.79000000, 165.73761031)
  (1947.87400000, 168.57476005)
  (1947.95800000, 171.21525504)
  (1948.04200000, 173.65323328)
  (1948.12400000, 175.88291353)
  (1948.20600000, 177.89903341)
  (1948.29000000, 179.69759223)
  (1948.37300000, 181.27402308)
  (1948.45600000, 182.62498799)
  (1948.54000000, 183.74702298)
  (1948.62400000, 184.63821905)
  (1948.70800000, 185.29615822)
  (1948.79100000, 185.71894629)
  (1948.87400000, 185.90587466)
  (1948.95800000, 185.85661020)
  (1949.04200000, 185.57086595)
  (1949.12300000, 185.04946606)
  (1949.20400000, 184.29384092)
  (1949.28800000, 183.30522489)
  (1949.37100000, 182.08660772)
  (1949.45500000, 180.64024031)
  (1949.53800000, 178.97012517)
  (1949.62300000, 177.08021647)
  (1949.70700000, 174.97347413)
  (1949.79000000, 172.65474837)
  (1949.87400000, 170.12930803)
  (1949.95800000, 167.40420617)
  (1950.04200000, 164.48409659)
  (1950.12300000, 161.37680628)
  (1950.20400000, 158.09009444)
  (1950.28800000, 154.63088062)
  (1950.37100000, 151.00713095)
  (1950.45500000, 147.22626777)
  (1950.53800000, 143.29789472)
  (1950.62300000, 139.23083276)
  (1950.70700000, 135.03305144)
  (1950.79000000, 130.71493959)
  (1950.87400000, 126.28616260)
  (1950.95800000, 121.75820092)
  (1951.04200000, 117.14127807)
  (1951.12300000, 112.44549112)
  (1951.20400000, 107.68182591)
  (1951.28800000, 102.86096735)
  (1951.37100000,  97.99375512)
  (1951.45500000,  93.09094768)
  (1951.53800000,  88.16415558)
  (1951.62300000,  83.22492372)
  (1951.70700000,  78.28435420)
  (1951.79000000,  73.35390451)
  (1951.87400000,  68.44500163)
  (1951.95800000,  63.56878966)
  (1952.04200000,  58.73580243)
  (1952.12400000,  53.95678613)
  (1952.20600000,  49.24337681)
  (1952.29000000,  44.60740679)
  (1952.37300000,  40.05835456)
  (1952.45600000,  35.60690090)
  (1952.54000000,  31.26313352)
  (1952.62400000,  27.03761391)
  (1952.70800000,  22.94045323)
  (1952.79100000,  18.98035981)
  (1952.87400000,  15.16615360)
  (1952.95800000,  11.50665682)
  (1953.04200000,   8.01113199)
  (1953.12300000,   4.68618400)
  (1953.20400000,   1.54012578)
  (1953.28800000,  -1.41980757)
  (1953.37100000,  -4.18704695)
  (1953.45500000,  -6.75489960)
  (1953.53800000,  -9.11664816)
  (1953.62300000, -11.26830454)
  (1953.70700000, -13.20382646)
  (1953.79000000, -14.91914534)
  (1953.87400000, -16.40991670)
  (1953.95800000, -17.67239401)
  (1954.04200000, -18.70462404)
  (1954.12300000, -19.50474377)
  (1954.20400000, -20.07022989)
  (1954.28800000, -20.39994090)
  (1954.37100000, -20.49259346)
  (1954.45500000, -20.34825908)
  (1954.53800000, -19.96698142)
  (1954.62300000, -19.35018364)
  (1954.70700000, -18.49858503)
  (1954.79000000, -17.41428394)
  (1954.87400000, -16.09985586)
  (1954.95800000, -14.55822361)
  (1955.04200000, -12.79345571)
  (1955.12300000, -10.80957910)
  (1955.20400000,  -8.61119404)
  (1955.28800000,  -6.20335084)
  (1955.37100000,  -3.59119980)
  (1955.45500000,  -0.78075285)
  (1955.53800000,   2.22202154)
  (1955.62300000,   5.41048146)
  (1955.70700000,   8.77693882)
  (1955.79000000,  12.31281996)
  (1955.87400000,  16.00980559)
  (1955.95800000,  19.85933019)
  (1956.04200000,  23.85292023)
  (1956.12400000,  27.98201654)
  (1956.20600000,  32.23740799)
  (1956.29000000,  36.60956486)
  (1956.37300000,  41.08742391)
  (1956.45600000,  45.66062894)
  (1956.54000000,  50.31935554)
  (1956.62400000,  55.05271971)
  (1956.70800000,  59.84946989)
  (1956.79100000,  64.69880327)
  (1956.87400000,  69.58957022)
  (1956.95800000,  74.51130867)
  (1957.04200000,  79.45202194)
  (1957.12300000,  84.40023089)
  (1957.20400000,  89.34482483)
  (1957.28800000,  94.27436217)
  (1957.37100000,  99.17732642)
  (1957.45500000, 104.04295885)
  (1957.53800000, 108.85931124)
  (1957.62300000, 113.61565555)
  (1957.70700000, 118.30150447)
  (1957.79000000, 122.90595800)
  (1957.87400000, 127.41845675)
  (1957.95800000, 131.82916707)
  (1958.04200000, 136.12722814)
  (1958.12300000, 140.30254973)
  (1958.20400000, 144.34540866)
  (1958.28800000, 148.24736464)
  (1958.37100000, 151.99905356)
  (1958.45500000, 155.59230138)
  (1958.53800000, 159.01777983)
  (1958.62300000, 162.26851318)
  (1958.70700000, 165.33684089)
  (1958.79000000, 168.21555991)
  (1958.87400000, 170.89926001)
  (1958.95800000, 173.38070719)
  (1959.04200000, 175.65474804)
  (1959.12300000, 177.71612345)
  (1959.20400000, 179.55939006)
  (1959.28800000, 181.18032768)
  (1959.37100000, 182.57517856)
  (1959.45500000, 183.74088388)
  (1959.53800000, 184.67454651)
  (1959.62300000, 185.37510721)
  (1959.70700000, 185.84032050)
  (1959.79000000, 186.06875064)
  (1959.87400000, 186.06124918)
  (1959.95800000, 185.81710004)
  (1960.04200000, 185.33672787)
  (1960.12400000, 184.62146160)
  (1960.20600000, 183.67254146)
  (1960.29000000, 182.49170106)
  (1960.37300000, 181.08219599)
  (1960.45600000, 179.44689092)
  (1960.54000000, 177.58957165)
  (1960.62400000, 175.51501890)
  (1960.70800000, 173.22843202)
  (1960.79100000, 170.73439951)
  (1960.87400000, 168.03906245)
  (1960.95800000, 165.14870211)
  (1961.04200000, 162.06979633)
  (1961.12300000, 158.80903792)
  (1961.20400000, 155.37375804)
  (1961.28800000, 151.77269217)
  (1961.37100000, 148.01384219)
  (1961.45500000, 144.10581891)
  (1961.53800000, 140.05802679)
  (1961.62300000, 135.87907348)
  (1961.70700000, 131.57885384)
  (1961.79000000, 127.16671959)
  (1961.87400000, 122.65278778)
  (1961.95800000, 118.04709975)
  (1962.04200000, 113.36161562)
  (1962.12300000, 108.60583394)
  (1962.20400000, 103.79083186)
  (1962.28800000,  98.92811317)
  (1962.37100000,  94.02856122)
  (1962.45500000,  89.10377758)
  (1962.53800000,  84.16549511)
  (1962.62300000,  79.22462643)
  (1962.70700000,  74.29217239)
  (1962.79000000,  69.37855713)
  (1962.87400000,  64.49548093)
  (1962.95800000,  59.65450019)
  (1963.04200000,  54.86685092)
  (1963.12300000,  50.14385324)
  (1963.20400000,  45.49567315)
  (1963.28800000,  40.93275008)
  (1963.37100000,  36.46557129)
  (1963.45500000,  32.10502365)
  (1963.53800000,  27.86052595)
  (1963.62300000,  23.74258182)
  (1963.70700000,  19.76020989)
  (1963.79000000,  15.92206057)
  (1963.87400000,  12.23722855)
  (1963.95800000,   8.71473897)
  (1964.04200000,   5.36232548)
  (1964.12400000,   2.18810605)
  (1964.20600000,  -0.80065139)
  (1964.29000000,  -3.59730108)
  (1964.37300000,  -6.19472357)
  (1964.45600000,  -8.58747637)
  (1964.54000000, -10.77048921)
  (1964.62400000, -12.73916311)
  (1964.70800000, -14.48826607)
  (1964.79100000, -16.01345518)
  (1964.87400000, -17.31110885)
  (1964.95800000, -18.37833777)
  (1965.04200000, -19.21193487)
  (1965.12300000, -19.81114422)
  (1965.20400000, -20.17368871)
  (1965.28800000, -20.29848951)
  (1965.37100000, -20.18587528)
  (1965.45500000, -19.83597917)
  (1965.53800000, -19.24977218)
  (1965.62300000, -18.42916880)
  (1965.70700000, -17.37421994)
  (1965.79000000, -16.08810023)
  (1965.87400000, -14.57464163)
  (1965.95800000, -12.83728248)
  (1966.04200000, -10.87935829)
  (1966.12300000,  -8.70551020)
  (1966.20400000,  -6.32030065)
  (1966.28800000,  -3.72843180)
  (1966.37100000,  -0.93753488)
  (1966.45500000,   2.04645786)
  (1966.53800000,   5.21700813)
  (1966.62300000,   8.56645737)
  (1966.70700000,  12.08709494)
  (1966.79000000,  15.77093559)
  (1966.87400000,  19.60935906)
  (1966.95800000,  23.59424239)
  (1967.04200000,  27.71626944)
  (1967.12300000,  31.96516433)
  (1967.20400000,  36.33089299)
  (1967.28800000,  40.80358549)
  (1967.37100000,  45.37343796)
  (1967.45500000,  50.02961986)
  (1967.53800000,  54.76143079)
  (1967.62300000,  59.55803184)
  (1967.70700000,  64.40886729)
  (1967.79000000,  69.30253020)
  (1967.87400000,  74.22788160)
  (1967.95800000,  79.17346117)
  (1968.04200000,  84.12759070)
  (1968.12400000,  89.07922335)
  (1968.20600000,  94.01698254)
  (1968.29000000,  98.92843638)
  (1968.37300000, 103.80317981)
  (1968.45600000, 108.62970466)
  (1968.54000000, 113.39718010)
  (1968.62400000, 118.09406990)
  (1968.70800000, 122.70970368)
  (1968.79100000, 127.23338211)
  (1968.87400000, 131.65446426)
  (1968.95800000, 135.96287169)
  (1969.04200000, 140.14934146)
  (1969.12300000, 144.20432471)
  (1969.20400000, 148.11785121)
  (1969.28800000, 151.88113340)
  (1969.37100000, 155.48560175)
  (1969.45500000, 158.92318671)
  (1969.53800000, 162.18566349)
  (1969.62300000, 165.26530810)
  (1969.70700000, 168.15511378)
  (1969.79000000, 170.84886115)
  (1969.87400000, 173.34008811)
  (1969.95800000, 175.62309215)
  (1970.04200000, 177.69284752)
  (1970.12300000, 179.54406206)
  (1970.20400000, 181.17281464)
  (1970.28800000, 182.57556556)
  (1970.37100000, 183.74951680)
  (1970.45500000, 184.69148298)
  (1970.53800000, 185.39947344)
  (1970.62300000, 185.87161020)
  (1970.70700000, 186.10722939)
  (1970.79000000, 186.10578030)
  (1970.87400000, 185.86735731)
  (1970.95800000, 185.39200327)
  (1971.04200000, 184.68131905)
  (1971.12300000, 183.73629801)
  (1971.20400000, 182.55956182)
  (1971.28800000, 181.15462363)
  (1971.37100000, 179.52474175)
  (1971.45500000, 177.67346448)
  (1971.53800000, 175.60402019)
  (1971.62300000, 173.32206065)
  (1971.70700000, 170.83249346)
  (1971.79000000, 168.14111895)
  (1971.87400000, 165.25385065)
  (1971.95800000, 162.17773866)
  (1972.04200000, 158.92016535)
  (1972.12400000, 155.48970008)
  (1972.20600000, 151.89247018)
  (1972.29000000, 148.13768005)
  (1972.37300000, 144.23296324)
  (1972.45600000, 140.18786118)
  (1972.54000000, 136.01114917)
  (1972.62400000, 131.71239277)
  (1972.70800000, 127.30165639)
  (1972.79100000, 122.78995028)
  (1972.87400000, 118.18759999)
  (1972.95800000, 113.50438083)
  (1973.04200000, 108.75211232)
  (1973.12300000, 103.94133540)
  (1973.20400000,  99.08307413)
  (1973.28800000,  94.18799694)
  (1973.37100000,  89.26797183)
  (1973.45500000,  84.33411970)
  (1973.53800000,  79.39795413)
  (1973.62300000,  74.47035028)
  (1973.70700000,  69.56307715)
  (1973.79000000,  64.68753786)
  (1973.87400000,  59.85466304)
  (1973.95800000,  55.07608099)
  (1974.04200000,  50.36313405)
  (1974.12300000,  45.72648834)
  (1974.20400000,  41.17698678)
  (1974.28800000,  36.72503656)
  (1974.37100000,  32.38062758)
  (1974.45500000,  28.15347369)
  (1974.53800000,  24.05337320)
  (1974.62300000,  20.09010106)
  (1974.70700000,  16.27350174)
  (1974.79000000,  12.61124290)
  (1974.87400000,   9.11155514)
  (1974.95800000,   5.78318827)
  (1975.04200000,   2.63485944)
  (1975.12300000,  -0.32672585)
  (1975.20400000,  -3.09491235)
  (1975.28800000,  -5.66381759)
  (1975.37100000,  -8.02683802)
  (1975.45500000, -10.17861081)
  (1975.53800000, -12.11395420)
  (1975.62300000, -13.82877808)
  (1975.70700000, -15.31904017)
  (1975.79000000, -16.58138071)
  (1975.87400000, -17.61254107)
  (1975.95800000, -18.41038048)
  (1976.04200000, -18.97255318)
  (1976.12400000, -19.29766468)
  (1976.20600000, -19.38606878)
  (1976.29000000, -19.23747899)
  (1976.37300000, -18.85154805)
  (1976.45600000, -18.22876831)
  (1976.54000000, -17.37084575)
  (1976.62400000, -16.28053461)
  (1976.70800000, -14.96057569)
  (1976.79100000, -13.41412840)
  (1976.87400000, -11.64396767)
  (1976.95800000,  -9.65481768)
  (1977.04200000,  -7.45175156)
  (1977.12300000,  -5.03976902)
  (1977.20400000,  -2.42413380)
  (1977.28800000,   0.38902797)
  (1977.37100000,   3.39372300)
  (1977.45500000,   6.58225229)
  (1977.53800000,   9.94728395)
  (1977.62300000,  13.48089774)
  (1977.70700000,  17.17525740)
  (1977.79000000,  21.02071195)
  (1977.87400000,  25.00878174)
  (1977.95800000,  29.13048323)
  (1978.04200000,  33.37633940)
  (1978.12300000,  37.73644581)
  (1978.20400000,  42.20016185)
  (1978.28800000,  46.75640183)
  (1978.37100000,  51.39567878)
  (1978.45500000,  56.10739393)
  (1978.53800000,  60.88053236)
  (1978.62300000,  65.70368151)
  (1978.70700000,  70.56618561)
  (1978.79000000,  75.45613169)
  (1978.87400000,  80.36187886)
  (1978.95800000,  85.27172329)
  (1979.04200000,  90.17442229)
  (1979.12300000,  95.05879842)
  (1979.20400000,  99.91388223)
  (1979.28800000, 104.72850522)
  (1979.37100000, 109.49179371)
  (1979.45500000, 114.19182563)
  (1979.53800000, 118.81844122)
  (1979.62300000, 123.35990369)
  (1979.70700000, 127.80675959)
  (1979.79000000, 132.14814672)
  (1979.87400000, 136.37479008)
  (1979.95800000, 140.47623487)
  (1980.04200000, 144.44278917)
  (1980.12400000, 148.26522154)
  (1980.20600000, 151.93478016)
  (1980.29000000, 155.44381101)
  (1980.37300000, 158.78377119)
  (1980.45600000, 161.94695763)
  (1980.54000000, 164.92607988)
  (1980.62400000, 167.71486625)
  (1980.70800000, 170.30714103)
  (1980.79100000, 172.69597139)
  (1980.87400000, 174.87601206)
  (1980.95800000, 176.84270819)
  (1981.04200000, 178.59156737)
  (1981.12300000, 180.11857645)
  (1981.20400000, 181.42043325)
  (1981.28800000, 182.49333821)
  (1981.37100000, 183.33580014)
  (1981.45500000, 183.94698223)
  (1981.53800000, 184.32455512)
  (1981.62300000, 184.46644443)
  (1981.70700000, 184.37377181)
  (1981.79000000, 184.04698165)
  (1981.87400000, 183.48699023)
  (1981.95800000, 182.69471540)
  (1982.04200000, 181.67250241)
  (1982.12300000, 180.42290026)
  (1982.20400000, 178.94902900)
  (1982.28800000, 177.25399745)
  (1982.37100000, 175.34144953)
  (1982.45500000, 173.21640362)
  (1982.53800000, 170.88426433)
  (1982.62300000, 168.35058955)
  (1982.70700000, 165.62148366)
  (1982.79000000, 162.70300464)
  (1982.87400000, 159.60212969)
  (1982.95800000, 156.32579391)
  (1983.04200000, 152.88190217)
  (1983.12300000, 149.27825771)
  (1983.20400000, 145.52334730)
  (1983.28800000, 141.62682948)
  (1983.37100000, 137.59759250)
  (1983.45500000, 133.44480425)
  (1983.53800000, 129.17819310)
  (1983.62300000, 124.80740064)
  (1983.70700000, 120.34257831)
  (1983.79000000, 115.79441814)
  (1983.87400000, 111.17346124)
  (1983.95800000, 106.48948202)
  (1984.04200000, 101.75416822)
  (1984.12400000,  96.97958351)
  (1984.20600000,  92.17588953)
  (1984.29000000,  87.35417814)
  (1984.37300000,  82.52603359)
  (1984.45600000,  77.70209029)
  (1984.54000000,  72.89388102)
  (1984.62400000,  68.11270487)
  (1984.70800000,  63.36912590)
  (1984.79100000,  58.67517508)
  (1984.87400000,  54.04134875)
  (1984.95800000,  49.47878946)
  (1985.04200000,  44.99758428)
  (1985.12300000,  40.60753574)
  (1985.20400000,  36.31958442)
  (1985.28800000,  32.14276744)
  (1985.37100000,  28.08736087)
  (1985.45500000,  24.16282544)
  (1985.53800000,  20.37865248)
  (1985.62300000,  16.74282818)
  (1985.70700000,  13.26427653)
  (1985.79000000,   9.95127779)
  (1985.87400000,   6.81028680)
  (1985.95800000,   3.84935717)
  (1986.04200000,   1.07489709)
  (1986.12300000,  -1.50602668)
  (1986.20400000,  -3.88769223)
  (1986.28800000,  -6.06462056)
  (1986.37100000,  -8.03275309)
  (1986.45500000,  -9.78759318)
  (1986.53800000, -11.32476104)
  (1986.62300000, -12.64113103)
  (1986.70700000, -13.73399333)
  (1986.79000000, -14.59990882)
  (1986.87400000, -15.23804135)
  (1986.95800000, -15.64659142)
  (1987.04200000, -15.82437036)
  (1987.12300000, -15.77083120)
  (1987.20400000, -15.48703871)
  (1987.28800000, -14.97414826)
  (1987.37100000, -14.23333564)
  (1987.45500000, -13.26673086)
  (1987.53800000, -12.07611976)
  (1987.62300000, -10.66535099)
  (1987.70700000,  -9.03789693)
  (1987.79000000,  -7.19682971)
  (1987.87400000,  -5.14636798)
  (1987.95800000,  -2.89194743)
  (1988.04200000,  -0.43827649)
  (1988.12400000,   2.20790319)
  (1988.20600000,   5.04035160)
  (1988.29000000,   8.05200048)
  (1988.37300000,  11.23588432)
  (1988.45600000,  14.58415163)
  (1988.54000000,  18.08923862)
  (1988.62400000,  21.74253169)
  (1988.70800000,  25.53557292)
  (1988.79100000,  29.45981949)
  (1988.87400000,  33.50609272)
  (1988.95800000,  37.66531859)
  (1989.04200000,  41.92659910)
  (1989.12300000,  46.28063767)
  (1989.20400000,  50.71761928)
  (1989.28800000,  55.22631950)
  (1989.37100000,  59.79674971)
  (1989.45500000,  64.41764383)
  (1989.53800000,  69.07797514)
  (1989.62300000,  73.76649144)
  (1989.70700000,  78.47381866)
  (1989.79000000,  83.18821002)
  (1989.87400000,  87.89874828)
  (1989.95800000,  92.59483005)
  (1990.04200000,  97.26523458)
  (1990.12300000, 101.89982381)
  (1990.20400000, 106.48743204)
  (1990.28800000, 111.01734530)
  (1990.37100000, 115.47861342)
  (1990.45500000, 119.86185500)
  (1990.53800000, 124.15721998)
  (1990.62300000, 128.35409422)
  (1990.70700000, 132.44359884)
  (1990.79000000, 136.41579454)
  (1990.87400000, 140.26131772)
  (1990.95800000, 143.97191597)
  (1991.04200000, 147.53843766)
  (1991.12300000, 150.95294970)
  (1991.20400000, 154.20737233)
  (1991.28800000, 157.29588548)
  (1991.37100000, 160.21044076)
  (1991.45500000, 162.94504778)
  (1991.53800000, 165.49314775)
  (1991.62300000, 167.84896560)
  (1991.70700000, 170.00690351)
  (1991.79000000, 171.96156227)
  (1991.87400000, 173.70988784)
  (1991.95800000, 175.24726162)
  (1992.04200000, 176.57073202)
  (1992.12400000, 177.67755379)
  (1992.20600000, 178.56487067)
  (1992.29000000, 179.23075735)
  (1992.37300000, 179.67387950)
  (1992.45600000, 179.89313261)
  (1992.54000000, 179.88891877)
  (1992.62400000, 179.66103159)
  (1992.70800000, 179.21043339)
  (1992.79100000, 178.53898996)
  (1992.87400000, 177.64887953)
  (1992.95800000, 176.54101971)
  (1993.04200000, 175.21836837)
  (1993.12300000, 173.68444917)
  (1993.20400000, 171.94254793)
  (1993.28800000, 169.99669022)
  (1993.37100000, 167.85200481)
  (1993.45500000, 165.51382615)
  (1993.53800000, 162.98744517)
  (1993.62300000, 160.27875641)
  (1993.70700000, 157.39394658)
  (1993.79000000, 154.34018856)
  (1993.87400000, 151.12461610)
  (1993.95800000, 147.75504536)
  (1994.04200000, 144.23950788)
  (1994.12300000, 140.58648027)
  (1994.20400000, 136.80461830)
  (1994.28800000, 132.90224849)
  (1994.37100000, 128.88856024)
  (1994.45500000, 124.77321315)
  (1994.53800000, 120.56578289)
  (1994.62300000, 116.27586341)
  (1994.70700000, 111.91353959)
  (1994.79000000, 107.48990132)
  (1994.87400000, 103.01538315)
  (1994.95800000,  98.50008441)
  (1995.04200000,  93.95485604)
  (1995.12300000,  89.38900326)
  (1995.20400000,  84.81404038)
  (1995.28800000,  80.24000533)
  (1995.37100000,  75.67724413)
  (1995.45500000,  71.13683975)
  (1995.53800000,  66.63002816)
  (1995.62300000,  62.16606070)
  (1995.70700000,  57.75562059)
  (1995.79000000,  53.40965881)
  (1995.87400000,  49.13783773)
  (1995.95800000,  44.94970309)
  (1996.04200000,  40.85434862)
  (1996.12400000,  36.86130845)
  (1996.20600000,  32.98055255)
  (1996.29000000,  29.22118342)
  (1996.37300000,  25.59104635)
  (1996.45600000,  22.09815308)
  (1996.54000000,  18.75127626)
  (1996.62400000,  15.55675759)
  (1996.70800000,  12.52269572)
  (1996.79100000,   9.65583431)
  (1996.87400000,   6.96308258)
  (1996.95800000,   4.45059987)
  (1997.04200000,   2.12279471)
  (1997.12300000,  -0.01338854)
  (1997.20400000,  -1.95388554)
  (1997.28800000,  -3.69523432)
  (1997.37100000,  -5.23347613)
  (1997.45500000,  -6.56497826)
  (1997.53800000,  -7.68731251)
  (1997.62300000,  -8.59719717)
  (1997.70700000,  -9.29275716)
  (1997.79000000,  -9.77263730)
  (1997.87400000, -10.03566452)
  (1997.95800000, -10.08257247)
  (1998.04200000,  -9.91456833)
  (1998.12300000,  -9.53053885)
  (1998.20400000,  -8.93146409)
  (1998.28800000,  -8.11954737)
  (1998.37100000,  -7.09700090)
  (1998.45500000,  -5.86527419)
  (1998.53800000,  -4.42898038)
  (1998.62300000,  -2.79084443)
  (1998.70700000,  -0.95546286)
  (1998.79000000,   1.07237361)
  (1998.87400000,   3.28795025)
  (1998.95800000,   5.68608191)
  (1999.04200000,   8.26059059)
  (1999.12300000,  11.00603881)
  (1999.20400000,  13.91562651)
  (1999.28800000,  16.98283758)
  (1999.37100000,  20.19951194)
  (1999.45500000,  23.55811267)
  (1999.53800000,  27.05143559)
  (1999.62300000,  30.66981442)
  (1999.70700000,  34.40503662)
  (1999.79000000,  38.24849719)
  (1999.87400000,  42.19179000)
  (1999.95800000,  46.22436926)
  (2000.04200000,  50.33754865)
  (2000.12400000,  54.52178260)
  (2000.20600000,  58.76663815)
  (2000.29000000,  63.06259564)
  (2000.37300000,  67.39936014)
  (2000.45600000,  71.76654031)
  (2000.54000000,  76.15500736)
  (2000.62400000,  80.55442640)
  (2000.70800000,  84.95377934)
  (2000.79100000,  89.34234562)
  (2000.87400000,  93.71081448)
  (2000.95800000,  98.04953845)
  (2001.04200000, 102.34773403)
  (2001.12300000, 106.59606268)
  (2001.20400000, 110.78409399)
  (2001.28800000, 114.90197064)
  (2001.37100000, 118.94064216)
  (2001.45500000, 122.89094150)
  (2001.53800000, 126.74384212)
  (2001.62300000, 130.49062881)
  (2001.70700000, 134.12200353)
  (2001.79000000, 137.62973717)
  (2001.87400000, 141.00679011)
  (2001.95800000, 144.24461875)
  (2002.04200000, 147.33542864)
  (2002.12300000, 150.27326728)
  (2002.20400000, 153.05141540)
  (2002.28800000, 155.66313334)
  (2002.37100000, 158.10244014)
  (2002.45500000, 160.36436386)
  (2002.53800000, 162.44384713)
  (2002.62300000, 164.33619200)
  (2002.70700000, 166.03779258)
  (2002.79000000, 167.54458285)
  (2002.87400000, 168.85369715)
  (2002.95800000, 169.96268340)
  (2003.04200000, 170.86862009)
  (2003.12300000, 171.56880615)
  (2003.20400000, 172.06284445)
  (2003.28800000, 172.34963769)
  (2003.37100000, 172.42824538)
  (2003.45500000, 172.29931590)
  (2003.53800000, 171.96444175)
  (2003.62300000, 171.42380242)
  (2003.70700000, 170.67896123)
  (2003.79000000, 169.73234916)
  (2003.87400000, 168.58585835)
  (2003.95800000, 167.24265388)
  (2004.04200000, 165.70630253)
  (2004.12400000, 163.98018436)
  (2004.20600000, 162.06820296)
  (2004.29000000, 159.97557052)
  (2004.37300000, 157.70743749)
  (2004.45600000, 155.26896065)
  (2004.54000000, 152.66690725)
  (2004.62400000, 149.90661686)
  (2004.70800000, 146.99445323)
  (2004.79100000, 143.93818410)
  (2004.87400000, 140.74506626)
  (2004.95800000, 137.42196950)
  (2005.04200000, 133.97688168)
  (2005.12300000, 130.41875679)
  (2005.20400000, 126.75553483)
  (2005.28800000, 122.99555720)
  (2005.37100000, 119.14816080)
  (2005.45500000, 115.22217882)
  (2005.53800000, 111.22702649)
  (2005.62300000, 107.17252614)
  (2005.70700000, 103.06746803)
  (2005.79000000,  98.92132124)
  (2005.87400000,  94.74327257)
  (2005.95800000,  90.54480736)
  (2006.04200000,  86.33420244)
  (2006.12300000,  82.12130217)
  (2006.20400000,  77.91693865)
  (2006.28800000,  73.73120373)
  (2006.37100000,  69.57332794)
  (2006.45500000,  65.45274559)
  (2006.53800000,  61.37881300)
  (2006.62300000,  57.36018424)
  (2006.70700000,  53.40823993)
  (2006.79000000,  49.53068601)
  (2006.87400000,  45.73711949)
  (2006.95800000,  42.03601506)
  (2007.04200000,  38.43497155)
  (2007.12300000,  34.94250966)
  (2007.20400000,  31.56787343)
  (2007.28800000,  28.31830704)
  (2007.37100000,  25.20048936)
  (2007.45500000,  22.22147075)
  (2007.53800000,  19.38906700)
  (2007.62300000,  16.70918047)
  (2007.70700000,  14.18759549)
  (2007.79000000,  11.82966339)
  (2007.87400000,   9.64102222)
  (2007.95800000,   7.62601561)
  (2008.04200000,   5.78915886)
  (2008.12400000,   4.13489109)
  (2008.20600000,   2.66669484)
  (2008.29000000,   1.38765748)
  (2008.37300000,   0.30017546)
  (2008.45600000,  -0.59304208)
  (2008.54000000,  -1.29102525)
  (2008.62400000,  -1.79225187)
  (2008.70800000,  -2.09627648)
  (2008.79100000,  -2.20168467)
  (2008.87400000,  -2.10825103)
  (2008.95800000,  -1.81740174)
  (2009.04200000,  -1.32989079)
  (2009.12300000,  -0.64797920)
  (2009.20400000,   0.22743600)
  (2009.28800000,   1.29348766)
  (2009.37100000,   2.54701719)
  (2009.45500000,   3.98485425)
  (2009.53800000,   5.60318171)
  (2009.62300000,   7.39854607)
  (2009.70700000,   9.36649405)
  (2009.79000000,  11.50147680)
  (2009.87400000,  13.79826851)
  (2009.95800000,  16.25124018)
  (2010.04200000,  18.85374022)
  (2010.12300000,  21.59910187)
  (2010.20400000,  24.48147421)
  (2010.28800000,  27.49306020)
  (2010.37100000,  30.62713213)
  (2010.45500000,  33.87579675)
  (2010.53800000,  37.23163322)
  (2010.62300000,  40.68686076)
  (2010.70700000,  44.23314367)
  (2010.79000000,  47.86091192)
  (2010.87400000,  51.56185765)
  (2010.95800000,  55.32736323)
  (2011.04200000,  59.14826055)
  (2011.12300000,  63.01519482)
  (2011.20400000,  66.91987642)
  (2011.28800000,  70.85207597)
  (2011.37100000,  74.80348340)
  (2011.45500000,  78.76443615)
  (2011.53800000,  82.72605143)
  (2011.62300000,  86.67849670)
  (2011.70700000,  90.61232207)
  (2011.79000000,  94.51818777)
  (2011.87400000,  98.38718256)
  (2011.95800000, 102.21120560)
  (2012.04200000, 105.98077093)
  (2012.12400000, 109.68679481)
  (2012.20600000, 113.32047906)
  (2012.29000000, 116.87497675)
  (2012.37300000, 120.34195439)
  (2012.45600000, 123.71239139)
  (2012.54000000, 126.97930926)
  (2012.62400000, 130.13559099)
  (2012.70800000, 133.17369273)
  (2012.79100000, 136.08635967)
  (2012.87400000, 138.86805684)
  (2012.95800000, 141.51178990)
  (2013.04200000, 144.01194833)
  (2013.12300000, 146.36316297)
  (2013.20400000, 148.56021743)
  (2013.28800000, 150.59830630)
  (2013.37100000, 152.47394196)
  (2013.45500000, 154.18229143)
  (2013.53800000, 155.72017793)
  (2013.62300000, 157.08396355)
  (2013.70700000, 158.27097125)
  (2013.79000000, 159.27847633)
  (2013.87400000, 160.10560048)
  (2013.95800000, 160.75062348)
  (2014.04200000, 161.21200727)
  (2014.12300000, 161.49019539)
  (2014.20400000, 161.58496510)
  (2014.28800000, 161.49619999)
  (2014.37100000, 161.22370868)
  (2014.45500000, 160.76876166)
  (2014.53800000, 160.13382899)
  (2014.62300000, 159.32019926)
  (2014.70700000, 158.33079334)
  (2014.79000000, 157.16782494)
  (2014.87400000, 155.83461375)
  (2014.95800000, 154.33485308)
  (2015.04200000, 152.67278691)
  (2015.12300000, 150.85169802)
  (2015.20400000, 148.87685106)
  (2015.28800000, 146.75348659)
  (2015.37100000, 144.48634820)
  (2015.45500000, 142.08165140)
  (2015.53800000, 139.54489891)
  (2015.62300000, 136.88153404)
  (2015.70700000, 134.09900010)
  (2015.79000000, 131.20437182)
  (2015.87400000, 128.20346242)
  (2015.95800000, 125.10471831)
  (2016.04200000, 121.91558127)
  (2016.12400000, 118.64265688)
  (2016.20600000, 115.29437743)
  (2016.28800000, 111.87870084)
  (2016.37300000, 108.40342104)
  (2016.45500000, 104.87617374)
  (2016.54000000, 101.30664483)
  (2016.62400000,  97.70327533)
  (2016.70600000,  94.07467927)
  (2016.79100000,  90.42854319)
  (2016.87300000,  86.77390466)
  (2016.95800000,  83.11908204)
  (2017.04200000,  79.47296426)
  (2017.12200000,  75.84301094)
  (2017.20400000,  72.23755917)
  (2017.28600000,  68.66513357)
  (2017.37100000,  65.13477437)
  (2017.45300000,  61.65391989)
  (2017.53800000,  58.23045715)
  (2017.62300000,  54.87351851)
  (2017.70500000,  51.58945323)
  (2017.79000000,  48.38542290)
  (2017.87300000,  45.26955691)
  (2017.95800000,  42.24898657)
  (2018.04200000,  39.33003265)
  (2018.12200000,  36.51881056)
  (2018.20400000,  33.82224508)
  (2018.28600000,  31.24607072)
  (2018.37100000,  28.79611543)
  (2018.45300000,  26.47790485)
  (2018.53800000,  24.29631141)
  (2018.62300000,  22.25644654)
  (2018.70500000,  20.36239019)
  (2018.79000000,  18.61688025)
  (2018.87300000,  17.02465758)
  (2018.95800000,  15.58843065)
  (2019.04200000,  14.31173274)
  (2019.12200000,  13.19668786)
  (2019.20400000,  12.24675857)
  (2019.28600000,  11.46231745)
  (2019.37100000,  10.84355078)
  (2019.45300000,  10.39298779)
  (2019.53800000,  10.11017935)
  (2019.62300000,   9.99497236)
  (2019.70500000,  10.04870525)
  (2019.79000000,  10.26989132)
  (2019.87300000,  10.65709628)
  (2019.95800000,  11.20980449)
  (2020.04200000,  11.92542324)
  (2020.12400000,  12.80231901)
  (2020.20600000,  13.83683343)
  (2020.28800000,  15.02625997)
  (2020.37300000,  16.36784822)
  (2020.45500000,  17.85813206)
  (2020.54000000,  19.49245003)
  (2020.62400000,  21.26622966)
  (2020.70600000,  23.17364632)
  (2020.79100000,  25.21075440)
  (2020.87300000,  27.37290131)
  (2020.95800000,  29.65433260)
  (2021.04200000,  32.04949919)
  (2021.12200000,  34.55240324)
  (2021.20400000,  37.15742687)
  (2021.28600000,  39.86125538)
]
