%=============================================================================
% Daniel J. Greenhoe 
% Sunspot eigen vector 1 data file suitable for use with LaTeX PStricks
% For an example, see "sunspots_eigen.tex"
% This file auto-generated using "sunspots.R" --- hand-editing not recommended
%=============================================================================
[
  (  0.08333333,  -3.54985393)
  (  0.16666667,  -3.77301689)
  (  0.25000000,  -3.98802489)
  (  0.33333333,  -4.19460437)
  (  0.41666667,  -4.39229163)
  (  0.50000000,  -4.58059165)
  (  0.58333333,  -4.75904643)
  (  0.66666667,  -4.92718100)
  (  0.75000000,  -5.08461138)
  (  0.83333333,  -5.23101191)
  (  0.91666667,  -5.36590183)
  (  1.00000000,  -5.48890377)
  (  1.08333333,  -5.59963299)
  (  1.16666667,  -5.69780339)
  (  1.25000000,  -5.78318799)
  (  1.33333333,  -5.85556338)
  (  1.41666667,  -5.91462763)
  (  1.50000000,  -5.96024591)
  (  1.58333333,  -5.99220422)
  (  1.66666667,  -6.01046002)
  (  1.75000000,  -6.01489491)
  (  1.83333333,  -6.00538620)
  (  1.91666667,  -5.98204434)
  (  2.00000000,  -5.94485672)
  (  2.08333333,  -5.89378624)
  (  2.16666667,  -5.82904168)
  (  2.25000000,  -5.75063839)
  (  2.33333333,  -5.65860715)
  (  2.41666667,  -5.55323372)
  (  2.50000000,  -5.43469341)
  (  2.58333333,  -5.30327786)
  (  2.66666667,  -5.15921060)
  (  2.75000000,  -5.00288293)
  (  2.83333333,  -4.83452081)
  (  2.91666667,  -4.65446100)
  (  3.00000000,  -4.46312537)
  (  3.08333333,  -4.26091607)
  (  3.16666667,  -4.04828917)
  (  3.25000000,  -3.82572567)
  (  3.33333333,  -3.59369888)
  (  3.41666667,  -3.35278035)
  (  3.50000000,  -3.10347481)
  (  3.58333333,  -2.84630397)
  (  3.66666667,  -2.58185639)
  (  3.75000000,  -2.31080306)
  (  3.83333333,  -2.03373506)
  (  3.91666667,  -1.75117643)
  (  4.00000000,  -1.46388092)
  (  4.08333333,  -1.17249950)
  (  4.16666667,  -0.87764608)
  (  4.25000000,  -0.58006683)
  (  4.33333333,  -0.28046531)
  (  4.41666667,   0.02047036)
  (  4.50000000,   0.32212448)
  (  4.58333333,   0.62376342)
  (  4.66666667,   0.92470059)
  (  4.75000000,   1.22419009)
  (  4.83333333,   1.52159749)
  (  4.91666667,   1.81621182)
  (  5.00000000,   2.10733640)
  (  5.08333333,   2.39417180)
  (  5.16666667,   2.67608779)
  (  5.25000000,   2.95244110)
  (  5.33333333,   3.22257490)
  (  5.41666667,   3.48579325)
  (  5.50000000,   3.74155092)
  (  5.58333333,   3.98923373)
  (  5.66666667,   4.22814452)
  (  5.75000000,   4.45780350)
  (  5.83333333,   4.67762676)
  (  5.91666667,   4.88699994)
  (  6.00000000,   5.08547379)
  (  6.08333333,   5.27259413)
  (  6.16666667,   5.44784796)
  (  6.25000000,   5.61084376)
  (  6.33333333,   5.76114900)
  (  6.41666667,   5.89832915)
  (  6.50000000,   6.02211327)
  (  6.58333333,   6.13215107)
  (  6.66666667,   6.22813774)
  (  6.75000000,   6.30979926)
  (  6.83333333,   6.37695293)
  (  6.91666667,   6.42935768)
  (  7.00000000,   6.46690715)
  (  7.08333333,   6.48939747)
  (  7.16666667,   6.49672378)
  (  7.25000000,   6.48890187)
  (  7.33333333,   6.46594136)
  (  7.41666667,   6.42786063)
  (  7.50000000,   6.37462307)
  (  7.58333333,   6.30635562)
  (  7.66666667,   6.22320026)
  (  7.75000000,   6.12522950)
  (  7.83333333,   6.01266820)
  (  7.91666667,   5.88573734)
  (  8.00000000,   5.74473715)
  (  8.08333333,   5.58992985)
  (  8.16666667,   5.42171432)
  (  8.25000000,   5.24037842)
  (  8.33333333,   5.04631877)
  (  8.41666667,   4.83996590)
  (  8.50000000,   4.62176298)
  (  8.58333333,   4.39217306)
  (  8.66666667,   4.15177343)
  (  8.75000000,   3.90102092)
  (  8.83333333,   3.64051432)
  (  8.91666667,   3.37087627)
  (  9.00000000,   3.09269417)
  (  9.08333333,   2.80654400)
  (  9.16666667,   2.51317028)
  (  9.25000000,   2.21326083)
  (  9.33333333,   1.90738076)
  (  9.41666667,   1.59625624)
  (  9.50000000,   1.28063700)
  (  9.58333333,   0.96130597)
  (  9.66666667,   0.63893178)
  (  9.75000000,   0.31424990)
  (  9.83333333,  -0.01196878)
  (  9.91666667,  -0.33894432)
  ( 10.00000000,  -0.66586518)
  ( 10.08333333,  -0.99199821)
  ( 10.16666667,  -1.31654589)
  ( 10.25000000,  -1.63882236)
  ( 10.33333333,  -1.95798332)
  ( 10.41666667,  -2.27334457)
  ( 10.50000000,  -2.58413402)
  ( 10.58333333,  -2.88959496)
  ( 10.66666667,  -3.18901613)
  ( 10.75000000,  -3.48171183)
  ( 10.83333333,  -3.76689220)
  ( 10.91666667,  -4.04386923)
  ( 11.00000000,  -4.31200074)
  ( 11.08333333,  -4.57067423)
  ( 11.16666667,  -4.81923823)
  ( 11.25000000,  -5.05713747)
  ( 11.33333333,  -5.28372840)
  ( 11.41666667,  -5.49852813)
  ( 11.50000000,  -5.70098639)
  ( 11.58333333,  -5.89055419)
  ( 11.66666667,  -6.06676694)
  ( 11.75000000,  -6.22919333)
  ( 11.83333333,  -6.37737537)
  ( 11.91666667,  -6.51094551)
  ( 12.00000000,  -6.62961870)
  ( 12.08333333,  -6.73307991)
  ( 12.16666667,  -6.82106746)
  ( 12.25000000,  -6.89332065)
  ( 12.33333333,  -6.94960285)
  ( 12.41666667,  -6.98984001)
  ( 12.50000000,  -7.01384552)
  ( 12.58333333,  -7.02155715)
  ( 12.66666667,  -7.01285719)
  ( 12.75000000,  -6.98776424)
  ( 12.83333333,  -6.94639505)
  ( 12.91666667,  -6.88878637)
  ( 13.00000000,  -6.81506384)
  ( 13.08333333,  -6.72530752)
  ( 13.16666667,  -6.61974100)
  ( 13.25000000,  -6.49856208)
  ( 13.33333333,  -6.36202558)
  ( 13.41666667,  -6.21041892)
  ( 13.50000000,  -6.04410851)
  ( 13.58333333,  -5.86346701)
  ( 13.66666667,  -5.66885293)
  ( 13.75000000,  -5.46073161)
  ( 13.83333333,  -5.23954472)
  ( 13.91666667,  -5.00576968)
  ( 14.00000000,  -4.75989366)
  ( 14.08333333,  -4.50256173)
  ( 14.16666667,  -4.23435579)
  ( 14.25000000,  -3.95582710)
  ( 14.33333333,  -3.66757357)
  ( 14.41666667,  -3.37035815)
  ( 14.50000000,  -3.06488411)
  ( 14.58333333,  -2.75177863)
  ( 14.66666667,  -2.43174117)
  ( 14.75000000,  -2.10556383)
  ( 14.83333333,  -1.77388263)
  ( 14.91666667,  -1.43763688)
  ( 15.00000000,  -1.09754085)
  ( 15.08333333,  -0.75436676)
  ( 15.16666667,  -0.40889331)
  ( 15.25000000,  -0.06188232)
  ( 15.33333333,   0.28583326)
  ( 15.41666667,   0.63335939)
  ( 15.50000000,   0.97988355)
  ( 15.58333333,   1.32472262)
  ( 15.66666667,   1.66692864)
  ( 15.75000000,   2.00574336)
  ( 15.83333333,   2.34038526)
  ( 15.91666667,   2.67012881)
  ( 16.00000000,   2.99416332)
  ( 16.08333333,   3.31171170)
  ( 16.16666667,   3.62204490)
  ( 16.25000000,   3.92439227)
  ( 16.33333333,   4.21806536)
  ( 16.41666667,   4.50240884)
  ( 16.50000000,   4.77668367)
  ( 16.58333333,   5.04023057)
  ( 16.66666667,   5.29248254)
  ( 16.75000000,   5.53284062)
  ( 16.83333333,   5.76066372)
  ( 16.91666667,   5.97542657)
  ( 17.00000000,   6.17668849)
  ( 17.08333333,   6.36389092)
  ( 17.16666667,   6.53660826)
  ( 17.25000000,   6.69441539)
  ( 17.33333333,   6.83688213)
  ( 17.41666667,   6.96368630)
  ( 17.50000000,   7.07454890)
  ( 17.58333333,   7.16917557)
  ( 17.66666667,   7.24730507)
  ( 17.75000000,   7.30878121)
  ( 17.83333333,   7.35340338)
  ( 17.91666667,   7.38104252)
  ( 18.00000000,   7.39168383)
  ( 18.08333333,   7.38519587)
  ( 18.16666667,   7.36152513)
  ( 18.25000000,   7.32074923)
  ( 18.33333333,   7.26295873)
  ( 18.41666667,   7.18818642)
  ( 18.50000000,   7.09665522)
  ( 18.58333333,   6.98860628)
  ( 18.66666667,   6.86424197)
  ( 18.75000000,   6.72379881)
  ( 18.83333333,   6.56761239)
  ( 18.91666667,   6.39598034)
  ( 19.00000000,   6.20929040)
  ( 19.08333333,   6.00795998)
  ( 19.16666667,   5.79239945)
  ( 19.25000000,   5.56310245)
  ( 19.33333333,   5.32062525)
  ( 19.41666667,   5.06552243)
  ( 19.50000000,   4.79828528)
  ( 19.58333333,   4.51955713)
  ( 19.66666667,   4.23004313)
  ( 19.75000000,   3.93032429)
  ( 19.83333333,   3.62107983)
  ( 19.91666667,   3.30307715)
  ( 20.00000000,   2.97703558)
  ( 20.08333333,   2.64370013)
  ( 20.16666667,   2.30382742)
  ( 20.25000000,   1.95816443)
  ( 20.33333333,   1.60752474)
  ( 20.41666667,   1.25276923)
  ( 20.50000000,   0.89466868)
  ( 20.58333333,   0.53411311)
  ( 20.66666667,   0.17189878)
  ( 20.75000000,  -0.19120584)
  ( 20.83333333,  -0.55431592)
  ( 20.91666667,  -0.91652206)
  ( 21.00000000,  -1.27697127)
  ( 21.08333333,  -1.63491009)
  ( 21.16666667,  -1.98948087)
  ( 21.25000000,  -2.33983391)
  ( 21.33333333,  -2.68518348)
  ( 21.41666667,  -3.02466850)
  ( 21.50000000,  -3.35750112)
  ( 21.58333333,  -3.68296440)
  ( 21.66666667,  -4.00018793)
  ( 21.75000000,  -4.30847791)
  ( 21.83333333,  -4.60712412)
  ( 21.91666667,  -4.89544872)
  ( 22.00000000,  -5.17265390)
  ( 22.08333333,  -5.43814506)
  ( 22.16666667,  -5.69130014)
  ( 22.25000000,  -5.93144562)
  ( 22.33333333,  -6.15804370)
  ( 22.41666667,  -6.37053313)
  ( 22.50000000,  -6.56846512)
  ( 22.58333333,  -6.75132976)
  ( 22.66666667,  -6.91869910)
  ( 22.75000000,  -7.07018399)
  ( 22.83333333,  -7.20538904)
  ( 22.91666667,  -7.32393487)
  ( 23.00000000,  -7.42559656)
  ( 23.08333333,  -7.50999336)
  ( 23.16666667,  -7.57700565)
  ( 23.25000000,  -7.62645084)
  ( 23.33333333,  -7.65814706)
  ( 23.41666667,  -7.67201344)
  ( 23.50000000,  -7.66814185)
  ( 23.58333333,  -7.64643265)
  ( 23.66666667,  -7.60682531)
  ( 23.75000000,  -7.54941663)
  ( 23.83333333,  -7.47431847)
  ( 23.91666667,  -7.38168558)
  ( 24.00000000,  -7.27178883)
  ( 24.08333333,  -7.14482864)
  ( 24.16666667,  -7.00110483)
  ( 24.25000000,  -6.84094413)
  ( 24.33333333,  -6.66463229)
  ( 24.41666667,  -6.47250477)
  ( 24.50000000,  -6.26513471)
  ( 24.58333333,  -6.04288598)
  ( 24.66666667,  -5.80626695)
  ( 24.75000000,  -5.55584788)
  ( 24.83333333,  -5.29218536)
  ( 24.91666667,  -5.01594782)
  ( 25.00000000,  -4.72765868)
  ( 25.08333333,  -4.42804200)
  ( 25.16666667,  -4.11775903)
  ( 25.25000000,  -3.79745729)
  ( 25.33333333,  -3.46788807)
  ( 25.41666667,  -3.12987424)
  ( 25.50000000,  -2.78420272)
  ( 25.58333333,  -2.43162406)
  ( 25.66666667,  -2.07292613)
  ( 25.75000000,  -1.70890642)
  ( 25.83333333,  -1.34046879)
  ( 25.91666667,  -0.96849497)
  ( 26.00000000,  -0.59374854)
  ( 26.08333333,  -0.21715687)
  ( 26.16666667,   0.16036529)
  ( 26.25000000,   0.53796404)
  ( 26.33333333,   0.91481087)
  ( 26.41666667,   1.28995545)
  ( 26.50000000,   1.66262977)
  ( 26.58333333,   2.03193821)
  ( 26.66666667,   2.39704725)
  ( 26.75000000,   2.75709563)
  ( 26.83333333,   3.11116806)
  ( 26.91666667,   3.45843216)
  ( 27.00000000,   3.79809610)
  ( 27.08333333,   4.12936953)
  ( 27.16666667,   4.45145519)
  ( 27.25000000,   4.76359463)
  ( 27.33333333,   5.06510060)
  ( 27.41666667,   5.35525870)
  ( 27.50000000,   5.63336931)
  ( 27.58333333,   5.89876952)
  ( 27.66666667,   6.15081423)
  ( 27.75000000,   6.38891465)
  ( 27.83333333,   6.61247875)
  ( 27.91666667,   6.82099592)
  ( 28.00000000,   7.01397963)
  ( 28.08333333,   7.19099320)
  ( 28.16666667,   7.35159635)
  ( 28.25000000,   7.49536576)
  ( 28.33333333,   7.62196919)
  ( 28.41666667,   7.73113542)
  ( 28.50000000,   7.82257365)
  ( 28.58333333,   7.89603972)
  ( 28.66666667,   7.95145792)
  ( 28.75000000,   7.98864846)
  ( 28.83333333,   8.00745733)
  ( 28.91666667,   8.00780513)
  ( 29.00000000,   7.98970887)
  ( 29.08333333,   7.95313538)
  ( 29.16666667,   7.89817581)
  ( 29.25000000,   7.82494030)
  ( 29.33333333,   7.73358776)
  ( 29.41666667,   7.62435392)
  ( 29.50000000,   7.49746536)
  ( 29.58333333,   7.35316571)
  ( 29.66666667,   7.19183617)
  ( 29.75000000,   7.01372879)
  ( 29.83333333,   6.81928921)
  ( 29.91666667,   6.60897945)
  ( 30.00000000,   6.38327615)
  ( 30.08333333,   6.14272067)
  ( 30.16666667,   5.88780741)
  ( 30.25000000,   5.61920066)
  ( 30.33333333,   5.33738079)
  ( 30.41666667,   5.04301466)
  ( 30.50000000,   4.73675704)
  ( 30.58333333,   4.41936327)
  ( 30.66666667,   4.09151446)
  ( 30.75000000,   3.75398346)
  ( 30.83333333,   3.40759060)
  ( 30.91666667,   3.05306873)
  ( 31.00000000,   2.69129387)
  ( 31.08333333,   2.32307903)
  ( 31.16666667,   1.94919850)
  ( 31.25000000,   1.57055606)
  ( 31.33333333,   1.18803599)
  ( 31.41666667,   0.80255989)
  ( 31.50000000,   0.41496448)
  ( 31.58333333,   0.02617590)
  ( 31.66666667,  -0.36293070)
  ( 31.75000000,  -0.75145426)
  ( 31.83333333,  -1.13842524)
  ( 31.91666667,  -1.52306995)
  ( 32.00000000,  -1.90445967)
  ( 32.08333333,  -2.28168431)
  ( 32.16666667,  -2.65381401)
  ( 32.25000000,  -3.02002434)
  ( 32.33333333,  -3.37938890)
  ( 32.41666667,  -3.73109758)
  ( 32.50000000,  -4.07438309)
  ( 32.58333333,  -4.40834595)
  ( 32.66666667,  -4.73223723)
  ( 32.75000000,  -5.04529936)
  ( 32.83333333,  -5.34682724)
  ( 32.91666667,  -5.63612280)
  ( 33.00000000,  -5.91247511)
  ( 33.08333333,  -6.17525987)
  ( 33.16666667,  -6.42382907)
  ( 33.25000000,  -6.65760779)
  ( 33.33333333,  -6.87601265)
  ( 33.41666667,  -7.07852862)
  ( 33.50000000,  -7.26459928)
  ( 33.58333333,  -7.43383602)
  ( 33.66666667,  -7.58579019)
  ( 33.75000000,  -7.72011359)
  ( 33.83333333,  -7.83655269)
  ( 33.91666667,  -7.93482086)
  ( 34.00000000,  -8.01460047)
  ( 34.08333333,  -8.07574412)
  ( 34.16666667,  -8.11807600)
  ( 34.25000000,  -8.14149907)
  ( 34.33333333,  -8.14591798)
  ( 34.41666667,  -8.13124483)
  ( 34.50000000,  -8.09752478)
  ( 34.58333333,  -8.04485592)
  ( 34.66666667,  -7.97338680)
  ( 34.75000000,  -7.88318641)
  ( 34.83333333,  -7.77453861)
  ( 34.91666667,  -7.64766705)
  ( 35.00000000,  -7.50282972)
  ( 35.08333333,  -7.34038810)
  ( 35.16666667,  -7.16071333)
  ( 35.25000000,  -6.96414039)
  ( 35.33333333,  -6.75112148)
  ( 35.41666667,  -6.52212888)
  ( 35.50000000,  -6.27774585)
  ( 35.58333333,  -6.01850128)
  ( 35.66666667,  -5.74505990)
  ( 35.75000000,  -5.45795446)
  ( 35.83333333,  -5.15786838)
  ( 35.91666667,  -4.84553820)
  ( 36.00000000,  -4.52162308)
  ( 36.08333333,  -4.18690639)
  ( 36.16666667,  -3.84216898)
  ( 36.25000000,  -3.48825900)
  ( 36.33333333,  -3.12592232)
  ( 36.41666667,  -2.75606196)
  ( 36.50000000,  -2.37948695)
  ( 36.58333333,  -1.99702986)
  ( 36.66666667,  -1.60961034)
  ( 36.75000000,  -1.21809471)
  ( 36.83333333,  -0.82347596)
  ( 36.91666667,  -0.42662601)
  ( 37.00000000,  -0.02847744)
  ( 37.08333333,   0.37001789)
  ( 37.16666667,   0.76798225)
  ( 37.25000000,   1.16445952)
  ( 37.33333333,   1.55853424)
  ( 37.41666667,   1.94936769)
  ( 37.50000000,   2.33596420)
  ( 37.58333333,   2.71735911)
  ( 37.66666667,   3.09274566)
  ( 37.75000000,   3.46125386)
  ( 37.83333333,   3.82200121)
  ( 37.91666667,   4.17414987)
  ( 38.00000000,   4.51690404)
  ( 38.08333333,   4.84946080)
  ( 38.16666667,   5.17106346)
  ( 38.25000000,   5.48097843)
  ( 38.33333333,   5.77840852)
  ( 38.41666667,   6.06265327)
  ( 38.50000000,   6.33306864)
  ( 38.58333333,   6.58900219)
  ( 38.66666667,   6.82988153)
  ( 38.75000000,   7.05513078)
  ( 38.83333333,   7.26424994)
  ( 38.91666667,   7.45673519)
  ( 39.00000000,   7.63212780)
  ( 39.08333333,   7.78998169)
  ( 39.16666667,   7.92988267)
  ( 39.25000000,   8.05152998)
  ( 39.33333333,   8.15466704)
  ( 39.41666667,   8.23903632)
  ( 39.50000000,   8.30442745)
  ( 39.58333333,   8.35064686)
  ( 39.66666667,   8.37761878)
  ( 39.75000000,   8.38526760)
  ( 39.83333333,   8.37355664)
  ( 39.91666667,   8.34239331)
  ( 40.00000000,   8.29194884)
  ( 40.08333333,   8.22241547)
  ( 40.16666667,   8.13386228)
  ( 40.25000000,   8.02641234)
  ( 40.33333333,   7.90037925)
  ( 40.41666667,   7.75603556)
  ( 40.50000000,   7.59371249)
  ( 40.58333333,   7.41378084)
  ( 40.66666667,   7.21661654)
  ( 40.75000000,   7.00266078)
  ( 40.83333333,   6.77248574)
  ( 40.91666667,   6.52660116)
  ( 41.00000000,   6.26552468)
  ( 41.08333333,   5.98985801)
  ( 41.16666667,   5.70023694)
  ( 41.25000000,   5.39736656)
  ( 41.33333333,   5.08187861)
  ( 41.41666667,   4.75449542)
  ( 41.50000000,   4.41597893)
  ( 41.58333333,   4.06712905)
  ( 41.66666667,   3.70880869)
  ( 41.75000000,   3.34178337)
  ( 41.83333333,   2.96694962)
  ( 41.91666667,   2.58508767)
  ( 42.00000000,   2.19716623)
  ( 42.08333333,   1.80402386)
  ( 42.16666667,   1.40664455)
  ( 42.25000000,   1.00592577)
  ( 42.33333333,   0.60278932)
  ( 42.41666667,   0.19814057)
  ( 42.50000000,  -0.20709793)
  ( 42.58333333,  -0.61199826)
  ( 42.66666667,  -1.01559443)
  ( 42.75000000,  -1.41692565)
  ( 42.83333333,  -1.81500868)
  ( 42.91666667,  -2.20896403)
  ( 43.00000000,  -2.59784974)
  ( 43.08333333,  -2.98075671)
  ( 43.16666667,  -3.35681014)
  ( 43.25000000,  -3.72522703)
  ( 43.33333333,  -4.08509240)
  ( 43.41666667,  -4.43552802)
  ( 43.50000000,  -4.77571642)
  ( 43.58333333,  -5.10487541)
  ( 43.66666667,  -5.42226352)
  ( 43.75000000,  -5.72718087)
  ( 43.83333333,  -6.01883092)
  ( 43.91666667,  -6.29656688)
  ( 44.00000000,  -6.55973506)
  ( 44.08333333,  -6.80773032)
  ( 44.16666667,  -7.03991720)
  ( 44.25000000,  -7.25580104)
  ( 44.33333333,  -7.45487623)
  ( 44.41666667,  -7.63670830)
  ( 44.50000000,  -7.80088462)
  ( 44.58333333,  -7.94698645)
  ( 44.66666667,  -8.07462389)
  ( 44.75000000,  -8.18356791)
  ( 44.83333333,  -8.27355774)
  ( 44.91666667,  -8.34436716)
  ( 45.00000000,  -8.39576886)
  ( 45.08333333,  -8.42762202)
  ( 45.16666667,  -8.43988601)
  ( 45.25000000,  -8.43258950)
  ( 45.33333333,  -8.40575612)
  ( 45.41666667,  -8.35935669)
  ( 45.50000000,  -8.29350628)
  ( 45.58333333,  -8.20839852)
  ( 45.66666667,  -8.10421009)
  ( 45.75000000,  -7.98120994)
  ( 45.83333333,  -7.83967539)
  ( 45.91666667,  -7.67994005)
  ( 46.00000000,  -7.50234151)
  ( 46.08333333,  -7.30730746)
  ( 46.16666667,  -7.09528052)
  ( 46.25000000,  -6.86680571)
  ( 46.33333333,  -6.62236856)
  ( 46.41666667,  -6.36251836)
  ( 46.50000000,  -6.08780856)
  ( 46.58333333,  -5.79895863)
  ( 46.66666667,  -5.49669075)
  ( 46.75000000,  -5.18168423)
  ( 46.83333333,  -4.85457194)
  ( 46.91666667,  -4.51616640)
  ( 47.00000000,  -4.16727438)
  ( 47.08333333,  -3.80870462)
  ( 47.16666667,  -3.44125883)
  ( 47.25000000,  -3.06576156)
  ( 47.33333333,  -2.68307177)
  ( 47.41666667,  -2.29408438)
  ( 47.50000000,  -1.89967974)
  ( 47.58333333,  -1.50079400)
  ( 47.66666667,  -1.09838690)
  ( 47.75000000,  -0.69336063)
  ( 47.83333333,  -0.28665634)
  ( 47.91666667,   0.12075460)
  ( 48.00000000,   0.52797460)
  ( 48.08333333,   0.93405337)
  ( 48.16666667,   1.33807304)
  ( 48.25000000,   1.73905408)
  ( 48.33333333,   2.13611595)
  ( 48.41666667,   2.52834878)
  ( 48.50000000,   2.91488256)
  ( 48.58333333,   3.29474175)
  ( 48.66666667,   3.66711954)
  ( 48.75000000,   4.03116370)
  ( 48.83333333,   4.38596549)
  ( 48.91666667,   4.73069424)
  ( 49.00000000,   5.06456043)
  ( 49.08333333,   5.38683981)
  ( 49.16666667,   5.69674485)
  ( 49.25000000,   5.99364550)
  ( 49.33333333,   6.27678209)
  ( 49.41666667,   6.54564889)
  ( 49.50000000,   6.79953860)
  ( 49.58333333,   7.03784193)
  ( 49.66666667,   7.25997699)
  ( 49.75000000,   7.46545569)
  ( 49.83333333,   7.65379931)
  ( 49.91666667,   7.82460279)
  ( 50.00000000,   7.97739965)
  ( 50.08333333,   8.11192344)
  ( 50.16666667,   8.22788130)
  ( 50.25000000,   8.32500430)
  ( 50.33333333,   8.40300247)
  ( 50.41666667,   8.46165945)
  ( 50.50000000,   8.50089323)
  ( 50.58333333,   8.52057169)
  ( 50.66666667,   8.52069129)
  ( 50.75000000,   8.50124424)
  ( 50.83333333,   8.46227600)
  ( 50.91666667,   8.40384136)
  ( 51.00000000,   8.32609532)
  ( 51.08333333,   8.22920218)
  ( 51.16666667,   8.11342485)
  ( 51.25000000,   7.97899427)
  ( 51.33333333,   7.82620258)
  ( 51.41666667,   7.65537343)
  ( 51.50000000,   7.46694361)
  ( 51.58333333,   7.26132791)
  ( 51.66666667,   7.03899701)
  ( 51.75000000,   6.80048425)
  ( 51.83333333,   6.54630297)
  ( 51.91666667,   6.27703146)
  ( 52.00000000,   5.99330725)
  ( 52.08333333,   5.69580915)
  ( 52.16666667,   5.38520322)
  ( 52.25000000,   5.06219673)
  ( 52.33333333,   4.72751498)
  ( 52.41666667,   4.38198087)
  ( 52.50000000,   4.02638252)
  ( 52.58333333,   3.66148446)
  ( 52.66666667,   3.28811852)
  ( 52.75000000,   2.90716297)
  ( 52.83333333,   2.51950087)
  ( 52.91666667,   2.12601293)
  ( 53.00000000,   1.72765128)
  ( 53.08333333,   1.32530988)
  ( 53.16666667,   0.91993854)
  ( 53.25000000,   0.51239607)
  ( 53.33333333,   0.10370854)
  ( 53.41666667,  -0.30518507)
  ( 53.50000000,  -0.71337300)
  ( 53.58333333,  -1.11989139)
  ( 53.66666667,  -1.52379433)
  ( 53.75000000,  -1.92416247)
  ( 53.83333333,  -2.32005432)
  ( 53.91666667,  -2.71059867)
  ( 54.00000000,  -3.09490090)
  ( 54.08333333,  -3.47207785)
  ( 54.16666667,  -3.84123562)
  ( 54.25000000,  -4.20156502)
  ( 54.33333333,  -4.55225145)
  ( 54.41666667,  -4.89246672)
  ( 54.50000000,  -5.22136271)
  ( 54.58333333,  -5.53817050)
  ( 54.66666667,  -5.84221966)
  ( 54.75000000,  -6.13279870)
  ( 54.83333333,  -6.40924856)
  ( 54.91666667,  -6.67093283)
  ( 55.00000000,  -6.91721940)
  ( 55.08333333,  -7.14756862)
  ( 55.16666667,  -7.36149089)
  ( 55.25000000,  -7.55835634)
  ( 55.33333333,  -7.73777688)
  ( 55.41666667,  -7.89937595)
  ( 55.50000000,  -8.04277047)
  ( 55.58333333,  -8.16768516)
  ( 55.66666667,  -8.27383623)
  ( 55.75000000,  -8.36090740)
  ( 55.83333333,  -8.42863665)
  ( 55.91666667,  -8.47701978)
  ( 56.00000000,  -8.50589877)
  ( 56.08333333,  -8.51519349)
  ( 56.16666667,  -8.50489294)
  ( 56.25000000,  -8.47497000)
  ( 56.33333333,  -8.42551371)
  ( 56.41666667,  -8.35671201)
  ( 56.50000000,  -8.26862730)
  ( 56.58333333,  -8.16152426)
  ( 56.66666667,  -8.03564139)
  ( 56.75000000,  -7.89127757)
  ( 56.83333333,  -7.72879127)
  ( 56.91666667,  -7.54861431)
  ( 57.00000000,  -7.35112627)
  ( 57.08333333,  -7.13674563)
  ( 57.16666667,  -6.90592159)
  ( 57.25000000,  -6.65924176)
  ( 57.33333333,  -6.39725466)
  ( 57.41666667,  -6.12056015)
  ( 57.50000000,  -5.82982825)
  ( 57.58333333,  -5.52569727)
  ( 57.66666667,  -5.20891210)
  ( 57.75000000,  -4.88022339)
  ( 57.83333333,  -4.54034511)
  ( 57.91666667,  -4.19002161)
  ( 58.00000000,  -3.83011982)
  ( 58.08333333,  -3.46141713)
  ( 58.16666667,  -3.08481210)
  ( 58.25000000,  -2.70117031)
  ( 58.33333333,  -2.31135338)
  ( 58.41666667,  -1.91620037)
  ( 58.50000000,  -1.51664559)
  ( 58.58333333,  -1.11361643)
  ( 58.66666667,  -0.70806670)
  ( 58.75000000,  -0.30096210)
  ( 58.83333333,   0.10683702)
  ( 58.91666667,   0.51442268)
  ( 59.00000000,   0.92089420)
  ( 59.08333333,   1.32528320)
  ( 59.16666667,   1.72663213)
  ( 59.25000000,   2.12404273)
  ( 59.33333333,   2.51656552)
  ( 59.41666667,   2.90328624)
  ( 59.50000000,   3.28342092)
  ( 59.58333333,   3.65598241)
  ( 59.66666667,   4.02014194)
  ( 59.75000000,   4.37506450)
  ( 59.83333333,   4.71997824)
  ( 59.91666667,   5.05406646)
  ( 60.00000000,   5.37661874)
  ( 60.08333333,   5.68685886)
  ( 60.16666667,   5.98407612)
  ( 60.25000000,   6.26761009)
  ( 60.33333333,   6.53673977)
  ( 60.41666667,   6.79086007)
  ( 60.50000000,   7.02941860)
  ( 60.58333333,   7.25188071)
  ( 60.66666667,   7.45772797)
  ( 60.75000000,   7.64645351)
  ( 60.83333333,   7.81767862)
  ( 60.91666667,   7.97097416)
  ( 61.00000000,   8.10594556)
  ( 61.08333333,   8.22228035)
  ( 61.16666667,   8.31974209)
  ( 61.25000000,   8.39806208)
  ( 61.33333333,   8.45709724)
  ( 61.41666667,   8.49674520)
  ( 61.50000000,   8.51689627)
  ( 61.58333333,   8.51751541)
  ( 61.66666667,   8.49866172)
  ( 61.75000000,   8.46026491)
  ( 61.83333333,   8.40244350)
  ( 61.91666667,   8.32538280)
  ( 62.00000000,   8.22917024)
  ( 62.08333333,   8.11404495)
  ( 62.16666667,   7.98025938)
  ( 62.25000000,   7.82812368)
  ( 62.33333333,   7.65798618)
  ( 62.41666667,   7.47029614)
  ( 62.50000000,   7.26548763)
  ( 62.58333333,   7.04398598)
  ( 62.66666667,   6.80638828)
  ( 62.75000000,   6.55314104)
  ( 62.83333333,   6.28483879)
  ( 62.91666667,   6.00211380)
  ( 63.00000000,   5.70554180)
  ( 63.08333333,   5.39589273)
  ( 63.16666667,   5.07384122)
  ( 63.25000000,   4.74016016)
  ( 63.33333333,   4.39554617)
  ( 63.41666667,   4.04080177)
  ( 63.50000000,   3.67675976)
  ( 63.58333333,   3.30431655)
  ( 63.66666667,   2.92428377)
  ( 63.75000000,   2.53753294)
  ( 63.83333333,   2.14496371)
  ( 63.91666667,   1.74744167)
  ( 64.00000000,   1.34585224)
  ( 64.08333333,   0.94118160)
  ( 64.16666667,   0.53431773)
  ( 64.25000000,   0.12621115)
  ( 64.33333333,  -0.28219380)
  ( 64.41666667,  -0.68998009)
  ( 64.50000000,  -1.09620027)
  ( 64.58333333,  -1.49986420)
  ( 64.66666667,  -1.90010836)
  ( 64.75000000,  -2.29601253)
  ( 64.83333333,  -2.68668507)
  ( 64.91666667,  -3.07119733)
  ( 65.00000000,  -3.44865099)
  ( 65.08333333,  -3.81823518)
  ( 65.16666667,  -4.17909514)
  ( 65.25000000,  -4.53031777)
  ( 65.33333333,  -4.87111651)
  ( 65.41666667,  -5.20073112)
  ( 65.50000000,  -5.51845515)
  ( 65.58333333,  -5.82358924)
  ( 65.66666667,  -6.11542642)
  ( 65.75000000,  -6.39328006)
  ( 65.83333333,  -6.65644252)
  ( 65.91666667,  -6.90427925)
  ( 66.00000000,  -7.13624206)
  ( 66.08333333,  -7.35183833)
  ( 66.16666667,  -7.55057187)
  ( 66.25000000,  -7.73201759)
  ( 66.33333333,  -7.89575866)
  ( 66.41666667,  -8.04141540)
  ( 66.50000000,  -8.16865542)
  ( 66.58333333,  -8.27714295)
  ( 66.66666667,  -8.36663673)
  ( 66.75000000,  -8.43692420)
  ( 66.83333333,  -8.48783217)
  ( 66.91666667,  -8.51930127)
  ( 67.00000000,  -8.53121404)
  ( 67.08333333,  -8.52356688)
  ( 67.16666667,  -8.49635388)
  ( 67.25000000,  -8.44968096)
  ( 67.33333333,  -8.38364235)
  ( 67.41666667,  -8.29844630)
  ( 67.50000000,  -8.19424658)
  ( 67.58333333,  -8.07120440)
  ( 67.66666667,  -7.92962899)
  ( 67.75000000,  -7.76987892)
  ( 67.83333333,  -7.59228999)
  ( 67.91666667,  -7.39736091)
  ( 68.00000000,  -7.18542085)
  ( 68.08333333,  -6.95702421)
  ( 68.16666667,  -6.71272341)
  ( 68.25000000,  -6.45306061)
  ( 68.33333333,  -6.17863299)
  ( 68.41666667,  -5.89012665)
  ( 68.50000000,  -5.58808674)
  ( 68.58333333,  -5.27327774)
  ( 68.66666667,  -4.94642781)
  ( 68.75000000,  -4.60826490)
  ( 68.83333333,  -4.25950778)
  ( 68.91666667,  -3.90099097)
  ( 69.00000000,  -3.53358617)
  ( 69.08333333,  -3.15812598)
  ( 69.16666667,  -2.77549196)
  ( 69.25000000,  -2.38646641)
  ( 69.33333333,  -1.99202593)
  ( 69.41666667,  -1.59313090)
  ( 69.50000000,  -1.19066829)
  ( 69.58333333,  -0.78550750)
  ( 69.66666667,  -0.37856833)
  ( 69.75000000,   0.02920610)
  ( 69.83333333,   0.43687012)
  ( 69.91666667,   0.84350741)
  ( 70.00000000,   1.24816510)
  ( 70.08333333,   1.64988492)
  ( 70.16666667,   2.04777889)
  ( 70.25000000,   2.44095235)
  ( 70.33333333,   2.82852342)
  ( 70.41666667,   3.20958537)
  ( 70.50000000,   3.58330483)
  ( 70.58333333,   3.94883799)
  ( 70.66666667,   4.30523730)
  ( 70.75000000,   4.65170502)
  ( 70.83333333,   4.98738370)
  ( 70.91666667,   5.31161556)
  ( 71.00000000,   5.62367256)
  ( 71.08333333,   5.92276205)
  ( 71.16666667,   6.20827143)
  ( 71.25000000,   6.47954320)
  ( 71.33333333,   6.73600625)
  ( 71.41666667,   6.97702016)
  ( 71.50000000,   7.20193893)
  ( 71.58333333,   7.41037846)
  ( 71.66666667,   7.60175661)
  ( 71.75000000,   7.77563852)
  ( 71.83333333,   7.93162386)
  ( 71.91666667,   8.06946834)
  ( 72.00000000,   8.18884560)
  ( 72.08333333,   8.28942528)
  ( 72.16666667,   8.37102161)
  ( 72.25000000,   8.43338782)
  ( 72.33333333,   8.47642204)
  ( 72.41666667,   8.50000620)
  ( 72.50000000,   8.50407229)
  ( 72.58333333,   8.48864399)
  ( 72.66666667,   8.45374879)
  ( 72.75000000,   8.39944518)
  ( 72.83333333,   8.32588949)
  ( 72.91666667,   8.23328131)
  ( 73.00000000,   8.12177818)
  ( 73.08333333,   7.99166602)
  ( 73.16666667,   7.84322033)
  ( 73.25000000,   7.67681803)
  ( 73.33333333,   7.49278933)
  ( 73.41666667,   7.29156856)
  ( 73.50000000,   7.07363290)
  ( 73.58333333,   6.83946615)
  ( 73.66666667,   6.58965291)
  ( 73.75000000,   6.32469593)
  ( 73.83333333,   6.04530439)
  ( 73.91666667,   5.75206117)
  ( 74.00000000,   5.44563883)
  ( 74.08333333,   5.12671106)
  ( 74.16666667,   4.79597233)
  ( 74.25000000,   4.45422313)
  ( 74.33333333,   4.10225893)
  ( 74.41666667,   3.74086632)
  ( 74.50000000,   3.37079320)
  ( 74.58333333,   2.99296918)
  ( 74.66666667,   2.60830417)
  ( 74.75000000,   2.21769463)
  ( 74.83333333,   1.82201107)
  ( 74.91666667,   1.42214503)
  ( 75.00000000,   1.01898413)
  ( 75.08333333,   0.61348444)
  ( 75.16666667,   0.20653989)
  ( 75.25000000,  -0.20088889)
  ( 75.33333333,  -0.60792164)
  ( 75.41666667,  -1.01364309)
  ( 75.50000000,  -1.41711600)
  ( 75.58333333,  -1.81740925)
  ( 75.66666667,  -2.21353997)
  ( 75.75000000,  -2.60457078)
  ( 75.83333333,  -2.98971920)
  ( 75.91666667,  -3.36801414)
  ( 76.00000000,  -3.73859044)
  ( 76.08333333,  -4.10060037)
  ( 76.16666667,  -4.45330282)
  ( 76.25000000,  -4.79583588)
  ( 76.33333333,  -5.12746956)
  ( 76.41666667,  -5.44741398)
  ( 76.50000000,  -5.75487251)
  ( 76.58333333,  -6.04914746)
  ( 76.66666667,  -6.32960726)
  ( 76.75000000,  -6.59560705)
  ( 76.83333333,  -6.84652754)
  ( 76.91666667,  -7.08179446)
  ( 77.00000000,  -7.30084280)
  ( 77.08333333,  -7.50323492)
  ( 77.16666667,  -7.68855185)
  ( 77.25000000,  -7.85626114)
  ( 77.33333333,  -8.00595409)
  ( 77.41666667,  -8.13734607)
  ( 77.50000000,  -8.25010331)
  ( 77.58333333,  -8.34392876)
  ( 77.66666667,  -8.41873186)
  ( 77.75000000,  -8.47432068)
  ( 77.83333333,  -8.51050046)
  ( 77.91666667,  -8.52732052)
  ( 78.00000000,  -8.52469452)
  ( 78.08333333,  -8.50259955)
  ( 78.16666667,  -8.46102279)
  ( 78.25000000,  -8.40012687)
  ( 78.33333333,  -8.32004017)
  ( 78.41666667,  -8.22089846)
  ( 78.50000000,  -8.10289898)
  ( 78.58333333,  -7.96642586)
  ( 78.66666667,  -7.81172797)
  ( 78.75000000,  -7.63916587)
  ( 78.83333333,  -7.44920240)
  ( 78.91666667,  -7.24225551)
  ( 79.00000000,  -7.01878562)
  ( 79.08333333,  -6.77929164)
  ( 79.16666667,  -6.52430684)
  ( 79.25000000,  -6.25442521)
  ( 79.33333333,  -5.97036056)
  ( 79.41666667,  -5.67264652)
  ( 79.50000000,  -5.36195498)
  ( 79.58333333,  -5.03905630)
  ( 79.66666667,  -4.70468593)
  ( 79.75000000,  -4.35963648)
  ( 79.83333333,  -4.00475692)
  ( 79.91666667,  -3.64073698)
  ( 80.00000000,  -3.26844854)
  ( 80.08333333,  -2.88882670)
  ( 80.16666667,  -2.50271345)
  ( 80.25000000,  -2.11095348)
  ( 80.33333333,  -1.71440628)
  ( 80.41666667,  -1.31404136)
  ( 80.50000000,  -0.91079239)
  ( 80.58333333,  -0.50559430)
  ( 80.66666667,  -0.09933107)
  ( 80.75000000,   0.30706905)
  ( 80.83333333,   0.71263073)
  ( 80.91666667,   1.11642840)
  ( 81.00000000,   1.51754474)
  ( 81.08333333,   1.91504689)
  ( 81.16666667,   2.30806337)
  ( 81.25000000,   2.69570709)
  ( 81.33333333,   3.07708974)
  ( 81.41666667,   3.45134944)
  ( 81.50000000,   3.81760609)
  ( 81.58333333,   4.17507984)
  ( 81.66666667,   4.52292476)
  ( 81.75000000,   4.86034260)
  ( 81.83333333,   5.18649590)
  ( 81.91666667,   5.50069006)
  ( 82.00000000,   5.80222320)
  ( 82.08333333,   6.09044044)
  ( 82.16666667,   6.36464773)
  ( 82.25000000,   6.62412634)
  ( 82.33333333,   6.86834482)
  ( 82.41666667,   7.09673404)
  ( 82.50000000,   7.30882950)
  ( 82.58333333,   7.50415358)
  ( 82.66666667,   7.68228399)
  ( 82.75000000,   7.84281214)
  ( 82.83333333,   7.98532797)
  ( 82.91666667,   8.10950670)
  ( 83.00000000,   8.21504433)
  ( 83.08333333,   8.30173630)
  ( 83.16666667,   8.36929922)
  ( 83.25000000,   8.41763908)
  ( 83.33333333,   8.44666780)
  ( 83.41666667,   8.45635540)
  ( 83.50000000,   8.44666780)
  ( 83.58333333,   8.41763908)
  ( 83.66666667,   8.36929922)
  ( 83.75000000,   8.30173630)
  ( 83.83333333,   8.21504433)
  ( 83.91666667,   8.10950670)
  ( 84.00000000,   7.98532797)
  ( 84.08333333,   7.84281214)
  ( 84.16666667,   7.68228399)
  ( 84.25000000,   7.50415358)
  ( 84.33333333,   7.30882950)
  ( 84.41666667,   7.09673404)
  ( 84.50000000,   6.86834482)
  ( 84.58333333,   6.62412634)
  ( 84.66666667,   6.36464773)
  ( 84.75000000,   6.09044044)
  ( 84.83333333,   5.80222320)
  ( 84.91666667,   5.50069006)
  ( 85.00000000,   5.18649590)
  ( 85.08333333,   4.86034260)
  ( 85.16666667,   4.52292476)
  ( 85.25000000,   4.17507984)
  ( 85.33333333,   3.81760609)
  ( 85.41666667,   3.45134944)
  ( 85.50000000,   3.07708974)
  ( 85.58333333,   2.69570709)
  ( 85.66666667,   2.30806337)
  ( 85.75000000,   1.91504689)
  ( 85.83333333,   1.51754474)
  ( 85.91666667,   1.11642840)
  ( 86.00000000,   0.71263073)
  ( 86.08333333,   0.30706905)
  ( 86.16666667,  -0.09933107)
  ( 86.25000000,  -0.50559430)
  ( 86.33333333,  -0.91079239)
  ( 86.41666667,  -1.31404136)
  ( 86.50000000,  -1.71440628)
  ( 86.58333333,  -2.11095348)
  ( 86.66666667,  -2.50271345)
  ( 86.75000000,  -2.88882670)
  ( 86.83333333,  -3.26844854)
  ( 86.91666667,  -3.64073698)
  ( 87.00000000,  -4.00475692)
  ( 87.08333333,  -4.35963648)
  ( 87.16666667,  -4.70468593)
  ( 87.25000000,  -5.03905630)
  ( 87.33333333,  -5.36195498)
  ( 87.41666667,  -5.67264652)
  ( 87.50000000,  -5.97036056)
  ( 87.58333333,  -6.25442521)
  ( 87.66666667,  -6.52430684)
  ( 87.75000000,  -6.77929164)
  ( 87.83333333,  -7.01878562)
  ( 87.91666667,  -7.24225551)
  ( 88.00000000,  -7.44920240)
  ( 88.08333333,  -7.63916587)
  ( 88.16666667,  -7.81172797)
  ( 88.25000000,  -7.96642586)
  ( 88.33333333,  -8.10289898)
  ( 88.41666667,  -8.22089846)
  ( 88.50000000,  -8.32004017)
  ( 88.58333333,  -8.40012687)
  ( 88.66666667,  -8.46102279)
  ( 88.75000000,  -8.50259955)
  ( 88.83333333,  -8.52469452)
  ( 88.91666667,  -8.52732052)
  ( 89.00000000,  -8.51050046)
  ( 89.08333333,  -8.47432068)
  ( 89.16666667,  -8.41873186)
  ( 89.25000000,  -8.34392876)
  ( 89.33333333,  -8.25010331)
  ( 89.41666667,  -8.13734607)
  ( 89.50000000,  -8.00595409)
  ( 89.58333333,  -7.85626114)
  ( 89.66666667,  -7.68855185)
  ( 89.75000000,  -7.50323492)
  ( 89.83333333,  -7.30084280)
  ( 89.91666667,  -7.08179446)
  ( 90.00000000,  -6.84652754)
  ( 90.08333333,  -6.59560705)
  ( 90.16666667,  -6.32960726)
  ( 90.25000000,  -6.04914746)
  ( 90.33333333,  -5.75487251)
  ( 90.41666667,  -5.44741398)
  ( 90.50000000,  -5.12746956)
  ( 90.58333333,  -4.79583588)
  ( 90.66666667,  -4.45330282)
  ( 90.75000000,  -4.10060037)
  ( 90.83333333,  -3.73859044)
  ( 90.91666667,  -3.36801414)
  ( 91.00000000,  -2.98971920)
  ( 91.08333333,  -2.60457078)
  ( 91.16666667,  -2.21353997)
  ( 91.25000000,  -1.81740925)
  ( 91.33333333,  -1.41711600)
  ( 91.41666667,  -1.01364309)
  ( 91.50000000,  -0.60792164)
  ( 91.58333333,  -0.20088889)
  ( 91.66666667,   0.20653989)
  ( 91.75000000,   0.61348444)
  ( 91.83333333,   1.01898413)
  ( 91.91666667,   1.42214503)
  ( 92.00000000,   1.82201107)
  ( 92.08333333,   2.21769463)
  ( 92.16666667,   2.60830417)
  ( 92.25000000,   2.99296918)
  ( 92.33333333,   3.37079320)
  ( 92.41666667,   3.74086632)
  ( 92.50000000,   4.10225893)
  ( 92.58333333,   4.45422313)
  ( 92.66666667,   4.79597233)
  ( 92.75000000,   5.12671106)
  ( 92.83333333,   5.44563883)
  ( 92.91666667,   5.75206117)
  ( 93.00000000,   6.04530439)
  ( 93.08333333,   6.32469593)
  ( 93.16666667,   6.58965291)
  ( 93.25000000,   6.83946615)
  ( 93.33333333,   7.07363290)
  ( 93.41666667,   7.29156856)
  ( 93.50000000,   7.49278933)
  ( 93.58333333,   7.67681803)
  ( 93.66666667,   7.84322033)
  ( 93.75000000,   7.99166602)
  ( 93.83333333,   8.12177818)
  ( 93.91666667,   8.23328131)
  ( 94.00000000,   8.32588949)
  ( 94.08333333,   8.39944518)
  ( 94.16666667,   8.45374879)
  ( 94.25000000,   8.48864399)
  ( 94.33333333,   8.50407229)
  ( 94.41666667,   8.50000620)
  ( 94.50000000,   8.47642204)
  ( 94.58333333,   8.43338782)
  ( 94.66666667,   8.37102161)
  ( 94.75000000,   8.28942528)
  ( 94.83333333,   8.18884560)
  ( 94.91666667,   8.06946834)
  ( 95.00000000,   7.93162386)
  ( 95.08333333,   7.77563852)
  ( 95.16666667,   7.60175661)
  ( 95.25000000,   7.41037846)
  ( 95.33333333,   7.20193893)
  ( 95.41666667,   6.97702016)
  ( 95.50000000,   6.73600625)
  ( 95.58333333,   6.47954320)
  ( 95.66666667,   6.20827143)
  ( 95.75000000,   5.92276205)
  ( 95.83333333,   5.62367256)
  ( 95.91666667,   5.31161556)
  ( 96.00000000,   4.98738370)
  ( 96.08333333,   4.65170502)
  ( 96.16666667,   4.30523730)
  ( 96.25000000,   3.94883799)
  ( 96.33333333,   3.58330483)
  ( 96.41666667,   3.20958537)
  ( 96.50000000,   2.82852342)
  ( 96.58333333,   2.44095235)
  ( 96.66666667,   2.04777889)
  ( 96.75000000,   1.64988492)
  ( 96.83333333,   1.24816510)
  ( 96.91666667,   0.84350741)
  ( 97.00000000,   0.43687012)
  ( 97.08333333,   0.02920610)
  ( 97.16666667,  -0.37856833)
  ( 97.25000000,  -0.78550750)
  ( 97.33333333,  -1.19066829)
  ( 97.41666667,  -1.59313090)
  ( 97.50000000,  -1.99202593)
  ( 97.58333333,  -2.38646641)
  ( 97.66666667,  -2.77549196)
  ( 97.75000000,  -3.15812598)
  ( 97.83333333,  -3.53358617)
  ( 97.91666667,  -3.90099097)
  ( 98.00000000,  -4.25950778)
  ( 98.08333333,  -4.60826490)
  ( 98.16666667,  -4.94642781)
  ( 98.25000000,  -5.27327774)
  ( 98.33333333,  -5.58808674)
  ( 98.41666667,  -5.89012665)
  ( 98.50000000,  -6.17863299)
  ( 98.58333333,  -6.45306061)
  ( 98.66666667,  -6.71272341)
  ( 98.75000000,  -6.95702421)
  ( 98.83333333,  -7.18542085)
  ( 98.91666667,  -7.39736091)
  ( 99.00000000,  -7.59228999)
  ( 99.08333333,  -7.76987892)
  ( 99.16666667,  -7.92962899)
  ( 99.25000000,  -8.07120440)
  ( 99.33333333,  -8.19424658)
  ( 99.41666667,  -8.29844630)
  ( 99.50000000,  -8.38364235)
  ( 99.58333333,  -8.44968096)
  ( 99.66666667,  -8.49635388)
  ( 99.75000000,  -8.52356688)
  ( 99.83333333,  -8.53121404)
  ( 99.91666667,  -8.51930127)
  (100.00000000,  -8.48783217)
  (100.08333333,  -8.43692420)
  (100.16666667,  -8.36663673)
  (100.25000000,  -8.27714295)
  (100.33333333,  -8.16865542)
  (100.41666667,  -8.04141540)
  (100.50000000,  -7.89575866)
  (100.58333333,  -7.73201759)
  (100.66666667,  -7.55057187)
  (100.75000000,  -7.35183833)
  (100.83333333,  -7.13624206)
  (100.91666667,  -6.90427925)
  (101.00000000,  -6.65644252)
  (101.08333333,  -6.39328006)
  (101.16666667,  -6.11542642)
  (101.25000000,  -5.82358924)
  (101.33333333,  -5.51845515)
  (101.41666667,  -5.20073112)
  (101.50000000,  -4.87111651)
  (101.58333333,  -4.53031777)
  (101.66666667,  -4.17909514)
  (101.75000000,  -3.81823518)
  (101.83333333,  -3.44865099)
  (101.91666667,  -3.07119733)
  (102.00000000,  -2.68668507)
  (102.08333333,  -2.29601253)
  (102.16666667,  -1.90010836)
  (102.25000000,  -1.49986420)
  (102.33333333,  -1.09620027)
  (102.41666667,  -0.68998009)
  (102.50000000,  -0.28219380)
  (102.58333333,   0.12621115)
  (102.66666667,   0.53431773)
  (102.75000000,   0.94118160)
  (102.83333333,   1.34585224)
  (102.91666667,   1.74744167)
  (103.00000000,   2.14496371)
  (103.08333333,   2.53753294)
  (103.16666667,   2.92428377)
  (103.25000000,   3.30431655)
  (103.33333333,   3.67675976)
  (103.41666667,   4.04080177)
  (103.50000000,   4.39554617)
  (103.58333333,   4.74016016)
  (103.66666667,   5.07384122)
  (103.75000000,   5.39589273)
  (103.83333333,   5.70554180)
  (103.91666667,   6.00211380)
  (104.00000000,   6.28483879)
  (104.08333333,   6.55314104)
  (104.16666667,   6.80638828)
  (104.25000000,   7.04398598)
  (104.33333333,   7.26548763)
  (104.41666667,   7.47029614)
  (104.50000000,   7.65798618)
  (104.58333333,   7.82812368)
  (104.66666667,   7.98025938)
  (104.75000000,   8.11404495)
  (104.83333333,   8.22917024)
  (104.91666667,   8.32538280)
  (105.00000000,   8.40244350)
  (105.08333333,   8.46026491)
  (105.16666667,   8.49866172)
  (105.25000000,   8.51751541)
  (105.33333333,   8.51689627)
  (105.41666667,   8.49674520)
  (105.50000000,   8.45709724)
  (105.58333333,   8.39806208)
  (105.66666667,   8.31974209)
  (105.75000000,   8.22228035)
  (105.83333333,   8.10594556)
  (105.91666667,   7.97097416)
  (106.00000000,   7.81767862)
  (106.08333333,   7.64645351)
  (106.16666667,   7.45772797)
  (106.25000000,   7.25188071)
  (106.33333333,   7.02941860)
  (106.41666667,   6.79086007)
  (106.50000000,   6.53673977)
  (106.58333333,   6.26761009)
  (106.66666667,   5.98407612)
  (106.75000000,   5.68685886)
  (106.83333333,   5.37661874)
  (106.91666667,   5.05406646)
  (107.00000000,   4.71997824)
  (107.08333333,   4.37506450)
  (107.16666667,   4.02014194)
  (107.25000000,   3.65598241)
  (107.33333333,   3.28342092)
  (107.41666667,   2.90328624)
  (107.50000000,   2.51656552)
  (107.58333333,   2.12404273)
  (107.66666667,   1.72663213)
  (107.75000000,   1.32528320)
  (107.83333333,   0.92089420)
  (107.91666667,   0.51442268)
  (108.00000000,   0.10683702)
  (108.08333333,  -0.30096210)
  (108.16666667,  -0.70806670)
  (108.25000000,  -1.11361643)
  (108.33333333,  -1.51664559)
  (108.41666667,  -1.91620037)
  (108.50000000,  -2.31135338)
  (108.58333333,  -2.70117031)
  (108.66666667,  -3.08481210)
  (108.75000000,  -3.46141713)
  (108.83333333,  -3.83011982)
  (108.91666667,  -4.19002161)
  (109.00000000,  -4.54034511)
  (109.08333333,  -4.88022339)
  (109.16666667,  -5.20891210)
  (109.25000000,  -5.52569727)
  (109.33333333,  -5.82982825)
  (109.41666667,  -6.12056015)
  (109.50000000,  -6.39725466)
  (109.58333333,  -6.65924176)
  (109.66666667,  -6.90592159)
  (109.75000000,  -7.13674563)
  (109.83333333,  -7.35112627)
  (109.91666667,  -7.54861431)
  (110.00000000,  -7.72879127)
  (110.08333333,  -7.89127757)
  (110.16666667,  -8.03564139)
  (110.25000000,  -8.16152426)
  (110.33333333,  -8.26862730)
  (110.41666667,  -8.35671201)
  (110.50000000,  -8.42551371)
  (110.58333333,  -8.47497000)
  (110.66666667,  -8.50489294)
  (110.75000000,  -8.51519349)
  (110.83333333,  -8.50589877)
  (110.91666667,  -8.47701978)
  (111.00000000,  -8.42863665)
  (111.08333333,  -8.36090740)
  (111.16666667,  -8.27383623)
  (111.25000000,  -8.16768516)
  (111.33333333,  -8.04277047)
  (111.41666667,  -7.89937595)
  (111.50000000,  -7.73777688)
  (111.58333333,  -7.55835634)
  (111.66666667,  -7.36149089)
  (111.75000000,  -7.14756862)
  (111.83333333,  -6.91721940)
  (111.91666667,  -6.67093283)
  (112.00000000,  -6.40924856)
  (112.08333333,  -6.13279870)
  (112.16666667,  -5.84221966)
  (112.25000000,  -5.53817050)
  (112.33333333,  -5.22136271)
  (112.41666667,  -4.89246672)
  (112.50000000,  -4.55225145)
  (112.58333333,  -4.20156502)
  (112.66666667,  -3.84123562)
  (112.75000000,  -3.47207785)
  (112.83333333,  -3.09490090)
  (112.91666667,  -2.71059867)
  (113.00000000,  -2.32005432)
  (113.08333333,  -1.92416247)
  (113.16666667,  -1.52379433)
  (113.25000000,  -1.11989139)
  (113.33333333,  -0.71337300)
  (113.41666667,  -0.30518507)
  (113.50000000,   0.10370854)
  (113.58333333,   0.51239607)
  (113.66666667,   0.91993854)
  (113.75000000,   1.32530988)
  (113.83333333,   1.72765128)
  (113.91666667,   2.12601293)
  (114.00000000,   2.51950087)
  (114.08333333,   2.90716297)
  (114.16666667,   3.28811852)
  (114.25000000,   3.66148446)
  (114.33333333,   4.02638252)
  (114.41666667,   4.38198087)
  (114.50000000,   4.72751498)
  (114.58333333,   5.06219673)
  (114.66666667,   5.38520322)
  (114.75000000,   5.69580915)
  (114.83333333,   5.99330725)
  (114.91666667,   6.27703146)
  (115.00000000,   6.54630297)
  (115.08333333,   6.80048425)
  (115.16666667,   7.03899701)
  (115.25000000,   7.26132791)
  (115.33333333,   7.46694361)
  (115.41666667,   7.65537343)
  (115.50000000,   7.82620258)
  (115.58333333,   7.97899427)
  (115.66666667,   8.11342485)
  (115.75000000,   8.22920218)
  (115.83333333,   8.32609532)
  (115.91666667,   8.40384136)
  (116.00000000,   8.46227600)
  (116.08333333,   8.50124424)
  (116.16666667,   8.52069129)
  (116.25000000,   8.52057169)
  (116.33333333,   8.50089323)
  (116.41666667,   8.46165945)
  (116.50000000,   8.40300247)
  (116.58333333,   8.32500430)
  (116.66666667,   8.22788130)
  (116.75000000,   8.11192344)
  (116.83333333,   7.97739965)
  (116.91666667,   7.82460279)
  (117.00000000,   7.65379931)
  (117.08333333,   7.46545569)
  (117.16666667,   7.25997699)
  (117.25000000,   7.03784193)
  (117.33333333,   6.79953860)
  (117.41666667,   6.54564889)
  (117.50000000,   6.27678209)
  (117.58333333,   5.99364550)
  (117.66666667,   5.69674485)
  (117.75000000,   5.38683981)
  (117.83333333,   5.06456043)
  (117.91666667,   4.73069424)
  (118.00000000,   4.38596549)
  (118.08333333,   4.03116370)
  (118.16666667,   3.66711954)
  (118.25000000,   3.29474175)
  (118.33333333,   2.91488256)
  (118.41666667,   2.52834878)
  (118.50000000,   2.13611595)
  (118.58333333,   1.73905408)
  (118.66666667,   1.33807304)
  (118.75000000,   0.93405337)
  (118.83333333,   0.52797460)
  (118.91666667,   0.12075460)
  (119.00000000,  -0.28665634)
  (119.08333333,  -0.69336063)
  (119.16666667,  -1.09838690)
  (119.25000000,  -1.50079400)
  (119.33333333,  -1.89967974)
  (119.41666667,  -2.29408438)
  (119.50000000,  -2.68307177)
  (119.58333333,  -3.06576156)
  (119.66666667,  -3.44125883)
  (119.75000000,  -3.80870462)
  (119.83333333,  -4.16727438)
  (119.91666667,  -4.51616640)
  (120.00000000,  -4.85457194)
  (120.08333333,  -5.18168423)
  (120.16666667,  -5.49669075)
  (120.25000000,  -5.79895863)
  (120.33333333,  -6.08780856)
  (120.41666667,  -6.36251836)
  (120.50000000,  -6.62236856)
  (120.58333333,  -6.86680571)
  (120.66666667,  -7.09528052)
  (120.75000000,  -7.30730746)
  (120.83333333,  -7.50234151)
  (120.91666667,  -7.67994005)
  (121.00000000,  -7.83967539)
  (121.08333333,  -7.98120994)
  (121.16666667,  -8.10421009)
  (121.25000000,  -8.20839852)
  (121.33333333,  -8.29350628)
  (121.41666667,  -8.35935669)
  (121.50000000,  -8.40575612)
  (121.58333333,  -8.43258950)
  (121.66666667,  -8.43988601)
  (121.75000000,  -8.42762202)
  (121.83333333,  -8.39576886)
  (121.91666667,  -8.34436716)
  (122.00000000,  -8.27355774)
  (122.08333333,  -8.18356791)
  (122.16666667,  -8.07462389)
  (122.25000000,  -7.94698645)
  (122.33333333,  -7.80088462)
  (122.41666667,  -7.63670830)
  (122.50000000,  -7.45487623)
  (122.58333333,  -7.25580104)
  (122.66666667,  -7.03991720)
  (122.75000000,  -6.80773032)
  (122.83333333,  -6.55973506)
  (122.91666667,  -6.29656688)
  (123.00000000,  -6.01883092)
  (123.08333333,  -5.72718087)
  (123.16666667,  -5.42226352)
  (123.25000000,  -5.10487541)
  (123.33333333,  -4.77571642)
  (123.41666667,  -4.43552802)
  (123.50000000,  -4.08509240)
  (123.58333333,  -3.72522703)
  (123.66666667,  -3.35681014)
  (123.75000000,  -2.98075671)
  (123.83333333,  -2.59784974)
  (123.91666667,  -2.20896403)
  (124.00000000,  -1.81500868)
  (124.08333333,  -1.41692565)
  (124.16666667,  -1.01559443)
  (124.25000000,  -0.61199826)
  (124.33333333,  -0.20709793)
  (124.41666667,   0.19814057)
  (124.50000000,   0.60278932)
  (124.58333333,   1.00592577)
  (124.66666667,   1.40664455)
  (124.75000000,   1.80402386)
  (124.83333333,   2.19716623)
  (124.91666667,   2.58508767)
  (125.00000000,   2.96694962)
  (125.08333333,   3.34178337)
  (125.16666667,   3.70880869)
  (125.25000000,   4.06712905)
  (125.33333333,   4.41597893)
  (125.41666667,   4.75449542)
  (125.50000000,   5.08187861)
  (125.58333333,   5.39736656)
  (125.66666667,   5.70023694)
  (125.75000000,   5.98985801)
  (125.83333333,   6.26552468)
  (125.91666667,   6.52660116)
  (126.00000000,   6.77248574)
  (126.08333333,   7.00266078)
  (126.16666667,   7.21661654)
  (126.25000000,   7.41378084)
  (126.33333333,   7.59371249)
  (126.41666667,   7.75603556)
  (126.50000000,   7.90037925)
  (126.58333333,   8.02641234)
  (126.66666667,   8.13386228)
  (126.75000000,   8.22241547)
  (126.83333333,   8.29194884)
  (126.91666667,   8.34239331)
  (127.00000000,   8.37355664)
  (127.08333333,   8.38526760)
  (127.16666667,   8.37761878)
  (127.25000000,   8.35064686)
  (127.33333333,   8.30442745)
  (127.41666667,   8.23903632)
  (127.50000000,   8.15466704)
  (127.58333333,   8.05152998)
  (127.66666667,   7.92988267)
  (127.75000000,   7.78998169)
  (127.83333333,   7.63212780)
  (127.91666667,   7.45673519)
  (128.00000000,   7.26424994)
  (128.08333333,   7.05513078)
  (128.16666667,   6.82988153)
  (128.25000000,   6.58900219)
  (128.33333333,   6.33306864)
  (128.41666667,   6.06265327)
  (128.50000000,   5.77840852)
  (128.58333333,   5.48097843)
  (128.66666667,   5.17106346)
  (128.75000000,   4.84946080)
  (128.83333333,   4.51690404)
  (128.91666667,   4.17414987)
  (129.00000000,   3.82200121)
  (129.08333333,   3.46125386)
  (129.16666667,   3.09274566)
  (129.25000000,   2.71735911)
  (129.33333333,   2.33596420)
  (129.41666667,   1.94936769)
  (129.50000000,   1.55853424)
  (129.58333333,   1.16445952)
  (129.66666667,   0.76798225)
  (129.75000000,   0.37001789)
  (129.83333333,  -0.02847744)
  (129.91666667,  -0.42662601)
  (130.00000000,  -0.82347596)
  (130.08333333,  -1.21809471)
  (130.16666667,  -1.60961034)
  (130.25000000,  -1.99702986)
  (130.33333333,  -2.37948695)
  (130.41666667,  -2.75606196)
  (130.50000000,  -3.12592232)
  (130.58333333,  -3.48825900)
  (130.66666667,  -3.84216898)
  (130.75000000,  -4.18690639)
  (130.83333333,  -4.52162308)
  (130.91666667,  -4.84553820)
  (131.00000000,  -5.15786838)
  (131.08333333,  -5.45795446)
  (131.16666667,  -5.74505990)
  (131.25000000,  -6.01850128)
  (131.33333333,  -6.27774585)
  (131.41666667,  -6.52212888)
  (131.50000000,  -6.75112148)
  (131.58333333,  -6.96414039)
  (131.66666667,  -7.16071333)
  (131.75000000,  -7.34038810)
  (131.83333333,  -7.50282972)
  (131.91666667,  -7.64766705)
  (132.00000000,  -7.77453861)
  (132.08333333,  -7.88318641)
  (132.16666667,  -7.97338680)
  (132.25000000,  -8.04485592)
  (132.33333333,  -8.09752478)
  (132.41666667,  -8.13124483)
  (132.50000000,  -8.14591798)
  (132.58333333,  -8.14149907)
  (132.66666667,  -8.11807600)
  (132.75000000,  -8.07574412)
  (132.83333333,  -8.01460047)
  (132.91666667,  -7.93482086)
  (133.00000000,  -7.83655269)
  (133.08333333,  -7.72011359)
  (133.16666667,  -7.58579019)
  (133.25000000,  -7.43383602)
  (133.33333333,  -7.26459928)
  (133.41666667,  -7.07852862)
  (133.50000000,  -6.87601265)
  (133.58333333,  -6.65760779)
  (133.66666667,  -6.42382907)
  (133.75000000,  -6.17525987)
  (133.83333333,  -5.91247511)
  (133.91666667,  -5.63612280)
  (134.00000000,  -5.34682724)
  (134.08333333,  -5.04529936)
  (134.16666667,  -4.73223723)
  (134.25000000,  -4.40834595)
  (134.33333333,  -4.07438309)
  (134.41666667,  -3.73109758)
  (134.50000000,  -3.37938890)
  (134.58333333,  -3.02002434)
  (134.66666667,  -2.65381401)
  (134.75000000,  -2.28168431)
  (134.83333333,  -1.90445967)
  (134.91666667,  -1.52306995)
  (135.00000000,  -1.13842524)
  (135.08333333,  -0.75145426)
  (135.16666667,  -0.36293070)
  (135.25000000,   0.02617590)
  (135.33333333,   0.41496448)
  (135.41666667,   0.80255989)
  (135.50000000,   1.18803599)
  (135.58333333,   1.57055606)
  (135.66666667,   1.94919850)
  (135.75000000,   2.32307903)
  (135.83333333,   2.69129387)
  (135.91666667,   3.05306873)
  (136.00000000,   3.40759060)
  (136.08333333,   3.75398346)
  (136.16666667,   4.09151446)
  (136.25000000,   4.41936327)
  (136.33333333,   4.73675704)
  (136.41666667,   5.04301466)
  (136.50000000,   5.33738079)
  (136.58333333,   5.61920066)
  (136.66666667,   5.88780741)
  (136.75000000,   6.14272067)
  (136.83333333,   6.38327615)
  (136.91666667,   6.60897945)
  (137.00000000,   6.81928921)
  (137.08333333,   7.01372879)
  (137.16666667,   7.19183617)
  (137.25000000,   7.35316571)
  (137.33333333,   7.49746536)
  (137.41666667,   7.62435392)
  (137.50000000,   7.73358776)
  (137.58333333,   7.82494030)
  (137.66666667,   7.89817581)
  (137.75000000,   7.95313538)
  (137.83333333,   7.98970887)
  (137.91666667,   8.00780513)
  (138.00000000,   8.00745733)
  (138.08333333,   7.98864846)
  (138.16666667,   7.95145792)
  (138.25000000,   7.89603972)
  (138.33333333,   7.82257365)
  (138.41666667,   7.73113542)
  (138.50000000,   7.62196919)
  (138.58333333,   7.49536576)
  (138.66666667,   7.35159635)
  (138.75000000,   7.19099320)
  (138.83333333,   7.01397963)
  (138.91666667,   6.82099592)
  (139.00000000,   6.61247875)
  (139.08333333,   6.38891465)
  (139.16666667,   6.15081423)
  (139.25000000,   5.89876952)
  (139.33333333,   5.63336931)
  (139.41666667,   5.35525870)
  (139.50000000,   5.06510060)
  (139.58333333,   4.76359463)
  (139.66666667,   4.45145519)
  (139.75000000,   4.12936953)
  (139.83333333,   3.79809610)
  (139.91666667,   3.45843216)
  (140.00000000,   3.11116806)
  (140.08333333,   2.75709563)
  (140.16666667,   2.39704725)
  (140.25000000,   2.03193821)
  (140.33333333,   1.66262977)
  (140.41666667,   1.28995545)
  (140.50000000,   0.91481087)
  (140.58333333,   0.53796404)
  (140.66666667,   0.16036529)
  (140.75000000,  -0.21715687)
  (140.83333333,  -0.59374854)
  (140.91666667,  -0.96849497)
  (141.00000000,  -1.34046879)
  (141.08333333,  -1.70890642)
  (141.16666667,  -2.07292613)
  (141.25000000,  -2.43162406)
  (141.33333333,  -2.78420272)
  (141.41666667,  -3.12987424)
  (141.50000000,  -3.46788807)
  (141.58333333,  -3.79745729)
  (141.66666667,  -4.11775903)
  (141.75000000,  -4.42804200)
  (141.83333333,  -4.72765868)
  (141.91666667,  -5.01594782)
  (142.00000000,  -5.29218536)
  (142.08333333,  -5.55584788)
  (142.16666667,  -5.80626695)
  (142.25000000,  -6.04288598)
  (142.33333333,  -6.26513471)
  (142.41666667,  -6.47250477)
  (142.50000000,  -6.66463229)
  (142.58333333,  -6.84094413)
  (142.66666667,  -7.00110483)
  (142.75000000,  -7.14482864)
  (142.83333333,  -7.27178883)
  (142.91666667,  -7.38168558)
  (143.00000000,  -7.47431847)
  (143.08333333,  -7.54941663)
  (143.16666667,  -7.60682531)
  (143.25000000,  -7.64643265)
  (143.33333333,  -7.66814185)
  (143.41666667,  -7.67201344)
  (143.50000000,  -7.65814706)
  (143.58333333,  -7.62645084)
  (143.66666667,  -7.57700565)
  (143.75000000,  -7.50999336)
  (143.83333333,  -7.42559656)
  (143.91666667,  -7.32393487)
  (144.00000000,  -7.20538904)
  (144.08333333,  -7.07018399)
  (144.16666667,  -6.91869910)
  (144.25000000,  -6.75132976)
  (144.33333333,  -6.56846512)
  (144.41666667,  -6.37053313)
  (144.50000000,  -6.15804370)
  (144.58333333,  -5.93144562)
  (144.66666667,  -5.69130014)
  (144.75000000,  -5.43814506)
  (144.83333333,  -5.17265390)
  (144.91666667,  -4.89544872)
  (145.00000000,  -4.60712412)
  (145.08333333,  -4.30847791)
  (145.16666667,  -4.00018793)
  (145.25000000,  -3.68296440)
  (145.33333333,  -3.35750112)
  (145.41666667,  -3.02466850)
  (145.50000000,  -2.68518348)
  (145.58333333,  -2.33983391)
  (145.66666667,  -1.98948087)
  (145.75000000,  -1.63491009)
  (145.83333333,  -1.27697127)
  (145.91666667,  -0.91652206)
  (146.00000000,  -0.55431592)
  (146.08333333,  -0.19120584)
  (146.16666667,   0.17189878)
  (146.25000000,   0.53411311)
  (146.33333333,   0.89466868)
  (146.41666667,   1.25276923)
  (146.50000000,   1.60752474)
  (146.58333333,   1.95816443)
  (146.66666667,   2.30382742)
  (146.75000000,   2.64370013)
  (146.83333333,   2.97703558)
  (146.91666667,   3.30307715)
  (147.00000000,   3.62107983)
  (147.08333333,   3.93032429)
  (147.16666667,   4.23004313)
  (147.25000000,   4.51955713)
  (147.33333333,   4.79828528)
  (147.41666667,   5.06552243)
  (147.50000000,   5.32062525)
  (147.58333333,   5.56310245)
  (147.66666667,   5.79239945)
  (147.75000000,   6.00795998)
  (147.83333333,   6.20929040)
  (147.91666667,   6.39598034)
  (148.00000000,   6.56761239)
  (148.08333333,   6.72379881)
  (148.16666667,   6.86424197)
  (148.25000000,   6.98860628)
  (148.33333333,   7.09665522)
  (148.41666667,   7.18818642)
  (148.50000000,   7.26295873)
  (148.58333333,   7.32074923)
  (148.66666667,   7.36152513)
  (148.75000000,   7.38519587)
  (148.83333333,   7.39168383)
  (148.91666667,   7.38104252)
  (149.00000000,   7.35340338)
  (149.08333333,   7.30878121)
  (149.16666667,   7.24730507)
  (149.25000000,   7.16917557)
  (149.33333333,   7.07454890)
  (149.41666667,   6.96368630)
  (149.50000000,   6.83688213)
  (149.58333333,   6.69441539)
  (149.66666667,   6.53660826)
  (149.75000000,   6.36389092)
  (149.83333333,   6.17668849)
  (149.91666667,   5.97542657)
  (150.00000000,   5.76066372)
  (150.08333333,   5.53284062)
  (150.16666667,   5.29248254)
  (150.25000000,   5.04023057)
  (150.33333333,   4.77668367)
  (150.41666667,   4.50240884)
  (150.50000000,   4.21806536)
  (150.58333333,   3.92439227)
  (150.66666667,   3.62204490)
  (150.75000000,   3.31171170)
  (150.83333333,   2.99416332)
  (150.91666667,   2.67012881)
  (151.00000000,   2.34038526)
  (151.08333333,   2.00574336)
  (151.16666667,   1.66692864)
  (151.25000000,   1.32472262)
  (151.33333333,   0.97988355)
  (151.41666667,   0.63335939)
  (151.50000000,   0.28583326)
  (151.58333333,  -0.06188232)
  (151.66666667,  -0.40889331)
  (151.75000000,  -0.75436676)
  (151.83333333,  -1.09754085)
  (151.91666667,  -1.43763688)
  (152.00000000,  -1.77388263)
  (152.08333333,  -2.10556383)
  (152.16666667,  -2.43174117)
  (152.25000000,  -2.75177863)
  (152.33333333,  -3.06488411)
  (152.41666667,  -3.37035815)
  (152.50000000,  -3.66757357)
  (152.58333333,  -3.95582710)
  (152.66666667,  -4.23435579)
  (152.75000000,  -4.50256173)
  (152.83333333,  -4.75989366)
  (152.91666667,  -5.00576968)
  (153.00000000,  -5.23954472)
  (153.08333333,  -5.46073161)
  (153.16666667,  -5.66885293)
  (153.25000000,  -5.86346701)
  (153.33333333,  -6.04410851)
  (153.41666667,  -6.21041892)
  (153.50000000,  -6.36202558)
  (153.58333333,  -6.49856208)
  (153.66666667,  -6.61974100)
  (153.75000000,  -6.72530752)
  (153.83333333,  -6.81506384)
  (153.91666667,  -6.88878637)
  (154.00000000,  -6.94639505)
  (154.08333333,  -6.98776424)
  (154.16666667,  -7.01285719)
  (154.25000000,  -7.02155715)
  (154.33333333,  -7.01384552)
  (154.41666667,  -6.98984001)
  (154.50000000,  -6.94960285)
  (154.58333333,  -6.89332065)
  (154.66666667,  -6.82106746)
  (154.75000000,  -6.73307991)
  (154.83333333,  -6.62961870)
  (154.91666667,  -6.51094551)
  (155.00000000,  -6.37737537)
  (155.08333333,  -6.22919333)
  (155.16666667,  -6.06676694)
  (155.25000000,  -5.89055419)
  (155.33333333,  -5.70098639)
  (155.41666667,  -5.49852813)
  (155.50000000,  -5.28372840)
  (155.58333333,  -5.05713747)
  (155.66666667,  -4.81923823)
  (155.75000000,  -4.57067423)
  (155.83333333,  -4.31200074)
  (155.91666667,  -4.04386923)
  (156.00000000,  -3.76689220)
  (156.08333333,  -3.48171183)
  (156.16666667,  -3.18901613)
  (156.25000000,  -2.88959496)
  (156.33333333,  -2.58413402)
  (156.41666667,  -2.27334457)
  (156.50000000,  -1.95798332)
  (156.58333333,  -1.63882236)
  (156.66666667,  -1.31654589)
  (156.75000000,  -0.99199821)
  (156.83333333,  -0.66586518)
  (156.91666667,  -0.33894432)
  (157.00000000,  -0.01196878)
  (157.08333333,   0.31424990)
  (157.16666667,   0.63893178)
  (157.25000000,   0.96130597)
  (157.33333333,   1.28063700)
  (157.41666667,   1.59625624)
  (157.50000000,   1.90738076)
  (157.58333333,   2.21326083)
  (157.66666667,   2.51317028)
  (157.75000000,   2.80654400)
  (157.83333333,   3.09269417)
  (157.91666667,   3.37087627)
  (158.00000000,   3.64051432)
  (158.08333333,   3.90102092)
  (158.16666667,   4.15177343)
  (158.25000000,   4.39217306)
  (158.33333333,   4.62176298)
  (158.41666667,   4.83996590)
  (158.50000000,   5.04631877)
  (158.58333333,   5.24037842)
  (158.66666667,   5.42171432)
  (158.75000000,   5.58992985)
  (158.83333333,   5.74473715)
  (158.91666667,   5.88573734)
  (159.00000000,   6.01266820)
  (159.08333333,   6.12522950)
  (159.16666667,   6.22320026)
  (159.25000000,   6.30635562)
  (159.33333333,   6.37462307)
  (159.41666667,   6.42786063)
  (159.50000000,   6.46594136)
  (159.58333333,   6.48890187)
  (159.66666667,   6.49672378)
  (159.75000000,   6.48939747)
  (159.83333333,   6.46690715)
  (159.91666667,   6.42935768)
  (160.00000000,   6.37695293)
  (160.08333333,   6.30979926)
  (160.16666667,   6.22813774)
  (160.25000000,   6.13215107)
  (160.33333333,   6.02211327)
  (160.41666667,   5.89832915)
  (160.50000000,   5.76114900)
  (160.58333333,   5.61084376)
  (160.66666667,   5.44784796)
  (160.75000000,   5.27259413)
  (160.83333333,   5.08547379)
  (160.91666667,   4.88699994)
  (161.00000000,   4.67762676)
  (161.08333333,   4.45780350)
  (161.16666667,   4.22814452)
  (161.25000000,   3.98923373)
  (161.33333333,   3.74155092)
  (161.41666667,   3.48579325)
  (161.50000000,   3.22257490)
  (161.58333333,   2.95244110)
  (161.66666667,   2.67608779)
  (161.75000000,   2.39417180)
  (161.83333333,   2.10733640)
  (161.91666667,   1.81621182)
  (162.00000000,   1.52159749)
  (162.08333333,   1.22419009)
  (162.16666667,   0.92470059)
  (162.25000000,   0.62376342)
  (162.33333333,   0.32212448)
  (162.41666667,   0.02047036)
  (162.50000000,  -0.28046531)
  (162.58333333,  -0.58006683)
  (162.66666667,  -0.87764608)
  (162.75000000,  -1.17249950)
  (162.83333333,  -1.46388092)
  (162.91666667,  -1.75117643)
  (163.00000000,  -2.03373506)
  (163.08333333,  -2.31080306)
  (163.16666667,  -2.58185639)
  (163.25000000,  -2.84630397)
  (163.33333333,  -3.10347481)
  (163.41666667,  -3.35278035)
  (163.50000000,  -3.59369888)
  (163.58333333,  -3.82572567)
  (163.66666667,  -4.04828917)
  (163.75000000,  -4.26091607)
  (163.83333333,  -4.46312537)
  (163.91666667,  -4.65446100)
  (164.00000000,  -4.83452081)
  (164.08333333,  -5.00288293)
  (164.16666667,  -5.15921060)
  (164.25000000,  -5.30327786)
  (164.33333333,  -5.43469341)
  (164.41666667,  -5.55323372)
  (164.50000000,  -5.65860715)
  (164.58333333,  -5.75063839)
  (164.66666667,  -5.82904168)
  (164.75000000,  -5.89378624)
  (164.83333333,  -5.94485672)
  (164.91666667,  -5.98204434)
  (165.00000000,  -6.00538620)
  (165.08333333,  -6.01489491)
  (165.16666667,  -6.01046002)
  (165.25000000,  -5.99220422)
  (165.33333333,  -5.96024591)
  (165.41666667,  -5.91462763)
  (165.50000000,  -5.85556338)
  (165.58333333,  -5.78318799)
  (165.66666667,  -5.69780339)
  (165.75000000,  -5.59963299)
  (165.83333333,  -5.48890377)
  (165.91666667,  -5.36590183)
  (166.00000000,  -5.23101191)
  (166.08333333,  -5.08461138)
  (166.16666667,  -4.92718100)
  (166.25000000,  -4.75904643)
  (166.33333333,  -4.58059165)
  (166.41666667,  -4.39229163)
  (166.50000000,  -4.19460437)
  (166.58333333,  -3.98802489)
  (166.66666667,  -3.77301689)
  (166.75000000,  -3.54985393)
]
