%=============================================================================
% Daniel J. Greenhoe 
% Sunspot eigen vector 3 data file suitable for use with LaTeX PStricks
% For an example, see "sunspots_eigen.tex"
% This file auto-generated using "sunspots.R" --- hand-editing not recommended
%=============================================================================
[
  (  0.08333333,  -0.06266871)
  (  0.16666667,  -0.14527076)
  (  0.25000000,  -0.22862491)
  (  0.33333333,  -0.31253095)
  (  0.41666667,  -0.39679237)
  (  0.50000000,  -0.48120810)
  (  0.58333333,  -0.56557680)
  (  0.66666667,  -0.64969253)
  (  0.75000000,  -0.73335143)
  (  0.83333333,  -0.81635075)
  (  0.91666667,  -0.89848363)
  (  1.00000000,  -0.97954182)
  (  1.08333333,  -1.05931633)
  (  1.16666667,  -1.13759687)
  (  1.25000000,  -1.21417752)
  (  1.33333333,  -1.28885431)
  (  1.41666667,  -1.36142403)
  (  1.50000000,  -1.43168737)
  (  1.58333333,  -1.49944763)
  (  1.66666667,  -1.56451418)
  (  1.75000000,  -1.62670096)
  (  1.83333333,  -1.68582517)
  (  1.91666667,  -1.74171161)
  (  2.00000000,  -1.79419480)
  (  2.08333333,  -1.84311047)
  (  2.16666667,  -1.88830699)
  (  2.25000000,  -1.92963766)
  (  2.33333333,  -1.96695976)
  (  2.41666667,  -2.00014034)
  (  2.50000000,  -2.02905827)
  (  2.58333333,  -2.05360251)
  (  2.66666667,  -2.07367021)
  (  2.75000000,  -2.08917171)
  (  2.83333333,  -2.10002565)
  (  2.91666667,  -2.10616023)
  (  3.00000000,  -2.10751464)
  (  3.08333333,  -2.10404062)
  (  3.16666667,  -2.09570080)
  (  3.25000000,  -2.08247044)
  (  3.33333333,  -2.06433622)
  (  3.41666667,  -2.04129926)
  (  3.50000000,  -2.01337163)
  (  3.58333333,  -1.98057700)
  (  3.66666667,  -1.94294985)
  (  3.75000000,  -1.90054036)
  (  3.83333333,  -1.85341111)
  (  3.91666667,  -1.80163478)
  (  4.00000000,  -1.74529492)
  (  4.08333333,  -1.68448956)
  (  4.16666667,  -1.61932851)
  (  4.25000000,  -1.54993327)
  (  4.33333333,  -1.47643860)
  (  4.41666667,  -1.39899128)
  (  4.50000000,  -1.31774667)
  (  4.58333333,  -1.23286900)
  (  4.66666667,  -1.14453338)
  (  4.75000000,  -1.05292616)
  (  4.83333333,  -0.95824249)
  (  4.91666667,  -0.86068543)
  (  5.00000000,  -0.76046739)
  (  5.08333333,  -0.65781194)
  (  5.16666667,  -0.55295174)
  (  5.25000000,  -0.44612525)
  (  5.33333333,  -0.33757629)
  (  5.41666667,  -0.22755683)
  (  5.50000000,  -0.11632321)
  (  5.58333333,  -0.00413428)
  (  5.66666667,   0.10874353)
  (  5.75000000,   0.22204064)
  (  5.83333333,   0.33548592)
  (  5.91666667,   0.44880321)
  (  6.00000000,   0.56171404)
  (  6.08333333,   0.67394096)
  (  6.16666667,   0.78520600)
  (  6.25000000,   0.89523300)
  (  6.33333333,   1.00374524)
  (  6.41666667,   1.11046663)
  (  6.50000000,   1.21512431)
  (  6.58333333,   1.31745027)
  (  6.66666667,   1.41717757)
  (  6.75000000,   1.51404404)
  (  6.83333333,   1.60779327)
  (  6.91666667,   1.69817347)
  (  7.00000000,   1.78493993)
  (  7.08333333,   1.86785478)
  (  7.16666667,   1.94668658)
  (  7.25000000,   2.02121225)
  (  7.33333333,   2.09122040)
  (  7.41666667,   2.15650903)
  (  7.50000000,   2.21688498)
  (  7.58333333,   2.27216414)
  (  7.66666667,   2.32217599)
  (  7.75000000,   2.36675868)
  (  7.83333333,   2.40576328)
  (  7.91666667,   2.43905332)
  (  8.00000000,   2.46650639)
  (  8.08333333,   2.48801300)
  (  8.16666667,   2.50347948)
  (  8.25000000,   2.51282527)
  (  8.33333333,   2.51598384)
  (  8.41666667,   2.51290278)
  (  8.50000000,   2.50354548)
  (  8.58333333,   2.48788830)
  (  8.66666667,   2.46592679)
  (  8.75000000,   2.43767043)
  (  8.83333333,   2.40314293)
  (  8.91666667,   2.36238619)
  (  9.00000000,   2.31545732)
  (  9.08333333,   2.26242751)
  (  9.16666667,   2.20338610)
  (  9.25000000,   2.13843903)
  (  9.33333333,   2.06770431)
  (  9.41666667,   1.99131419)
  (  9.50000000,   1.90941673)
  (  9.58333333,   1.82217808)
  (  9.66666667,   1.72977669)
  (  9.75000000,   1.63240317)
  (  9.83333333,   1.53026216)
  (  9.91666667,   1.42357441)
  ( 10.00000000,   1.31257232)
  ( 10.08333333,   1.19750188)
  ( 10.16666667,   1.07862050)
  ( 10.25000000,   0.95619553)
  ( 10.33333333,   0.83050469)
  ( 10.41666667,   0.70183813)
  ( 10.50000000,   0.57049259)
  ( 10.58333333,   0.43677468)
  ( 10.66666667,   0.30099846)
  ( 10.75000000,   0.16348412)
  ( 10.83333333,   0.02456105)
  ( 10.91666667,  -0.11543375)
  ( 11.00000000,  -0.25615942)
  ( 11.08333333,  -0.39727342)
  ( 11.16666667,  -0.53842932)
  ( 11.25000000,  -0.67927987)
  ( 11.33333333,  -0.81947399)
  ( 11.41666667,  -0.95866348)
  ( 11.50000000,  -1.09650060)
  ( 11.58333333,  -1.23263604)
  ( 11.66666667,  -1.36672069)
  ( 11.75000000,  -1.49841011)
  ( 11.83333333,  -1.62736217)
  ( 11.91666667,  -1.75323869)
  ( 12.00000000,  -1.87570985)
  ( 12.08333333,  -1.99445296)
  ( 12.16666667,  -2.10915240)
  ( 12.25000000,  -2.21950138)
  ( 12.33333333,  -2.32519894)
  ( 12.41666667,  -2.42595729)
  ( 12.50000000,  -2.52149958)
  ( 12.58333333,  -2.61155797)
  ( 12.66666667,  -2.69587680)
  ( 12.75000000,  -2.77421257)
  ( 12.83333333,  -2.84633878)
  ( 12.91666667,  -2.91204340)
  ( 13.00000000,  -2.97112951)
  ( 13.08333333,  -3.02341325)
  ( 13.16666667,  -3.06872861)
  ( 13.25000000,  -3.10692491)
  ( 13.33333333,  -3.13786837)
  ( 13.41666667,  -3.16144210)
  ( 13.50000000,  -3.17754949)
  ( 13.58333333,  -3.18611235)
  ( 13.66666667,  -3.18707025)
  ( 13.75000000,  -3.18037969)
  ( 13.83333333,  -3.16601800)
  ( 13.91666667,  -3.14398073)
  ( 14.00000000,  -3.11427972)
  ( 14.08333333,  -3.07694885)
  ( 14.16666667,  -3.03204264)
  ( 14.25000000,  -2.97963218)
  ( 14.33333333,  -2.91980648)
  ( 14.41666667,  -2.85267578)
  ( 14.50000000,  -2.77837102)
  ( 14.58333333,  -2.69704142)
  ( 14.66666667,  -2.60885168)
  ( 14.75000000,  -2.51398718)
  ( 14.83333333,  -2.41264652)
  ( 14.91666667,  -2.30504742)
  ( 15.00000000,  -2.19142781)
  ( 15.08333333,  -2.07203971)
  ( 15.16666667,  -1.94714813)
  ( 15.25000000,  -1.81703384)
  ( 15.33333333,  -1.68199032)
  ( 15.41666667,  -1.54232724)
  ( 15.50000000,  -1.39837002)
  ( 15.58333333,  -1.25045308)
  ( 15.66666667,  -1.09892212)
  ( 15.75000000,  -0.94413782)
  ( 15.83333333,  -0.78646774)
  ( 15.91666667,  -0.62628616)
  ( 16.00000000,  -0.46397521)
  ( 16.08333333,  -0.29992552)
  ( 16.16666667,  -0.13453187)
  ( 16.25000000,   0.03180338)
  ( 16.33333333,   0.19867504)
  ( 16.41666667,   0.36567644)
  ( 16.50000000,   0.53239649)
  ( 16.58333333,   0.69842282)
  ( 16.66666667,   0.86334345)
  ( 16.75000000,   1.02674988)
  ( 16.83333333,   1.18823319)
  ( 16.91666667,   1.34738653)
  ( 17.00000000,   1.50381009)
  ( 17.08333333,   1.65710932)
  ( 17.16666667,   1.80689407)
  ( 17.25000000,   1.95278227)
  ( 17.33333333,   2.09439846)
  ( 17.41666667,   2.23137600)
  ( 17.50000000,   2.36336117)
  ( 17.58333333,   2.49001092)
  ( 17.66666667,   2.61099285)
  ( 17.75000000,   2.72598782)
  ( 17.83333333,   2.83468940)
  ( 17.91666667,   2.93680499)
  ( 18.00000000,   3.03205967)
  ( 18.08333333,   3.12019374)
  ( 18.16666667,   3.20096063)
  ( 18.25000000,   3.27413208)
  ( 18.33333333,   3.33949819)
  ( 18.41666667,   3.39686624)
  ( 18.50000000,   3.44606299)
  ( 18.58333333,   3.48693670)
  ( 18.66666667,   3.51935705)
  ( 18.75000000,   3.54321198)
  ( 18.83333333,   3.55841116)
  ( 18.91666667,   3.56488342)
  ( 19.00000000,   3.56257849)
  ( 19.08333333,   3.55146833)
  ( 19.16666667,   3.53154600)
  ( 19.25000000,   3.50282462)
  ( 19.33333333,   3.46534129)
  ( 19.41666667,   3.41915719)
  ( 19.50000000,   3.36435058)
  ( 19.58333333,   3.30102248)
  ( 19.66666667,   3.22929757)
  ( 19.75000000,   3.14932126)
  ( 19.83333333,   3.06125733)
  ( 19.91666667,   2.96529239)
  ( 20.00000000,   2.86163339)
  ( 20.08333333,   2.75050836)
  ( 20.16666667,   2.63216282)
  ( 20.25000000,   2.50686004)
  ( 20.33333333,   2.37488323)
  ( 20.41666667,   2.23653275)
  ( 20.50000000,   2.09212506)
  ( 20.58333333,   1.94199502)
  ( 20.66666667,   1.78649321)
  ( 20.75000000,   1.62598032)
  ( 20.83333333,   1.46083111)
  ( 20.91666667,   1.29143727)
  ( 21.00000000,   1.11820270)
  ( 21.08333333,   0.94154038)
  ( 21.16666667,   0.76187146)
  ( 21.25000000,   0.57962760)
  ( 21.33333333,   0.39524753)
  ( 21.41666667,   0.20917783)
  ( 21.50000000,   0.02187208)
  ( 21.58333333,  -0.16621387)
  ( 21.66666667,  -0.35461969)
  ( 21.75000000,  -0.54288184)
  ( 21.83333333,  -0.73053686)
  ( 21.91666667,  -0.91712309)
  ( 22.00000000,  -1.10217535)
  ( 22.08333333,  -1.28523280)
  ( 22.16666667,  -1.46583763)
  ( 22.25000000,  -1.64353447)
  ( 22.33333333,  -1.81787406)
  ( 22.41666667,  -1.98841435)
  ( 22.50000000,  -2.15472181)
  ( 22.58333333,  -2.31637331)
  ( 22.66666667,  -2.47295620)
  ( 22.75000000,  -2.62406750)
  ( 22.83333333,  -2.76931742)
  ( 22.91666667,  -2.90832876)
  ( 23.00000000,  -3.04073839)
  ( 23.08333333,  -3.16619583)
  ( 23.16666667,  -3.28436586)
  ( 23.25000000,  -3.39493442)
  ( 23.33333333,  -3.49760271)
  ( 23.41666667,  -3.59209037)
  ( 23.50000000,  -3.67814094)
  ( 23.58333333,  -3.75551909)
  ( 23.66666667,  -3.82400504)
  ( 23.75000000,  -3.88339821)
  ( 23.83333333,  -3.93352167)
  ( 23.91666667,  -3.97422143)
  ( 24.00000000,  -4.00536779)
  ( 24.08333333,  -4.02685492)
  ( 24.16666667,  -4.03860128)
  ( 24.25000000,  -4.04055027)
  ( 24.33333333,  -4.03266739)
  ( 24.41666667,  -4.01493811)
  ( 24.50000000,  -3.98737668)
  ( 24.58333333,  -3.95002242)
  ( 24.66666667,  -3.90293638)
  ( 24.75000000,  -3.84620469)
  ( 24.83333333,  -3.77993837)
  ( 24.91666667,  -3.70427375)
  ( 25.00000000,  -3.61937140)
  ( 25.08333333,  -3.52541274)
  ( 25.16666667,  -3.42260340)
  ( 25.25000000,  -3.31116988)
  ( 25.33333333,  -3.19135977)
  ( 25.41666667,  -3.06344416)
  ( 25.50000000,  -2.92771661)
  ( 25.58333333,  -2.78449044)
  ( 25.66666667,  -2.63409609)
  ( 25.75000000,  -2.47688191)
  ( 25.83333333,  -2.31321468)
  ( 25.91666667,  -2.14348133)
  ( 26.00000000,  -1.96808239)
  ( 26.08333333,  -1.78743306)
  ( 26.16666667,  -1.60196525)
  ( 26.25000000,  -1.41212341)
  ( 26.33333333,  -1.21836341)
  ( 26.41666667,  -1.02115345)
  ( 26.50000000,  -0.82096971)
  ( 26.58333333,  -0.61829478)
  ( 26.66666667,  -0.41361946)
  ( 26.75000000,  -0.20743915)
  ( 26.83333333,  -0.00025867)
  ( 26.91666667,   0.20741365)
  ( 27.00000000,   0.41506808)
  ( 27.08333333,   0.62219275)
  ( 27.16666667,   0.82827498)
  ( 27.25000000,   1.03280410)
  ( 27.33333333,   1.23527294)
  ( 27.41666667,   1.43517860)
  ( 27.50000000,   1.63202297)
  ( 27.58333333,   1.82531473)
  ( 27.66666667,   2.01456921)
  ( 27.75000000,   2.19931126)
  ( 27.83333333,   2.37907379)
  ( 27.91666667,   2.55340211)
  ( 28.00000000,   2.72185363)
  ( 28.08333333,   2.88400121)
  ( 28.16666667,   3.03943225)
  ( 28.25000000,   3.18774756)
  ( 28.33333333,   3.32856615)
  ( 28.41666667,   3.46152543)
  ( 28.50000000,   3.58628080)
  ( 28.58333333,   3.70250782)
  ( 28.66666667,   3.80990385)
  ( 28.75000000,   3.90818989)
  ( 28.83333333,   3.99710622)
  ( 28.91666667,   4.07641384)
  ( 29.00000000,   4.14589656)
  ( 29.08333333,   4.20536329)
  ( 29.16666667,   4.25464614)
  ( 29.25000000,   4.29360205)
  ( 29.33333333,   4.32211280)
  ( 29.41666667,   4.34008798)
  ( 29.50000000,   4.34746365)
  ( 29.58333333,   4.34419934)
  ( 29.66666667,   4.33028387)
  ( 29.75000000,   4.30572877)
  ( 29.83333333,   4.27057225)
  ( 29.91666667,   4.22487963)
  ( 30.00000000,   4.16874433)
  ( 30.08333333,   4.10228565)
  ( 30.16666667,   4.02564803)
  ( 30.25000000,   3.93900282)
  ( 30.33333333,   3.84254399)
  ( 30.41666667,   3.73648832)
  ( 30.50000000,   3.62107647)
  ( 30.58333333,   3.49657618)
  ( 30.66666667,   3.36327615)
  ( 30.75000000,   3.22148755)
  ( 30.83333333,   3.07154410)
  ( 30.91666667,   2.91380066)
  ( 31.00000000,   2.74863070)
  ( 31.08333333,   2.57642946)
  ( 31.16666667,   2.39760701)
  ( 31.25000000,   2.21259059)
  ( 31.33333333,   2.02182455)
  ( 31.41666667,   1.82576876)
  ( 31.50000000,   1.62489643)
  ( 31.58333333,   1.41969380)
  ( 31.66666667,   1.21065801)
  ( 31.75000000,   0.99829730)
  ( 31.83333333,   0.78313015)
  ( 31.91666667,   0.56568095)
  ( 32.00000000,   0.34647863)
  ( 32.08333333,   0.12605956)
  ( 32.16666667,  -0.09503497)
  ( 32.25000000,  -0.31626089)
  ( 32.33333333,  -0.53707159)
  ( 32.41666667,  -0.75691923)
  ( 32.50000000,  -0.97525883)
  ( 32.58333333,  -1.19154923)
  ( 32.66666667,  -1.40525014)
  ( 32.75000000,  -1.61582838)
  ( 32.83333333,  -1.82275828)
  ( 32.91666667,  -2.02552520)
  ( 33.00000000,  -2.22362081)
  ( 33.08333333,  -2.41654912)
  ( 33.16666667,  -2.60382494)
  ( 33.25000000,  -2.78497687)
  ( 33.33333333,  -2.95954698)
  ( 33.41666667,  -3.12709248)
  ( 33.50000000,  -3.28718524)
  ( 33.58333333,  -3.43941567)
  ( 33.66666667,  -3.58339313)
  ( 33.75000000,  -3.71874540)
  ( 33.83333333,  -3.84512369)
  ( 33.91666667,  -3.96220317)
  ( 34.00000000,  -4.06967930)
  ( 34.08333333,  -4.16726924)
  ( 34.16666667,  -4.25471702)
  ( 34.25000000,  -4.33179036)
  ( 34.33333333,  -4.39828222)
  ( 34.41666667,  -4.45400857)
  ( 34.50000000,  -4.49881145)
  ( 34.58333333,  -4.53256125)
  ( 34.66666667,  -4.55515656)
  ( 34.75000000,  -4.56652377)
  ( 34.83333333,  -4.56661651)
  ( 34.91666667,  -4.55541869)
  ( 35.00000000,  -4.53294052)
  ( 35.08333333,  -4.49922008)
  ( 35.16666667,  -4.45432542)
  ( 35.25000000,  -4.39835004)
  ( 35.33333333,  -4.33141436)
  ( 35.41666667,  -4.25366512)
  ( 35.50000000,  -4.16527843)
  ( 35.58333333,  -4.06645733)
  ( 35.66666667,  -3.95743261)
  ( 35.75000000,  -3.83845965)
  ( 35.83333333,  -3.70981731)
  ( 35.91666667,  -3.57181086)
  ( 36.00000000,  -3.42476892)
  ( 36.08333333,  -3.26904240)
  ( 36.16666667,  -3.10500581)
  ( 36.25000000,  -2.93305551)
  ( 36.33333333,  -2.75360750)
  ( 36.41666667,  -2.56709893)
  ( 36.50000000,  -2.37398354)
  ( 36.58333333,  -2.17472984)
  ( 36.66666667,  -1.96982337)
  ( 36.75000000,  -1.75976366)
  ( 36.83333333,  -1.54506601)
  ( 36.91666667,  -1.32625819)
  ( 37.00000000,  -1.10387734)
  ( 37.08333333,  -0.87847284)
  ( 37.16666667,  -0.65059979)
  ( 37.25000000,  -0.42082043)
  ( 37.33333333,  -0.18970253)
  ( 37.41666667,   0.04218422)
  ( 37.50000000,   0.27426598)
  ( 37.58333333,   0.50596562)
  ( 37.66666667,   0.73670697)
  ( 37.75000000,   0.96591720)
  ( 37.83333333,   1.19302631)
  ( 37.91666667,   1.41746836)
  ( 38.00000000,   1.63868498)
  ( 38.08333333,   1.85612449)
  ( 38.16666667,   2.06924512)
  ( 38.25000000,   2.27751686)
  ( 38.33333333,   2.48041903)
  ( 38.41666667,   2.67744344)
  ( 38.50000000,   2.86809544)
  ( 38.58333333,   3.05189668)
  ( 38.66666667,   3.22838618)
  ( 38.75000000,   3.39712048)
  ( 38.83333333,   3.55767600)
  ( 38.91666667,   3.70964999)
  ( 39.00000000,   3.85265928)
  ( 39.08333333,   3.98634359)
  ( 39.16666667,   4.11036355)
  ( 39.25000000,   4.22440156)
  ( 39.33333333,   4.32816805)
  ( 39.41666667,   4.42140053)
  ( 39.50000000,   4.50386107)
  ( 39.58333333,   4.57533827)
  ( 39.66666667,   4.63564692)
  ( 39.75000000,   4.68463073)
  ( 39.83333333,   4.72216170)
  ( 39.91666667,   4.74813758)
  ( 40.00000000,   4.76248358)
  ( 40.08333333,   4.76516025)
  ( 40.16666667,   4.75615658)
  ( 40.25000000,   4.73548601)
  ( 40.33333333,   4.70319343)
  ( 40.41666667,   4.65935159)
  ( 40.50000000,   4.60406371)
  ( 40.58333333,   4.53746180)
  ( 40.66666667,   4.45970483)
  ( 40.75000000,   4.37097760)
  ( 40.83333333,   4.27149697)
  ( 40.91666667,   4.16150609)
  ( 41.00000000,   4.04127323)
  ( 41.08333333,   3.91109214)
  ( 41.16666667,   3.77128039)
  ( 41.25000000,   3.62218295)
  ( 41.33333333,   3.46416631)
  ( 41.41666667,   3.29761712)
  ( 41.50000000,   3.12294382)
  ( 41.58333333,   2.94057602)
  ( 41.66666667,   2.75096583)
  ( 41.75000000,   2.55458301)
  ( 41.83333333,   2.35191378)
  ( 41.91666667,   2.14345809)
  ( 42.00000000,   1.92973181)
  ( 42.08333333,   1.71126511)
  ( 42.16666667,   1.48860162)
  ( 42.25000000,   1.26229564)
  ( 42.33333333,   1.03290950)
  ( 42.41666667,   0.80101358)
  ( 42.50000000,   0.56718330)
  ( 42.58333333,   0.33199850)
  ( 42.66666667,   0.09604235)
  ( 42.75000000,  -0.14009738)
  ( 42.83333333,  -0.37583160)
  ( 42.91666667,  -0.61057185)
  ( 43.00000000,  -0.84373203)
  ( 43.08333333,  -1.07472838)
  ( 43.16666667,  -1.30298418)
  ( 43.25000000,  -1.52793099)
  ( 43.33333333,  -1.74900931)
  ( 43.41666667,  -1.96566756)
  ( 43.50000000,  -2.17736250)
  ( 43.58333333,  -2.38356450)
  ( 43.66666667,  -2.58375941)
  ( 43.75000000,  -2.77744936)
  ( 43.83333333,  -2.96414879)
  ( 43.91666667,  -3.14339109)
  ( 44.00000000,  -3.31472784)
  ( 44.08333333,  -3.47773106)
  ( 44.16666667,  -3.63199191)
  ( 44.25000000,  -3.77712354)
  ( 44.33333333,  -3.91276222)
  ( 44.41666667,  -4.03856908)
  ( 44.50000000,  -4.15423125)
  ( 44.58333333,  -4.25946212)
  ( 44.66666667,  -4.35399688)
  ( 44.75000000,  -4.43759962)
  ( 44.83333333,  -4.51006277)
  ( 44.91666667,  -4.57120607)
  ( 45.00000000,  -4.62087639)
  ( 45.08333333,  -4.65894845)
  ( 45.16666667,  -4.68532492)
  ( 45.25000000,  -4.69994069)
  ( 45.33333333,  -4.70276331)
  ( 45.41666667,  -4.69378713)
  ( 45.50000000,  -4.67303368)
  ( 45.58333333,  -4.64055562)
  ( 45.66666667,  -4.59643617)
  ( 45.75000000,  -4.54078740)
  ( 45.83333333,  -4.47375398)
  ( 45.91666667,  -4.39550503)
  ( 46.00000000,  -4.30623821)
  ( 46.08333333,  -4.20617990)
  ( 46.16666667,  -4.09558282)
  ( 46.25000000,  -3.97472784)
  ( 46.33333333,  -3.84392287)
  ( 46.41666667,  -3.70349856)
  ( 46.50000000,  -3.55380747)
  ( 46.58333333,  -3.39522730)
  ( 46.66666667,  -3.22816204)
  ( 46.75000000,  -3.05303664)
  ( 46.83333333,  -2.87029420)
  ( 46.91666667,  -2.68039468)
  ( 47.00000000,  -2.48381863)
  ( 47.08333333,  -2.28106524)
  ( 47.16666667,  -2.07264636)
  ( 47.25000000,  -1.85908803)
  ( 47.33333333,  -1.64092731)
  ( 47.41666667,  -1.41871361)
  ( 47.50000000,  -1.19300551)
  ( 47.58333333,  -0.96437030)
  ( 47.66666667,  -0.73338439)
  ( 47.75000000,  -0.50063003)
  ( 47.83333333,  -0.26669288)
  ( 47.91666667,  -0.03216251)
  ( 48.00000000,   0.20237127)
  ( 48.08333333,   0.43631962)
  ( 48.16666667,   0.66909560)
  ( 48.25000000,   0.90011486)
  ( 48.33333333,   1.12879774)
  ( 48.41666667,   1.35457256)
  ( 48.50000000,   1.57687632)
  ( 48.58333333,   1.79515373)
  ( 48.66666667,   2.00886087)
  ( 48.75000000,   2.21746725)
  ( 48.83333333,   2.42045351)
  ( 48.91666667,   2.61731185)
  ( 49.00000000,   2.80755250)
  ( 49.08333333,   2.99070351)
  ( 49.16666667,   3.16631070)
  ( 49.25000000,   3.33394014)
  ( 49.33333333,   3.49317962)
  ( 49.41666667,   3.64364066)
  ( 49.50000000,   3.78495757)
  ( 49.58333333,   3.91678621)
  ( 49.66666667,   4.03880424)
  ( 49.75000000,   4.15071518)
  ( 49.83333333,   4.25224966)
  ( 49.91666667,   4.34316481)
  ( 50.00000000,   4.42324270)
  ( 50.08333333,   4.49229436)
  ( 50.16666667,   4.55016200)
  ( 50.25000000,   4.59671620)
  ( 50.33333333,   4.63185549)
  ( 50.41666667,   4.65550384)
  ( 50.50000000,   4.66761492)
  ( 50.58333333,   4.66817404)
  ( 50.66666667,   4.65719315)
  ( 50.75000000,   4.63471559)
  ( 50.83333333,   4.60081344)
  ( 50.91666667,   4.55558600)
  ( 51.00000000,   4.49916230)
  ( 51.08333333,   4.43169916)
  ( 51.16666667,   4.35338183)
  ( 51.25000000,   4.26442355)
  ( 51.33333333,   4.16506284)
  ( 51.41666667,   4.05556161)
  ( 51.50000000,   3.93621061)
  ( 51.58333333,   3.80732329)
  ( 51.66666667,   3.66923731)
  ( 51.75000000,   3.52231327)
  ( 51.83333333,   3.36693351)
  ( 51.91666667,   3.20350036)
  ( 52.00000000,   3.03243761)
  ( 52.08333333,   2.85418767)
  ( 52.16666667,   2.66920993)
  ( 52.25000000,   2.47798107)
  ( 52.33333333,   2.28099193)
  ( 52.41666667,   2.07874949)
  ( 52.50000000,   1.87177326)
  ( 52.58333333,   1.66059101)
  ( 52.66666667,   1.44574097)
  ( 52.75000000,   1.22776967)
  ( 52.83333333,   1.00723130)
  ( 52.91666667,   0.78468509)
  ( 53.00000000,   0.56069679)
  ( 53.08333333,   0.33583450)
  ( 53.16666667,   0.11066872)
  ( 53.25000000,  -0.11423221)
  ( 53.33333333,  -0.33830153)
  ( 53.41666667,  -0.56097309)
  ( 53.50000000,  -0.78168613)
  ( 53.58333333,  -0.99988507)
  ( 53.66666667,  -1.21502071)
  ( 53.75000000,  -1.42655442)
  ( 53.83333333,  -1.63395572)
  ( 53.91666667,  -1.83670675)
  ( 54.00000000,  -2.03430308)
  ( 54.08333333,  -2.22625412)
  ( 54.16666667,  -2.41208338)
  ( 54.25000000,  -2.59133195)
  ( 54.33333333,  -2.76356003)
  ( 54.41666667,  -2.92834571)
  ( 54.50000000,  -3.08528502)
  ( 54.58333333,  -3.23399181)
  ( 54.66666667,  -3.37410336)
  ( 54.75000000,  -3.50528005)
  ( 54.83333333,  -3.62720638)
  ( 54.91666667,  -3.73959047)
  ( 55.00000000,  -3.84216533)
  ( 55.08333333,  -3.93468940)
  ( 55.16666667,  -4.01694846)
  ( 55.25000000,  -4.08875115)
  ( 55.33333333,  -4.14993132)
  ( 55.41666667,  -4.20035499)
  ( 55.50000000,  -4.23991473)
  ( 55.58333333,  -4.26853099)
  ( 55.66666667,  -4.28615530)
  ( 55.75000000,  -4.29276538)
  ( 55.83333333,  -4.28836521)
  ( 55.91666667,  -4.27298658)
  ( 56.00000000,  -4.24669229)
  ( 56.08333333,  -4.20957234)
  ( 56.16666667,  -4.16174407)
  ( 56.25000000,  -4.10335060)
  ( 56.33333333,  -4.03456024)
  ( 56.41666667,  -3.95557136)
  ( 56.50000000,  -3.86660695)
  ( 56.58333333,  -3.76791433)
  ( 56.66666667,  -3.65976546)
  ( 56.75000000,  -3.54245605)
  ( 56.83333333,  -3.41630662)
  ( 56.91666667,  -3.28166009)
  ( 57.00000000,  -3.13888166)
  ( 57.08333333,  -2.98835516)
  ( 57.16666667,  -2.83048100)
  ( 57.25000000,  -2.66567812)
  ( 57.33333333,  -2.49438414)
  ( 57.41666667,  -2.31705093)
  ( 57.50000000,  -2.13414522)
  ( 57.58333333,  -1.94614828)
  ( 57.66666667,  -1.75355282)
  ( 57.75000000,  -1.55686499)
  ( 57.83333333,  -1.35659896)
  ( 57.91666667,  -1.15327507)
  ( 58.00000000,  -0.94742102)
  ( 58.08333333,  -0.73956936)
  ( 58.16666667,  -0.53025785)
  ( 58.25000000,  -0.32002782)
  ( 58.33333333,  -0.10942094)
  ( 58.41666667,   0.10102342)
  ( 58.50000000,   0.31076682)
  ( 58.58333333,   0.51927366)
  ( 58.66666667,   0.72601220)
  ( 58.75000000,   0.93045348)
  ( 58.83333333,   1.13207905)
  ( 58.91666667,   1.33037976)
  ( 59.00000000,   1.52485752)
  ( 59.08333333,   1.71502678)
  ( 59.16666667,   1.90041167)
  ( 59.25000000,   2.08054914)
  ( 59.33333333,   2.25499153)
  ( 59.41666667,   2.42330440)
  ( 59.50000000,   2.58507305)
  ( 59.58333333,   2.73989963)
  ( 59.66666667,   2.88740350)
  ( 59.75000000,   3.02722457)
  ( 59.83333333,   3.15902442)
  ( 59.91666667,   3.28248514)
  ( 60.00000000,   3.39731384)
  ( 60.08333333,   3.50324110)
  ( 60.16666667,   3.60002083)
  ( 60.25000000,   3.68743075)
  ( 60.33333333,   3.76527121)
  ( 60.41666667,   3.83336692)
  ( 60.50000000,   3.89156942)
  ( 60.58333333,   3.93975766)
  ( 60.66666667,   3.97783620)
  ( 60.75000000,   4.00573598)
  ( 60.83333333,   4.02341362)
  ( 60.91666667,   4.03085441)
  ( 61.00000000,   4.02806866)
  ( 61.08333333,   4.01509078)
  ( 61.16666667,   3.99198210)
  ( 61.25000000,   3.95883008)
  ( 61.33333333,   3.91574760)
  ( 61.41666667,   3.86287580)
  ( 61.50000000,   3.80037982)
  ( 61.58333333,   3.72845021)
  ( 61.66666667,   3.64730277)
  ( 61.75000000,   3.55717503)
  ( 61.83333333,   3.45832545)
  ( 61.91666667,   3.35103634)
  ( 62.00000000,   3.23561056)
  ( 62.08333333,   3.11236889)
  ( 62.16666667,   2.98165395)
  ( 62.25000000,   2.84382520)
  ( 62.33333333,   2.69925994)
  ( 62.41666667,   2.54835312)
  ( 62.50000000,   2.39151769)
  ( 62.58333333,   2.22917818)
  ( 62.66666667,   2.06177455)
  ( 62.75000000,   1.88975739)
  ( 62.83333333,   1.71358562)
  ( 62.91666667,   1.53373062)
  ( 63.00000000,   1.35067025)
  ( 63.08333333,   1.16488940)
  ( 63.16666667,   0.97687933)
  ( 63.25000000,   0.78713640)
  ( 63.33333333,   0.59615877)
  ( 63.41666667,   0.40444661)
  ( 63.50000000,   0.21249957)
  ( 63.58333333,   0.02081912)
  ( 63.66666667,  -0.17009567)
  ( 63.75000000,  -0.35974784)
  ( 63.83333333,  -0.54764736)
  ( 63.91666667,  -0.73331034)
  ( 64.00000000,  -0.91626236)
  ( 64.08333333,  -1.09603496)
  ( 64.16666667,  -1.27216989)
  ( 64.25000000,  -1.44421854)
  ( 64.33333333,  -1.61174472)
  ( 64.41666667,  -1.77432506)
  ( 64.50000000,  -1.93155100)
  ( 64.58333333,  -2.08302728)
  ( 64.66666667,  -2.22837486)
  ( 64.75000000,  -2.36723467)
  ( 64.83333333,  -2.49926531)
  ( 64.91666667,  -2.62414460)
  ( 65.00000000,  -2.74156732)
  ( 65.08333333,  -2.85125074)
  ( 65.16666667,  -2.95293364)
  ( 65.25000000,  -3.04637614)
  ( 65.33333333,  -3.13135751)
  ( 65.41666667,  -3.20768071)
  ( 65.50000000,  -3.27517457)
  ( 65.58333333,  -3.33369407)
  ( 65.66666667,  -3.38311758)
  ( 65.75000000,  -3.42334823)
  ( 65.83333333,  -3.45431124)
  ( 65.91666667,  -3.47595429)
  ( 66.00000000,  -3.48824969)
  ( 66.08333333,  -3.49119684)
  ( 66.16666667,  -3.48482002)
  ( 66.25000000,  -3.46916807)
  ( 66.33333333,  -3.44431510)
  ( 66.41666667,  -3.41035848)
  ( 66.50000000,  -3.36742061)
  ( 66.58333333,  -3.31564586)
  ( 66.66666667,  -3.25520195)
  ( 66.75000000,  -3.18627644)
  ( 66.83333333,  -3.10908077)
  ( 66.91666667,  -3.02384681)
  ( 67.00000000,  -2.93082934)
  ( 67.08333333,  -2.83030031)
  ( 67.16666667,  -2.72255140)
  ( 67.25000000,  -2.60789400)
  ( 67.33333333,  -2.48665805)
  ( 67.41666667,  -2.35918946)
  ( 67.50000000,  -2.22585089)
  ( 67.58333333,  -2.08701666)
  ( 67.66666667,  -1.94307171)
  ( 67.75000000,  -1.79441617)
  ( 67.83333333,  -1.64146225)
  ( 67.91666667,  -1.48463354)
  ( 68.00000000,  -1.32436192)
  ( 68.08333333,  -1.16108455)
  ( 68.16666667,  -0.99524890)
  ( 68.25000000,  -0.82730796)
  ( 68.33333333,  -0.65771869)
  ( 68.41666667,  -0.48694220)
  ( 68.50000000,  -0.31543877)
  ( 68.58333333,  -0.14367025)
  ( 68.66666667,   0.02790125)
  ( 68.75000000,   0.19881541)
  ( 68.83333333,   0.36861841)
  ( 68.91666667,   0.53685985)
  ( 69.00000000,   0.70309236)
  ( 69.08333333,   0.86687579)
  ( 69.16666667,   1.02777641)
  ( 69.25000000,   1.18537297)
  ( 69.33333333,   1.33925354)
  ( 69.41666667,   1.48901421)
  ( 69.50000000,   1.63426274)
  ( 69.58333333,   1.77462214)
  ( 69.66666667,   1.90973074)
  ( 69.75000000,   2.03924293)
  ( 69.83333333,   2.16282817)
  ( 69.91666667,   2.28017305)
  ( 70.00000000,   2.39098111)
  ( 70.08333333,   2.49497491)
  ( 70.16666667,   2.59189503)
  ( 70.25000000,   2.68150373)
  ( 70.33333333,   2.76358368)
  ( 70.41666667,   2.83794027)
  ( 70.50000000,   2.90439999)
  ( 70.58333333,   2.96281231)
  ( 70.66666667,   3.01304592)
  ( 70.75000000,   3.05499183)
  ( 70.83333333,   3.08856005)
  ( 70.91666667,   3.11368637)
  ( 71.00000000,   3.13033197)
  ( 71.08333333,   3.13847963)
  ( 71.16666667,   3.13813408)
  ( 71.25000000,   3.12932639)
  ( 71.33333333,   3.11211100)
  ( 71.41666667,   3.08656682)
  ( 71.50000000,   3.05278951)
  ( 71.58333333,   3.01089823)
  ( 71.66666667,   2.96103425)
  ( 71.75000000,   2.90335818)
  ( 71.83333333,   2.83804996)
  ( 71.91666667,   2.76531442)
  ( 72.00000000,   2.68537721)
  ( 72.08333333,   2.59848182)
  ( 72.16666667,   2.50489030)
  ( 72.25000000,   2.40488183)
  ( 72.33333333,   2.29875053)
  ( 72.41666667,   2.18680820)
  ( 72.50000000,   2.06937961)
  ( 72.58333333,   1.94680629)
  ( 72.66666667,   1.81944131)
  ( 72.75000000,   1.68764983)
  ( 72.83333333,   1.55180867)
  ( 72.91666667,   1.41230588)
  ( 73.00000000,   1.26953738)
  ( 73.08333333,   1.12390654)
  ( 73.16666667,   0.97582446)
  ( 73.25000000,   0.82570652)
  ( 73.33333333,   0.67397406)
  ( 73.41666667,   0.52104941)
  ( 73.50000000,   0.36735760)
  ( 73.58333333,   0.21332627)
  ( 73.66666667,   0.05938314)
  ( 73.75000000,  -0.09404620)
  ( 73.83333333,  -0.24653848)
  ( 73.91666667,  -0.39767263)
  ( 74.00000000,  -0.54703347)
  ( 74.08333333,  -0.69421206)
  ( 74.16666667,  -0.83880843)
  ( 74.25000000,  -0.98043291)
  ( 74.33333333,  -1.11870095)
  ( 74.41666667,  -1.25323871)
  ( 74.50000000,  -1.38368714)
  ( 74.58333333,  -1.50969834)
  ( 74.66666667,  -1.63093554)
  ( 74.75000000,  -1.74707386)
  ( 74.83333333,  -1.85780400)
  ( 74.91666667,  -1.96283283)
  ( 75.00000000,  -2.06188558)
  ( 75.08333333,  -2.15470322)
  ( 75.16666667,  -2.24104610)
  ( 75.25000000,  -2.32069253)
  ( 75.33333333,  -2.39344151)
  ( 75.41666667,  -2.45911146)
  ( 75.50000000,  -2.51754296)
  ( 75.58333333,  -2.56859709)
  ( 75.66666667,  -2.61215348)
  ( 75.75000000,  -2.64810940)
  ( 75.83333333,  -2.67638609)
  ( 75.91666667,  -2.69692614)
  ( 76.00000000,  -2.70969323)
  ( 76.08333333,  -2.71467111)
  ( 76.16666667,  -2.71186798)
  ( 76.25000000,  -2.70131521)
  ( 76.33333333,  -2.68306494)
  ( 76.41666667,  -2.65719224)
  ( 76.50000000,  -2.62378997)
  ( 76.58333333,  -2.58296975)
  ( 76.66666667,  -2.53486467)
  ( 76.75000000,  -2.47963223)
  ( 76.83333333,  -2.41744617)
  ( 76.91666667,  -2.34850087)
  ( 77.00000000,  -2.27300694)
  ( 77.08333333,  -2.19119377)
  ( 77.16666667,  -2.10331128)
  ( 77.25000000,  -2.00962421)
  ( 77.33333333,  -1.91040883)
  ( 77.41666667,  -1.80595767)
  ( 77.50000000,  -1.69657970)
  ( 77.58333333,  -1.58259278)
  ( 77.66666667,  -1.46433102)
  ( 77.75000000,  -1.34214230)
  ( 77.83333333,  -1.21638189)
  ( 77.91666667,  -1.08741629)
  ( 78.00000000,  -0.95562274)
  ( 78.08333333,  -0.82138202)
  ( 78.16666667,  -0.68508094)
  ( 78.25000000,  -0.54710977)
  ( 78.33333333,  -0.40786468)
  ( 78.41666667,  -0.26774437)
  ( 78.50000000,  -0.12714506)
  ( 78.58333333,   0.01353356)
  ( 78.66666667,   0.15388960)
  ( 78.75000000,   0.29352499)
  ( 78.83333333,   0.43204280)
  ( 78.91666667,   0.56904803)
  ( 79.00000000,   0.70415159)
  ( 79.08333333,   0.83697134)
  ( 79.16666667,   0.96713331)
  ( 79.25000000,   1.09427191)
  ( 79.33333333,   1.21802749)
  ( 79.41666667,   1.33805025)
  ( 79.50000000,   1.45400758)
  ( 79.58333333,   1.56557511)
  ( 79.66666667,   1.67244041)
  ( 79.75000000,   1.77430457)
  ( 79.83333333,   1.87088065)
  ( 79.91666667,   1.96189872)
  ( 80.00000000,   2.04710659)
  ( 80.08333333,   2.12626599)
  ( 80.16666667,   2.19915546)
  ( 80.25000000,   2.26557353)
  ( 80.33333333,   2.32533740)
  ( 80.41666667,   2.37828447)
  ( 80.50000000,   2.42426997)
  ( 80.58333333,   2.46316774)
  ( 80.66666667,   2.49487262)
  ( 80.75000000,   2.51930084)
  ( 80.83333333,   2.53638851)
  ( 80.91666667,   2.54609087)
  ( 81.00000000,   2.54838564)
  ( 81.08333333,   2.54327026)
  ( 81.16666667,   2.53076483)
  ( 81.25000000,   2.51091045)
  ( 81.33333333,   2.48376975)
  ( 81.41666667,   2.44942544)
  ( 81.50000000,   2.40798197)
  ( 81.58333333,   2.35956387)
  ( 81.66666667,   2.30431693)
  ( 81.75000000,   2.24240331)
  ( 81.83333333,   2.17400400)
  ( 81.91666667,   2.09931828)
  ( 82.00000000,   2.01856463)
  ( 82.08333333,   1.93198006)
  ( 82.16666667,   1.83981706)
  ( 82.25000000,   1.74234121)
  ( 82.33333333,   1.63983264)
  ( 82.41666667,   1.53258726)
  ( 82.50000000,   1.42091484)
  ( 82.58333333,   1.30513893)
  ( 82.66666667,   1.18559602)
  ( 82.75000000,   1.06263362)
  ( 82.83333333,   0.93660826)
  ( 82.91666667,   0.80788345)
  ( 83.00000000,   0.67682927)
  ( 83.08333333,   0.54382436)
  ( 83.16666667,   0.40925062)
  ( 83.25000000,   0.27349380)
  ( 83.33333333,   0.13694516)
  ( 83.41666667,   0.00000000)
  ( 83.50000000,  -0.13694516)
  ( 83.58333333,  -0.27349380)
  ( 83.66666667,  -0.40925062)
  ( 83.75000000,  -0.54382436)
  ( 83.83333333,  -0.67682927)
  ( 83.91666667,  -0.80788345)
  ( 84.00000000,  -0.93660826)
  ( 84.08333333,  -1.06263362)
  ( 84.16666667,  -1.18559602)
  ( 84.25000000,  -1.30513893)
  ( 84.33333333,  -1.42091484)
  ( 84.41666667,  -1.53258726)
  ( 84.50000000,  -1.63983264)
  ( 84.58333333,  -1.74234121)
  ( 84.66666667,  -1.83981706)
  ( 84.75000000,  -1.93198006)
  ( 84.83333333,  -2.01856463)
  ( 84.91666667,  -2.09931828)
  ( 85.00000000,  -2.17400400)
  ( 85.08333333,  -2.24240331)
  ( 85.16666667,  -2.30431693)
  ( 85.25000000,  -2.35956387)
  ( 85.33333333,  -2.40798197)
  ( 85.41666667,  -2.44942544)
  ( 85.50000000,  -2.48376975)
  ( 85.58333333,  -2.51091045)
  ( 85.66666667,  -2.53076483)
  ( 85.75000000,  -2.54327026)
  ( 85.83333333,  -2.54838564)
  ( 85.91666667,  -2.54609087)
  ( 86.00000000,  -2.53638851)
  ( 86.08333333,  -2.51930084)
  ( 86.16666667,  -2.49487262)
  ( 86.25000000,  -2.46316774)
  ( 86.33333333,  -2.42426997)
  ( 86.41666667,  -2.37828447)
  ( 86.50000000,  -2.32533740)
  ( 86.58333333,  -2.26557353)
  ( 86.66666667,  -2.19915546)
  ( 86.75000000,  -2.12626599)
  ( 86.83333333,  -2.04710659)
  ( 86.91666667,  -1.96189872)
  ( 87.00000000,  -1.87088065)
  ( 87.08333333,  -1.77430457)
  ( 87.16666667,  -1.67244041)
  ( 87.25000000,  -1.56557511)
  ( 87.33333333,  -1.45400758)
  ( 87.41666667,  -1.33805025)
  ( 87.50000000,  -1.21802749)
  ( 87.58333333,  -1.09427191)
  ( 87.66666667,  -0.96713331)
  ( 87.75000000,  -0.83697134)
  ( 87.83333333,  -0.70415159)
  ( 87.91666667,  -0.56904803)
  ( 88.00000000,  -0.43204280)
  ( 88.08333333,  -0.29352499)
  ( 88.16666667,  -0.15388960)
  ( 88.25000000,  -0.01353356)
  ( 88.33333333,   0.12714506)
  ( 88.41666667,   0.26774437)
  ( 88.50000000,   0.40786468)
  ( 88.58333333,   0.54710977)
  ( 88.66666667,   0.68508094)
  ( 88.75000000,   0.82138202)
  ( 88.83333333,   0.95562274)
  ( 88.91666667,   1.08741629)
  ( 89.00000000,   1.21638189)
  ( 89.08333333,   1.34214230)
  ( 89.16666667,   1.46433102)
  ( 89.25000000,   1.58259278)
  ( 89.33333333,   1.69657970)
  ( 89.41666667,   1.80595767)
  ( 89.50000000,   1.91040883)
  ( 89.58333333,   2.00962421)
  ( 89.66666667,   2.10331128)
  ( 89.75000000,   2.19119377)
  ( 89.83333333,   2.27300694)
  ( 89.91666667,   2.34850087)
  ( 90.00000000,   2.41744617)
  ( 90.08333333,   2.47963223)
  ( 90.16666667,   2.53486467)
  ( 90.25000000,   2.58296975)
  ( 90.33333333,   2.62378997)
  ( 90.41666667,   2.65719224)
  ( 90.50000000,   2.68306494)
  ( 90.58333333,   2.70131521)
  ( 90.66666667,   2.71186798)
  ( 90.75000000,   2.71467111)
  ( 90.83333333,   2.70969323)
  ( 90.91666667,   2.69692614)
  ( 91.00000000,   2.67638609)
  ( 91.08333333,   2.64810940)
  ( 91.16666667,   2.61215348)
  ( 91.25000000,   2.56859709)
  ( 91.33333333,   2.51754296)
  ( 91.41666667,   2.45911146)
  ( 91.50000000,   2.39344151)
  ( 91.58333333,   2.32069253)
  ( 91.66666667,   2.24104610)
  ( 91.75000000,   2.15470322)
  ( 91.83333333,   2.06188558)
  ( 91.91666667,   1.96283283)
  ( 92.00000000,   1.85780400)
  ( 92.08333333,   1.74707386)
  ( 92.16666667,   1.63093554)
  ( 92.25000000,   1.50969834)
  ( 92.33333333,   1.38368714)
  ( 92.41666667,   1.25323871)
  ( 92.50000000,   1.11870095)
  ( 92.58333333,   0.98043291)
  ( 92.66666667,   0.83880843)
  ( 92.75000000,   0.69421206)
  ( 92.83333333,   0.54703347)
  ( 92.91666667,   0.39767263)
  ( 93.00000000,   0.24653848)
  ( 93.08333333,   0.09404620)
  ( 93.16666667,  -0.05938314)
  ( 93.25000000,  -0.21332627)
  ( 93.33333333,  -0.36735760)
  ( 93.41666667,  -0.52104941)
  ( 93.50000000,  -0.67397406)
  ( 93.58333333,  -0.82570652)
  ( 93.66666667,  -0.97582446)
  ( 93.75000000,  -1.12390654)
  ( 93.83333333,  -1.26953738)
  ( 93.91666667,  -1.41230588)
  ( 94.00000000,  -1.55180867)
  ( 94.08333333,  -1.68764983)
  ( 94.16666667,  -1.81944131)
  ( 94.25000000,  -1.94680629)
  ( 94.33333333,  -2.06937961)
  ( 94.41666667,  -2.18680820)
  ( 94.50000000,  -2.29875053)
  ( 94.58333333,  -2.40488183)
  ( 94.66666667,  -2.50489030)
  ( 94.75000000,  -2.59848182)
  ( 94.83333333,  -2.68537721)
  ( 94.91666667,  -2.76531442)
  ( 95.00000000,  -2.83804996)
  ( 95.08333333,  -2.90335818)
  ( 95.16666667,  -2.96103425)
  ( 95.25000000,  -3.01089823)
  ( 95.33333333,  -3.05278951)
  ( 95.41666667,  -3.08656682)
  ( 95.50000000,  -3.11211100)
  ( 95.58333333,  -3.12932639)
  ( 95.66666667,  -3.13813408)
  ( 95.75000000,  -3.13847963)
  ( 95.83333333,  -3.13033197)
  ( 95.91666667,  -3.11368637)
  ( 96.00000000,  -3.08856005)
  ( 96.08333333,  -3.05499183)
  ( 96.16666667,  -3.01304592)
  ( 96.25000000,  -2.96281231)
  ( 96.33333333,  -2.90439999)
  ( 96.41666667,  -2.83794027)
  ( 96.50000000,  -2.76358368)
  ( 96.58333333,  -2.68150373)
  ( 96.66666667,  -2.59189503)
  ( 96.75000000,  -2.49497491)
  ( 96.83333333,  -2.39098111)
  ( 96.91666667,  -2.28017305)
  ( 97.00000000,  -2.16282817)
  ( 97.08333333,  -2.03924293)
  ( 97.16666667,  -1.90973074)
  ( 97.25000000,  -1.77462214)
  ( 97.33333333,  -1.63426274)
  ( 97.41666667,  -1.48901421)
  ( 97.50000000,  -1.33925354)
  ( 97.58333333,  -1.18537297)
  ( 97.66666667,  -1.02777641)
  ( 97.75000000,  -0.86687579)
  ( 97.83333333,  -0.70309236)
  ( 97.91666667,  -0.53685985)
  ( 98.00000000,  -0.36861841)
  ( 98.08333333,  -0.19881541)
  ( 98.16666667,  -0.02790125)
  ( 98.25000000,   0.14367025)
  ( 98.33333333,   0.31543877)
  ( 98.41666667,   0.48694220)
  ( 98.50000000,   0.65771869)
  ( 98.58333333,   0.82730796)
  ( 98.66666667,   0.99524890)
  ( 98.75000000,   1.16108455)
  ( 98.83333333,   1.32436192)
  ( 98.91666667,   1.48463354)
  ( 99.00000000,   1.64146225)
  ( 99.08333333,   1.79441617)
  ( 99.16666667,   1.94307171)
  ( 99.25000000,   2.08701666)
  ( 99.33333333,   2.22585089)
  ( 99.41666667,   2.35918946)
  ( 99.50000000,   2.48665805)
  ( 99.58333333,   2.60789400)
  ( 99.66666667,   2.72255140)
  ( 99.75000000,   2.83030031)
  ( 99.83333333,   2.93082934)
  ( 99.91666667,   3.02384681)
  (100.00000000,   3.10908077)
  (100.08333333,   3.18627644)
  (100.16666667,   3.25520195)
  (100.25000000,   3.31564586)
  (100.33333333,   3.36742061)
  (100.41666667,   3.41035848)
  (100.50000000,   3.44431510)
  (100.58333333,   3.46916807)
  (100.66666667,   3.48482002)
  (100.75000000,   3.49119684)
  (100.83333333,   3.48824969)
  (100.91666667,   3.47595429)
  (101.00000000,   3.45431124)
  (101.08333333,   3.42334823)
  (101.16666667,   3.38311758)
  (101.25000000,   3.33369407)
  (101.33333333,   3.27517457)
  (101.41666667,   3.20768071)
  (101.50000000,   3.13135751)
  (101.58333333,   3.04637614)
  (101.66666667,   2.95293364)
  (101.75000000,   2.85125074)
  (101.83333333,   2.74156732)
  (101.91666667,   2.62414460)
  (102.00000000,   2.49926531)
  (102.08333333,   2.36723467)
  (102.16666667,   2.22837486)
  (102.25000000,   2.08302728)
  (102.33333333,   1.93155100)
  (102.41666667,   1.77432506)
  (102.50000000,   1.61174472)
  (102.58333333,   1.44421854)
  (102.66666667,   1.27216989)
  (102.75000000,   1.09603496)
  (102.83333333,   0.91626236)
  (102.91666667,   0.73331034)
  (103.00000000,   0.54764736)
  (103.08333333,   0.35974784)
  (103.16666667,   0.17009567)
  (103.25000000,  -0.02081912)
  (103.33333333,  -0.21249957)
  (103.41666667,  -0.40444661)
  (103.50000000,  -0.59615877)
  (103.58333333,  -0.78713640)
  (103.66666667,  -0.97687933)
  (103.75000000,  -1.16488940)
  (103.83333333,  -1.35067025)
  (103.91666667,  -1.53373062)
  (104.00000000,  -1.71358562)
  (104.08333333,  -1.88975739)
  (104.16666667,  -2.06177455)
  (104.25000000,  -2.22917818)
  (104.33333333,  -2.39151769)
  (104.41666667,  -2.54835312)
  (104.50000000,  -2.69925994)
  (104.58333333,  -2.84382520)
  (104.66666667,  -2.98165395)
  (104.75000000,  -3.11236889)
  (104.83333333,  -3.23561056)
  (104.91666667,  -3.35103634)
  (105.00000000,  -3.45832545)
  (105.08333333,  -3.55717503)
  (105.16666667,  -3.64730277)
  (105.25000000,  -3.72845021)
  (105.33333333,  -3.80037982)
  (105.41666667,  -3.86287580)
  (105.50000000,  -3.91574760)
  (105.58333333,  -3.95883008)
  (105.66666667,  -3.99198210)
  (105.75000000,  -4.01509078)
  (105.83333333,  -4.02806866)
  (105.91666667,  -4.03085441)
  (106.00000000,  -4.02341362)
  (106.08333333,  -4.00573598)
  (106.16666667,  -3.97783620)
  (106.25000000,  -3.93975766)
  (106.33333333,  -3.89156942)
  (106.41666667,  -3.83336692)
  (106.50000000,  -3.76527121)
  (106.58333333,  -3.68743075)
  (106.66666667,  -3.60002083)
  (106.75000000,  -3.50324110)
  (106.83333333,  -3.39731384)
  (106.91666667,  -3.28248514)
  (107.00000000,  -3.15902442)
  (107.08333333,  -3.02722457)
  (107.16666667,  -2.88740350)
  (107.25000000,  -2.73989963)
  (107.33333333,  -2.58507305)
  (107.41666667,  -2.42330440)
  (107.50000000,  -2.25499153)
  (107.58333333,  -2.08054914)
  (107.66666667,  -1.90041167)
  (107.75000000,  -1.71502678)
  (107.83333333,  -1.52485752)
  (107.91666667,  -1.33037976)
  (108.00000000,  -1.13207905)
  (108.08333333,  -0.93045348)
  (108.16666667,  -0.72601220)
  (108.25000000,  -0.51927366)
  (108.33333333,  -0.31076682)
  (108.41666667,  -0.10102342)
  (108.50000000,   0.10942094)
  (108.58333333,   0.32002782)
  (108.66666667,   0.53025785)
  (108.75000000,   0.73956936)
  (108.83333333,   0.94742102)
  (108.91666667,   1.15327507)
  (109.00000000,   1.35659896)
  (109.08333333,   1.55686499)
  (109.16666667,   1.75355282)
  (109.25000000,   1.94614828)
  (109.33333333,   2.13414522)
  (109.41666667,   2.31705093)
  (109.50000000,   2.49438414)
  (109.58333333,   2.66567812)
  (109.66666667,   2.83048100)
  (109.75000000,   2.98835516)
  (109.83333333,   3.13888166)
  (109.91666667,   3.28166009)
  (110.00000000,   3.41630662)
  (110.08333333,   3.54245605)
  (110.16666667,   3.65976546)
  (110.25000000,   3.76791433)
  (110.33333333,   3.86660695)
  (110.41666667,   3.95557136)
  (110.50000000,   4.03456024)
  (110.58333333,   4.10335060)
  (110.66666667,   4.16174407)
  (110.75000000,   4.20957234)
  (110.83333333,   4.24669229)
  (110.91666667,   4.27298658)
  (111.00000000,   4.28836521)
  (111.08333333,   4.29276538)
  (111.16666667,   4.28615530)
  (111.25000000,   4.26853099)
  (111.33333333,   4.23991473)
  (111.41666667,   4.20035499)
  (111.50000000,   4.14993132)
  (111.58333333,   4.08875115)
  (111.66666667,   4.01694846)
  (111.75000000,   3.93468940)
  (111.83333333,   3.84216533)
  (111.91666667,   3.73959047)
  (112.00000000,   3.62720638)
  (112.08333333,   3.50528005)
  (112.16666667,   3.37410336)
  (112.25000000,   3.23399181)
  (112.33333333,   3.08528502)
  (112.41666667,   2.92834571)
  (112.50000000,   2.76356003)
  (112.58333333,   2.59133195)
  (112.66666667,   2.41208338)
  (112.75000000,   2.22625412)
  (112.83333333,   2.03430308)
  (112.91666667,   1.83670675)
  (113.00000000,   1.63395572)
  (113.08333333,   1.42655442)
  (113.16666667,   1.21502071)
  (113.25000000,   0.99988507)
  (113.33333333,   0.78168613)
  (113.41666667,   0.56097309)
  (113.50000000,   0.33830153)
  (113.58333333,   0.11423221)
  (113.66666667,  -0.11066872)
  (113.75000000,  -0.33583450)
  (113.83333333,  -0.56069679)
  (113.91666667,  -0.78468509)
  (114.00000000,  -1.00723130)
  (114.08333333,  -1.22776967)
  (114.16666667,  -1.44574097)
  (114.25000000,  -1.66059101)
  (114.33333333,  -1.87177326)
  (114.41666667,  -2.07874949)
  (114.50000000,  -2.28099193)
  (114.58333333,  -2.47798107)
  (114.66666667,  -2.66920993)
  (114.75000000,  -2.85418767)
  (114.83333333,  -3.03243761)
  (114.91666667,  -3.20350036)
  (115.00000000,  -3.36693351)
  (115.08333333,  -3.52231327)
  (115.16666667,  -3.66923731)
  (115.25000000,  -3.80732329)
  (115.33333333,  -3.93621061)
  (115.41666667,  -4.05556161)
  (115.50000000,  -4.16506284)
  (115.58333333,  -4.26442355)
  (115.66666667,  -4.35338183)
  (115.75000000,  -4.43169916)
  (115.83333333,  -4.49916230)
  (115.91666667,  -4.55558600)
  (116.00000000,  -4.60081344)
  (116.08333333,  -4.63471559)
  (116.16666667,  -4.65719315)
  (116.25000000,  -4.66817404)
  (116.33333333,  -4.66761492)
  (116.41666667,  -4.65550384)
  (116.50000000,  -4.63185549)
  (116.58333333,  -4.59671620)
  (116.66666667,  -4.55016200)
  (116.75000000,  -4.49229436)
  (116.83333333,  -4.42324270)
  (116.91666667,  -4.34316481)
  (117.00000000,  -4.25224966)
  (117.08333333,  -4.15071518)
  (117.16666667,  -4.03880424)
  (117.25000000,  -3.91678621)
  (117.33333333,  -3.78495757)
  (117.41666667,  -3.64364066)
  (117.50000000,  -3.49317962)
  (117.58333333,  -3.33394014)
  (117.66666667,  -3.16631070)
  (117.75000000,  -2.99070351)
  (117.83333333,  -2.80755250)
  (117.91666667,  -2.61731185)
  (118.00000000,  -2.42045351)
  (118.08333333,  -2.21746725)
  (118.16666667,  -2.00886087)
  (118.25000000,  -1.79515373)
  (118.33333333,  -1.57687632)
  (118.41666667,  -1.35457256)
  (118.50000000,  -1.12879774)
  (118.58333333,  -0.90011486)
  (118.66666667,  -0.66909560)
  (118.75000000,  -0.43631962)
  (118.83333333,  -0.20237127)
  (118.91666667,   0.03216251)
  (119.00000000,   0.26669288)
  (119.08333333,   0.50063003)
  (119.16666667,   0.73338439)
  (119.25000000,   0.96437030)
  (119.33333333,   1.19300551)
  (119.41666667,   1.41871361)
  (119.50000000,   1.64092731)
  (119.58333333,   1.85908803)
  (119.66666667,   2.07264636)
  (119.75000000,   2.28106524)
  (119.83333333,   2.48381863)
  (119.91666667,   2.68039468)
  (120.00000000,   2.87029420)
  (120.08333333,   3.05303664)
  (120.16666667,   3.22816204)
  (120.25000000,   3.39522730)
  (120.33333333,   3.55380747)
  (120.41666667,   3.70349856)
  (120.50000000,   3.84392287)
  (120.58333333,   3.97472784)
  (120.66666667,   4.09558282)
  (120.75000000,   4.20617990)
  (120.83333333,   4.30623821)
  (120.91666667,   4.39550503)
  (121.00000000,   4.47375398)
  (121.08333333,   4.54078740)
  (121.16666667,   4.59643617)
  (121.25000000,   4.64055562)
  (121.33333333,   4.67303368)
  (121.41666667,   4.69378713)
  (121.50000000,   4.70276331)
  (121.58333333,   4.69994069)
  (121.66666667,   4.68532492)
  (121.75000000,   4.65894845)
  (121.83333333,   4.62087639)
  (121.91666667,   4.57120607)
  (122.00000000,   4.51006277)
  (122.08333333,   4.43759962)
  (122.16666667,   4.35399688)
  (122.25000000,   4.25946212)
  (122.33333333,   4.15423125)
  (122.41666667,   4.03856908)
  (122.50000000,   3.91276222)
  (122.58333333,   3.77712354)
  (122.66666667,   3.63199191)
  (122.75000000,   3.47773106)
  (122.83333333,   3.31472784)
  (122.91666667,   3.14339109)
  (123.00000000,   2.96414879)
  (123.08333333,   2.77744936)
  (123.16666667,   2.58375941)
  (123.25000000,   2.38356450)
  (123.33333333,   2.17736250)
  (123.41666667,   1.96566756)
  (123.50000000,   1.74900931)
  (123.58333333,   1.52793099)
  (123.66666667,   1.30298418)
  (123.75000000,   1.07472838)
  (123.83333333,   0.84373203)
  (123.91666667,   0.61057185)
  (124.00000000,   0.37583160)
  (124.08333333,   0.14009738)
  (124.16666667,  -0.09604235)
  (124.25000000,  -0.33199850)
  (124.33333333,  -0.56718330)
  (124.41666667,  -0.80101358)
  (124.50000000,  -1.03290950)
  (124.58333333,  -1.26229564)
  (124.66666667,  -1.48860162)
  (124.75000000,  -1.71126511)
  (124.83333333,  -1.92973181)
  (124.91666667,  -2.14345809)
  (125.00000000,  -2.35191378)
  (125.08333333,  -2.55458301)
  (125.16666667,  -2.75096583)
  (125.25000000,  -2.94057602)
  (125.33333333,  -3.12294382)
  (125.41666667,  -3.29761712)
  (125.50000000,  -3.46416631)
  (125.58333333,  -3.62218295)
  (125.66666667,  -3.77128039)
  (125.75000000,  -3.91109214)
  (125.83333333,  -4.04127323)
  (125.91666667,  -4.16150609)
  (126.00000000,  -4.27149697)
  (126.08333333,  -4.37097760)
  (126.16666667,  -4.45970483)
  (126.25000000,  -4.53746180)
  (126.33333333,  -4.60406371)
  (126.41666667,  -4.65935159)
  (126.50000000,  -4.70319343)
  (126.58333333,  -4.73548601)
  (126.66666667,  -4.75615658)
  (126.75000000,  -4.76516025)
  (126.83333333,  -4.76248358)
  (126.91666667,  -4.74813758)
  (127.00000000,  -4.72216170)
  (127.08333333,  -4.68463073)
  (127.16666667,  -4.63564692)
  (127.25000000,  -4.57533827)
  (127.33333333,  -4.50386107)
  (127.41666667,  -4.42140053)
  (127.50000000,  -4.32816805)
  (127.58333333,  -4.22440156)
  (127.66666667,  -4.11036355)
  (127.75000000,  -3.98634359)
  (127.83333333,  -3.85265928)
  (127.91666667,  -3.70964999)
  (128.00000000,  -3.55767600)
  (128.08333333,  -3.39712048)
  (128.16666667,  -3.22838618)
  (128.25000000,  -3.05189668)
  (128.33333333,  -2.86809544)
  (128.41666667,  -2.67744344)
  (128.50000000,  -2.48041903)
  (128.58333333,  -2.27751686)
  (128.66666667,  -2.06924512)
  (128.75000000,  -1.85612449)
  (128.83333333,  -1.63868498)
  (128.91666667,  -1.41746836)
  (129.00000000,  -1.19302631)
  (129.08333333,  -0.96591720)
  (129.16666667,  -0.73670697)
  (129.25000000,  -0.50596562)
  (129.33333333,  -0.27426598)
  (129.41666667,  -0.04218422)
  (129.50000000,   0.18970253)
  (129.58333333,   0.42082043)
  (129.66666667,   0.65059979)
  (129.75000000,   0.87847284)
  (129.83333333,   1.10387734)
  (129.91666667,   1.32625819)
  (130.00000000,   1.54506601)
  (130.08333333,   1.75976366)
  (130.16666667,   1.96982337)
  (130.25000000,   2.17472984)
  (130.33333333,   2.37398354)
  (130.41666667,   2.56709893)
  (130.50000000,   2.75360750)
  (130.58333333,   2.93305551)
  (130.66666667,   3.10500581)
  (130.75000000,   3.26904240)
  (130.83333333,   3.42476892)
  (130.91666667,   3.57181086)
  (131.00000000,   3.70981731)
  (131.08333333,   3.83845965)
  (131.16666667,   3.95743261)
  (131.25000000,   4.06645733)
  (131.33333333,   4.16527843)
  (131.41666667,   4.25366512)
  (131.50000000,   4.33141436)
  (131.58333333,   4.39835004)
  (131.66666667,   4.45432542)
  (131.75000000,   4.49922008)
  (131.83333333,   4.53294052)
  (131.91666667,   4.55541869)
  (132.00000000,   4.56661651)
  (132.08333333,   4.56652377)
  (132.16666667,   4.55515656)
  (132.25000000,   4.53256125)
  (132.33333333,   4.49881145)
  (132.41666667,   4.45400857)
  (132.50000000,   4.39828222)
  (132.58333333,   4.33179036)
  (132.66666667,   4.25471702)
  (132.75000000,   4.16726924)
  (132.83333333,   4.06967930)
  (132.91666667,   3.96220317)
  (133.00000000,   3.84512369)
  (133.08333333,   3.71874540)
  (133.16666667,   3.58339313)
  (133.25000000,   3.43941567)
  (133.33333333,   3.28718524)
  (133.41666667,   3.12709248)
  (133.50000000,   2.95954698)
  (133.58333333,   2.78497687)
  (133.66666667,   2.60382494)
  (133.75000000,   2.41654912)
  (133.83333333,   2.22362081)
  (133.91666667,   2.02552520)
  (134.00000000,   1.82275828)
  (134.08333333,   1.61582838)
  (134.16666667,   1.40525014)
  (134.25000000,   1.19154923)
  (134.33333333,   0.97525883)
  (134.41666667,   0.75691923)
  (134.50000000,   0.53707159)
  (134.58333333,   0.31626089)
  (134.66666667,   0.09503497)
  (134.75000000,  -0.12605956)
  (134.83333333,  -0.34647863)
  (134.91666667,  -0.56568095)
  (135.00000000,  -0.78313015)
  (135.08333333,  -0.99829730)
  (135.16666667,  -1.21065801)
  (135.25000000,  -1.41969380)
  (135.33333333,  -1.62489643)
  (135.41666667,  -1.82576876)
  (135.50000000,  -2.02182455)
  (135.58333333,  -2.21259059)
  (135.66666667,  -2.39760701)
  (135.75000000,  -2.57642946)
  (135.83333333,  -2.74863070)
  (135.91666667,  -2.91380066)
  (136.00000000,  -3.07154410)
  (136.08333333,  -3.22148755)
  (136.16666667,  -3.36327615)
  (136.25000000,  -3.49657618)
  (136.33333333,  -3.62107647)
  (136.41666667,  -3.73648832)
  (136.50000000,  -3.84254399)
  (136.58333333,  -3.93900282)
  (136.66666667,  -4.02564803)
  (136.75000000,  -4.10228565)
  (136.83333333,  -4.16874433)
  (136.91666667,  -4.22487963)
  (137.00000000,  -4.27057225)
  (137.08333333,  -4.30572877)
  (137.16666667,  -4.33028387)
  (137.25000000,  -4.34419934)
  (137.33333333,  -4.34746365)
  (137.41666667,  -4.34008798)
  (137.50000000,  -4.32211280)
  (137.58333333,  -4.29360205)
  (137.66666667,  -4.25464614)
  (137.75000000,  -4.20536329)
  (137.83333333,  -4.14589656)
  (137.91666667,  -4.07641384)
  (138.00000000,  -3.99710622)
  (138.08333333,  -3.90818989)
  (138.16666667,  -3.80990385)
  (138.25000000,  -3.70250782)
  (138.33333333,  -3.58628080)
  (138.41666667,  -3.46152543)
  (138.50000000,  -3.32856615)
  (138.58333333,  -3.18774756)
  (138.66666667,  -3.03943225)
  (138.75000000,  -2.88400121)
  (138.83333333,  -2.72185363)
  (138.91666667,  -2.55340211)
  (139.00000000,  -2.37907379)
  (139.08333333,  -2.19931126)
  (139.16666667,  -2.01456921)
  (139.25000000,  -1.82531473)
  (139.33333333,  -1.63202297)
  (139.41666667,  -1.43517860)
  (139.50000000,  -1.23527294)
  (139.58333333,  -1.03280410)
  (139.66666667,  -0.82827498)
  (139.75000000,  -0.62219275)
  (139.83333333,  -0.41506808)
  (139.91666667,  -0.20741365)
  (140.00000000,   0.00025867)
  (140.08333333,   0.20743915)
  (140.16666667,   0.41361946)
  (140.25000000,   0.61829478)
  (140.33333333,   0.82096971)
  (140.41666667,   1.02115345)
  (140.50000000,   1.21836341)
  (140.58333333,   1.41212341)
  (140.66666667,   1.60196525)
  (140.75000000,   1.78743306)
  (140.83333333,   1.96808239)
  (140.91666667,   2.14348133)
  (141.00000000,   2.31321468)
  (141.08333333,   2.47688191)
  (141.16666667,   2.63409609)
  (141.25000000,   2.78449044)
  (141.33333333,   2.92771661)
  (141.41666667,   3.06344416)
  (141.50000000,   3.19135977)
  (141.58333333,   3.31116988)
  (141.66666667,   3.42260340)
  (141.75000000,   3.52541274)
  (141.83333333,   3.61937140)
  (141.91666667,   3.70427375)
  (142.00000000,   3.77993837)
  (142.08333333,   3.84620469)
  (142.16666667,   3.90293638)
  (142.25000000,   3.95002242)
  (142.33333333,   3.98737668)
  (142.41666667,   4.01493811)
  (142.50000000,   4.03266739)
  (142.58333333,   4.04055027)
  (142.66666667,   4.03860128)
  (142.75000000,   4.02685492)
  (142.83333333,   4.00536779)
  (142.91666667,   3.97422143)
  (143.00000000,   3.93352167)
  (143.08333333,   3.88339821)
  (143.16666667,   3.82400504)
  (143.25000000,   3.75551909)
  (143.33333333,   3.67814094)
  (143.41666667,   3.59209037)
  (143.50000000,   3.49760271)
  (143.58333333,   3.39493442)
  (143.66666667,   3.28436586)
  (143.75000000,   3.16619583)
  (143.83333333,   3.04073839)
  (143.91666667,   2.90832876)
  (144.00000000,   2.76931742)
  (144.08333333,   2.62406750)
  (144.16666667,   2.47295620)
  (144.25000000,   2.31637331)
  (144.33333333,   2.15472181)
  (144.41666667,   1.98841435)
  (144.50000000,   1.81787406)
  (144.58333333,   1.64353447)
  (144.66666667,   1.46583763)
  (144.75000000,   1.28523280)
  (144.83333333,   1.10217535)
  (144.91666667,   0.91712309)
  (145.00000000,   0.73053686)
  (145.08333333,   0.54288184)
  (145.16666667,   0.35461969)
  (145.25000000,   0.16621387)
  (145.33333333,  -0.02187208)
  (145.41666667,  -0.20917783)
  (145.50000000,  -0.39524753)
  (145.58333333,  -0.57962760)
  (145.66666667,  -0.76187146)
  (145.75000000,  -0.94154038)
  (145.83333333,  -1.11820270)
  (145.91666667,  -1.29143727)
  (146.00000000,  -1.46083111)
  (146.08333333,  -1.62598032)
  (146.16666667,  -1.78649321)
  (146.25000000,  -1.94199502)
  (146.33333333,  -2.09212506)
  (146.41666667,  -2.23653275)
  (146.50000000,  -2.37488323)
  (146.58333333,  -2.50686004)
  (146.66666667,  -2.63216282)
  (146.75000000,  -2.75050836)
  (146.83333333,  -2.86163339)
  (146.91666667,  -2.96529239)
  (147.00000000,  -3.06125733)
  (147.08333333,  -3.14932126)
  (147.16666667,  -3.22929757)
  (147.25000000,  -3.30102248)
  (147.33333333,  -3.36435058)
  (147.41666667,  -3.41915719)
  (147.50000000,  -3.46534129)
  (147.58333333,  -3.50282462)
  (147.66666667,  -3.53154600)
  (147.75000000,  -3.55146833)
  (147.83333333,  -3.56257849)
  (147.91666667,  -3.56488342)
  (148.00000000,  -3.55841116)
  (148.08333333,  -3.54321198)
  (148.16666667,  -3.51935705)
  (148.25000000,  -3.48693670)
  (148.33333333,  -3.44606299)
  (148.41666667,  -3.39686624)
  (148.50000000,  -3.33949819)
  (148.58333333,  -3.27413208)
  (148.66666667,  -3.20096063)
  (148.75000000,  -3.12019374)
  (148.83333333,  -3.03205967)
  (148.91666667,  -2.93680499)
  (149.00000000,  -2.83468940)
  (149.08333333,  -2.72598782)
  (149.16666667,  -2.61099285)
  (149.25000000,  -2.49001092)
  (149.33333333,  -2.36336117)
  (149.41666667,  -2.23137600)
  (149.50000000,  -2.09439846)
  (149.58333333,  -1.95278227)
  (149.66666667,  -1.80689407)
  (149.75000000,  -1.65710932)
  (149.83333333,  -1.50381009)
  (149.91666667,  -1.34738653)
  (150.00000000,  -1.18823319)
  (150.08333333,  -1.02674988)
  (150.16666667,  -0.86334345)
  (150.25000000,  -0.69842282)
  (150.33333333,  -0.53239649)
  (150.41666667,  -0.36567644)
  (150.50000000,  -0.19867504)
  (150.58333333,  -0.03180338)
  (150.66666667,   0.13453187)
  (150.75000000,   0.29992552)
  (150.83333333,   0.46397521)
  (150.91666667,   0.62628616)
  (151.00000000,   0.78646774)
  (151.08333333,   0.94413782)
  (151.16666667,   1.09892212)
  (151.25000000,   1.25045308)
  (151.33333333,   1.39837002)
  (151.41666667,   1.54232724)
  (151.50000000,   1.68199032)
  (151.58333333,   1.81703384)
  (151.66666667,   1.94714813)
  (151.75000000,   2.07203971)
  (151.83333333,   2.19142781)
  (151.91666667,   2.30504742)
  (152.00000000,   2.41264652)
  (152.08333333,   2.51398718)
  (152.16666667,   2.60885168)
  (152.25000000,   2.69704142)
  (152.33333333,   2.77837102)
  (152.41666667,   2.85267578)
  (152.50000000,   2.91980648)
  (152.58333333,   2.97963218)
  (152.66666667,   3.03204264)
  (152.75000000,   3.07694885)
  (152.83333333,   3.11427972)
  (152.91666667,   3.14398073)
  (153.00000000,   3.16601800)
  (153.08333333,   3.18037969)
  (153.16666667,   3.18707025)
  (153.25000000,   3.18611235)
  (153.33333333,   3.17754949)
  (153.41666667,   3.16144210)
  (153.50000000,   3.13786837)
  (153.58333333,   3.10692491)
  (153.66666667,   3.06872861)
  (153.75000000,   3.02341325)
  (153.83333333,   2.97112951)
  (153.91666667,   2.91204340)
  (154.00000000,   2.84633878)
  (154.08333333,   2.77421257)
  (154.16666667,   2.69587680)
  (154.25000000,   2.61155797)
  (154.33333333,   2.52149958)
  (154.41666667,   2.42595729)
  (154.50000000,   2.32519894)
  (154.58333333,   2.21950138)
  (154.66666667,   2.10915240)
  (154.75000000,   1.99445296)
  (154.83333333,   1.87570985)
  (154.91666667,   1.75323869)
  (155.00000000,   1.62736217)
  (155.08333333,   1.49841011)
  (155.16666667,   1.36672069)
  (155.25000000,   1.23263604)
  (155.33333333,   1.09650060)
  (155.41666667,   0.95866348)
  (155.50000000,   0.81947399)
  (155.58333333,   0.67927987)
  (155.66666667,   0.53842932)
  (155.75000000,   0.39727342)
  (155.83333333,   0.25615942)
  (155.91666667,   0.11543375)
  (156.00000000,  -0.02456105)
  (156.08333333,  -0.16348412)
  (156.16666667,  -0.30099846)
  (156.25000000,  -0.43677468)
  (156.33333333,  -0.57049259)
  (156.41666667,  -0.70183813)
  (156.50000000,  -0.83050469)
  (156.58333333,  -0.95619553)
  (156.66666667,  -1.07862050)
  (156.75000000,  -1.19750188)
  (156.83333333,  -1.31257232)
  (156.91666667,  -1.42357441)
  (157.00000000,  -1.53026216)
  (157.08333333,  -1.63240317)
  (157.16666667,  -1.72977669)
  (157.25000000,  -1.82217808)
  (157.33333333,  -1.90941673)
  (157.41666667,  -1.99131419)
  (157.50000000,  -2.06770431)
  (157.58333333,  -2.13843903)
  (157.66666667,  -2.20338610)
  (157.75000000,  -2.26242751)
  (157.83333333,  -2.31545732)
  (157.91666667,  -2.36238619)
  (158.00000000,  -2.40314293)
  (158.08333333,  -2.43767043)
  (158.16666667,  -2.46592679)
  (158.25000000,  -2.48788830)
  (158.33333333,  -2.50354548)
  (158.41666667,  -2.51290278)
  (158.50000000,  -2.51598384)
  (158.58333333,  -2.51282527)
  (158.66666667,  -2.50347948)
  (158.75000000,  -2.48801300)
  (158.83333333,  -2.46650639)
  (158.91666667,  -2.43905332)
  (159.00000000,  -2.40576328)
  (159.08333333,  -2.36675868)
  (159.16666667,  -2.32217599)
  (159.25000000,  -2.27216414)
  (159.33333333,  -2.21688498)
  (159.41666667,  -2.15650903)
  (159.50000000,  -2.09122040)
  (159.58333333,  -2.02121225)
  (159.66666667,  -1.94668658)
  (159.75000000,  -1.86785478)
  (159.83333333,  -1.78493993)
  (159.91666667,  -1.69817347)
  (160.00000000,  -1.60779327)
  (160.08333333,  -1.51404404)
  (160.16666667,  -1.41717757)
  (160.25000000,  -1.31745027)
  (160.33333333,  -1.21512431)
  (160.41666667,  -1.11046663)
  (160.50000000,  -1.00374524)
  (160.58333333,  -0.89523300)
  (160.66666667,  -0.78520600)
  (160.75000000,  -0.67394096)
  (160.83333333,  -0.56171404)
  (160.91666667,  -0.44880321)
  (161.00000000,  -0.33548592)
  (161.08333333,  -0.22204064)
  (161.16666667,  -0.10874353)
  (161.25000000,   0.00413428)
  (161.33333333,   0.11632321)
  (161.41666667,   0.22755683)
  (161.50000000,   0.33757629)
  (161.58333333,   0.44612525)
  (161.66666667,   0.55295174)
  (161.75000000,   0.65781194)
  (161.83333333,   0.76046739)
  (161.91666667,   0.86068543)
  (162.00000000,   0.95824249)
  (162.08333333,   1.05292616)
  (162.16666667,   1.14453338)
  (162.25000000,   1.23286900)
  (162.33333333,   1.31774667)
  (162.41666667,   1.39899128)
  (162.50000000,   1.47643860)
  (162.58333333,   1.54993327)
  (162.66666667,   1.61932851)
  (162.75000000,   1.68448956)
  (162.83333333,   1.74529492)
  (162.91666667,   1.80163478)
  (163.00000000,   1.85341111)
  (163.08333333,   1.90054036)
  (163.16666667,   1.94294985)
  (163.25000000,   1.98057700)
  (163.33333333,   2.01337163)
  (163.41666667,   2.04129926)
  (163.50000000,   2.06433622)
  (163.58333333,   2.08247044)
  (163.66666667,   2.09570080)
  (163.75000000,   2.10404062)
  (163.83333333,   2.10751464)
  (163.91666667,   2.10616023)
  (164.00000000,   2.10002565)
  (164.08333333,   2.08917171)
  (164.16666667,   2.07367021)
  (164.25000000,   2.05360251)
  (164.33333333,   2.02905827)
  (164.41666667,   2.00014034)
  (164.50000000,   1.96695976)
  (164.58333333,   1.92963766)
  (164.66666667,   1.88830699)
  (164.75000000,   1.84311047)
  (164.83333333,   1.79419480)
  (164.91666667,   1.74171161)
  (165.00000000,   1.68582517)
  (165.08333333,   1.62670096)
  (165.16666667,   1.56451418)
  (165.25000000,   1.49944763)
  (165.33333333,   1.43168737)
  (165.41666667,   1.36142403)
  (165.50000000,   1.28885431)
  (165.58333333,   1.21417752)
  (165.66666667,   1.13759687)
  (165.75000000,   1.05931633)
  (165.83333333,   0.97954182)
  (165.91666667,   0.89848363)
  (166.00000000,   0.81635075)
  (166.08333333,   0.73335143)
  (166.16666667,   0.64969253)
  (166.25000000,   0.56557680)
  (166.33333333,   0.48120810)
  (166.41666667,   0.39679237)
  (166.50000000,   0.31253095)
  (166.58333333,   0.22862491)
  (166.66666667,   0.14527076)
  (166.75000000,   0.06266871)
]
