%=============================================================================
% Daniel J. Greenhoe 
% Sunspot Walsh coefficient data (2048 coefficients)
% Basis vector length = 2048
% Sunspot data file suitable for use with LaTeX PStricks / pst-plot
% For an example, see "sunspots_walsh_coefs.tex"
% This file auto-generated using "sunspots.R" --- hand-editing not recommended
%=============================================================================
[
  (  0,    -0.00000000)
  (  1,  -575.72413153)
  (  2,   -39.87419333)
  (  3,   406.21737783)
  (  4,    70.47423929)
  (  5,   500.85036224)
  (  6,  -222.63919918)
  (  7,   443.74265082)
  (  8,  -203.13189086)
  (  9,   115.47716649)
  ( 10,   108.69336081)
  ( 11,  -143.37694843)
  ( 12,  -116.55992375)
  ( 13,    19.21783649)
  ( 14,  -169.75203137)
  ( 15,   135.03308841)
  ( 16,   173.43340605)
  ( 17,  -160.54638496)
  ( 18,    37.94290794)
  ( 19,   -32.01204981)
  ( 20,   -47.37394463)
  ( 21,    28.74168095)
  ( 22,    61.87405306)
  ( 23,   -92.73042523)
  ( 24,  -183.08541361)
  ( 25,  -201.12989478)
  ( 26,   -80.40467015)
  ( 27,  -222.90878364)
  ( 28,  -428.27910940)
  ( 29,  -419.46237173)
  ( 30,  -683.77446712)
  ( 31,  1507.11192546)
  ( 32,  1060.95848245)
  ( 33,  -114.48721700)
  ( 34,   400.64449251)
  ( 35,   633.11026624)
  ( 36,  -242.00508615)
  ( 37,   198.06723854)
  ( 38,    -1.03193396)
  ( 39,   316.96724379)
  ( 40,  -195.98127353)
  ( 41,   419.26791736)
  ( 42,   -80.03343909)
  ( 43,  -204.70962286)
  ( 44,    10.71929686)
  ( 45,    31.47730031)
  ( 46,     9.43766582)
  ( 47,    76.06038286)
  ( 48,   209.66378975)
  ( 49,   -49.08867858)
  ( 50,    31.19003818)
  ( 51,    83.30822737)
  ( 52,    33.74888084)
  ( 53,  -139.02824172)
  ( 54,   145.88717750)
  ( 55,   -40.91717584)
  ( 56,  -170.28678087)
  ( 57,    95.05061935)
  ( 58,  -150.15191528)
  ( 59,  -278.32827762)
  ( 60,  -163.26432665)
  ( 61,  -156.36561612)
  ( 62,  -273.35201365)
  ( 63,   167.57767802)
  ( 64,   140.39826111)
  ( 65,  -109.19717439)
  ( 66,   -89.40260394)
  ( 67,   102.66969492)
  ( 68,  -156.56448990)
  ( 69,   -73.75786640)
  ( 70,  -100.17272410)
  ( 71,    -0.58115339)
  ( 72,   -14.67467542)
  ( 73,    33.29810027)
  ( 74,   -20.79998791)
  ( 75,  -132.94270399)
  ( 76,   -20.84860150)
  ( 77,    60.04883368)
  ( 78,    50.51615039)
  ( 79,    -9.02666000)
  ( 80,    19.14712581)
  ( 81,    96.42947758)
  ( 82,    12.61522692)
  ( 83,    73.00656545)
  ( 84,   -30.23102460)
  ( 85,  -124.99659154)
  ( 86,   -32.08717991)
  ( 87,   -18.74495883)
  ( 88,   -45.94647282)
  ( 89,   276.47212232)
  ( 90,    26.78829846)
  ( 91,     5.98610084)
  ( 92,    70.43004511)
  ( 93,   174.07864098)
  ( 94,   307.78811389)
  ( 95,  -561.05608524)
  ( 96,   499.64386130)
  ( 97,   -68.74182767)
  ( 98,   101.34828912)
  ( 99,   219.74890021)
  (100,   -63.23523362)
  (101,    96.49576884)
  (102,   -90.99801361)
  (103,   109.09994721)
  (104,   -59.05446477)
  (105,   150.90763565)
  (106,    30.00563432)
  (107,  -150.73527837)
  (108,   -78.95510125)
  (109,    -2.36217859)
  (110,    22.38213933)
  (111,    31.08397216)
  (112,    78.99487600)
  (113,    -4.43930476)
  (114,   -39.02124578)
  (115,    40.89507875)
  (116,   -40.99672535)
  (117,   -37.58935455)
  (118,     7.25447363)
  (119,   -76.95752459)
  (120,   -61.34372298)
  (121,    76.44045275)
  (122,     1.62413589)
  (123,   -53.65835615)
  (124,   -71.33602568)
  (125,    40.31171565)
  (126,    28.99358774)
  (127,    69.03792864)
  (128,    23.95545192)
  (129,   -39.05218170)
  (130,   -28.92729648)
  (131,   -54.11355614)
  (132,   -51.24977368)
  (133,    23.83170823)
  (134,   -17.80362293)
  (135,     4.46582126)
  (136,   -27.76498971)
  (137,    36.55963030)
  (138,   -29.61230617)
  (139,    19.74816657)
  (140,   -15.93420937)
  (141,    59.11191720)
  (142,    37.68216231)
  (143,    40.43545934)
  (144,   -13.04391040)
  (145,    30.79229061)
  (146,   -42.53910201)
  (147,   -39.26431373)
  (148,    15.77511035)
  (149,    -3.64822905)
  (150,    71.28299267)
  (151,  -121.37266928)
  (152,   -18.25440350)
  (153,    53.77768042)
  (154,    25.15311403)
  (155,   -13.23836477)
  (156,    92.13822330)
  (157,    52.06736589)
  (158,    90.37045634)
  (159,   -63.32362196)
  (160,  -119.90542271)
  (161,   -91.15711264)
  (162,   -60.17257737)
  (163,   -74.92017318)
  (164,   -26.10328877)
  (165,    -7.59918819)
  (166,    17.16280740)
  (167,   -35.10564198)
  (168,    66.50118306)
  (169,     6.47223676)
  (170,   -70.39468978)
  (171,    47.12203784)
  (172,    34.28804976)
  (173,    38.38484967)
  (174,    52.00991346)
  (175,    16.51757247)
  (176,   -20.77789082)
  (177,   -13.10136283)
  (178,   -14.39625212)
  (179,    16.53525014)
  (180,   -12.27935120)
  (181,   -62.04641034)
  (182,    -0.17898640)
  (183,   -35.33545168)
  (184,    38.57930404)
  (185,    75.53005277)
  (186,    39.37479917)
  (187,    17.16722682)
  (188,    34.11127307)
  (189,   117.65151985)
  (190,    64.03072875)
  (191,   -50.55150573)
  (192,    73.72251106)
  (193,   -44.25383596)
  (194,     0.89935144)
  (195,   -12.66384051)
  (196,   -58.66113663)
  (197,   -53.41528819)
  (198,   -26.94739749)
  (199,    52.85402219)
  (200,    -8.14719594)
  (201,    54.15333090)
  (202,   -17.57823264)
  (203,   -19.61558405)
  (204,    10.00335125)
  (205,     5.86235716)
  (206,   -32.63518766)
  (207,   -18.40024427)
  (208,    -1.86720384)
  (209,     7.63012411)
  (210,   -41.61544378)
  (211,    24.52997618)
  (212,     6.47223676)
  (213,   -21.35683450)
  (214,    52.64630957)
  (215,   -51.80662027)
  (216,   -32.98432163)
  (217,   151.23909195)
  (218,   -26.68223245)
  (219,     1.06728930)
  (220,    41.76128456)
  (221,    86.00407197)
  (222,   130.20266521)
  (223,  -308.48196242)
  (224,   215.39135468)
  (225,   -14.74096668)
  (226,    32.99316047)
  (227,    97.80391638)
  (228,    -8.09416294)
  (229,   132.21791954)
  (230,     7.71851246)
  (231,    -5.13757271)
  (232,   -30.81880712)
  (233,   107.18633948)
  (234,   -47.04690774)
  (235,   -20.40224035)
  (236,     7.21027946)
  (237,     7.86877265)
  (238,   -39.20244189)
  (239,    -2.91460576)
  (240,    43.71466704)
  (241,   -50.49405330)
  (242,    20.80440733)
  (243,    22.48820535)
  (244,    12.04070266)
  (245,    -7.54173576)
  (246,    58.09987062)
  (247,   -27.92408873)
  (248,   -70.21349366)
  (249,    70.07207231)
  (250,    35.87020118)
  (251,   -15.56739773)
  (252,   -54.96208428)
  (253,    12.88923080)
  (254,    34.14220899)
  (255,    23.28370048)
  (256,   -39.06102053)
  (257,    31.33587895)
  (258,    49.96372322)
  (259,    -2.40195335)
  (260,   -12.89365021)
  (261,   -13.05716866)
  (262,     6.77275714)
  (263,    -3.17535139)
  (264,    51.36467853)
  (265,   -38.50417394)
  (266,   -42.13251562)
  (267,    39.25105548)
  (268,   -22.46168885)
  (269,   -53.57880664)
  (270,     9.80889688)
  (271,    -8.74823671)
  (272,    -0.85073785)
  (273,    43.22411171)
  (274,   -26.02373926)
  (275,    11.67831043)
  (276,    73.37337709)
  (277,     3.43609701)
  (278,   -27.78708679)
  (279,    45.04933109)
  (280,    26.23587129)
  (281,    -1.53132812)
  (282,   -33.65607308)
  (283,     0.47508737)
  (284,    33.64723424)
  (285,    45.61059710)
  (286,    46.61380484)
  (287,   -23.54444610)
  (288,   -12.51799974)
  (289,    13.07484633)
  (290,   -45.90227864)
  (291,    10.26409687)
  (292,    23.84054707)
  (293,   -55.33331534)
  (294,   -20.61879180)
  (295,    57.05246870)
  (296,    58.47110168)
  (297,   -53.87490760)
  (298,   -18.17043457)
  (299,     5.45135134)
  (300,     0.77560775)
  (301,   -26.21377420)
  (302,   -43.06501268)
  (303,    -6.08774744)
  (304,    14.51115698)
  (305,    -6.01703677)
  (306,     0.16572815)
  (307,   -26.16958003)
  (308,     1.48713395)
  (309,    24.22503638)
  (310,   -32.29489252)
  (311,    63.21313653)
  (312,    21.73690440)
  (313,    -8.95594933)
  (314,   -32.98432163)
  (315,    -4.43046593)
  (316,    24.56091210)
  (317,    -8.45655516)
  (318,     3.01183295)
  (319,    37.24905941)
  (320,   -48.65557567)
  (321,   -16.13308315)
  (322,    62.71374237)
  (323,   -51.58564940)
  (324,   -25.69670237)
  (325,     8.12509886)
  (326,    56.76078715)
  (327,    14.91332396)
  (328,    40.50617002)
  (329,    -3.56867954)
  (330,   -21.54245003)
  (331,   -60.05767252)
  (332,     7.98367750)
  (333,    -4.61608146)
  (334,   -21.59990246)
  (335,     9.49069883)
  (336,   -24.55207327)
  (337,    -7.30308722)
  (338,    18.93499377)
  (339,     6.24684647)
  (340,   -72.50717128)
  (341,    33.40416628)
  (342,     4.41720767)
  (343,   -11.83299004)
  (344,    34.18640316)
  (345,    37.06344388)
  (346,    -0.30273009)
  (347,   -25.06472568)
  (348,     6.53410860)
  (349,    22.57217428)
  (350,   -40.86856224)
  (351,    18.57702097)
  (352,   -24.81723831)
  (353,    -0.59441164)
  (354,     5.10221737)
  (355,   -45.65479127)
  (356,   -21.89600342)
  (357,   -36.16630215)
  (358,     5.68116105)
  (359,    24.70675288)
  (360,    24.10129270)
  (361,     8.83220564)
  (362,   -45.68130777)
  (363,    37.41699727)
  (364,     0.42647378)
  (365,    -4.63375913)
  (366,   -11.94789489)
  (367,   -33.31577794)
  (368,   -14.15760358)
  (369,    19.71723065)
  (370,   -12.50474148)
  (371,   -65.02951707)
  (372,    -0.62092814)
  (373,   -27.97270232)
  (374,    24.58742861)
  (375,   -19.24877241)
  (376,    27.35398389)
  (377,    18.59027922)
  (378,    36.73198757)
  (379,    11.07726967)
  (380,   -17.54287730)
  (381,    38.42020501)
  (382,    -1.89813977)
  (383,    51.43980862)
  (384,   -28.12296251)
  (385,   -16.86670644)
  (386,   -34.23943617)
  (387,    -4.64259796)
  (388,    27.21256253)
  (389,   -68.94954029)
  (390,   -32.98874105)
  (391,    -2.95879994)
  (392,    17.50752196)
  (393,    52.22204550)
  (394,   -34.39411578)
  (395,    37.75287299)
  (396,    -7.66989887)
  (397,    -7.70083479)
  (398,    -2.07491646)
  (399,    30.81880712)
  (400,   -56.11555221)
  (401,    62.00221617)
  (402,    19.56255104)
  (403,   -27.57937417)
  (404,    37.43025552)
  (405,   -59.70411913)
  (406,    27.29211205)
  (407,   -79.55614201)
  (408,    15.18290842)
  (409,   -17.43681128)
  (410,   -56.23487648)
  (411,     7.55057460)
  (412,    19.28854717)
  (413,     5.84026007)
  (414,    -7.80248139)
  (415,   -43.02081851)
  (416,   -42.27393697)
  (417,    30.50944790)
  (418,   -68.71089175)
  (419,   -43.52463209)
  (420,    25.10891986)
  (421,   -15.09452007)
  (422,    -6.53410860)
  (423,     1.92023685)
  (424,   -21.70154906)
  (425,   -36.88224776)
  (426,    34.55763422)
  (427,   -12.06279975)
  (428,   -56.39839493)
  (429,    43.17549812)
  (430,     6.39268724)
  (431,   -26.85458972)
  (432,   -28.92729648)
  (433,    44.58087285)
  (434,    19.34158017)
  (435,    -8.98246583)
  (436,   -34.52669830)
  (437,     2.71573198)
  (438,   -20.33152967)
  (439,   -71.50396354)
  (440,    49.62784750)
  (441,   -39.00356811)
  (442,   -13.73775893)
  (443,    53.25618917)
  (444,    -9.91496290)
  (445,     8.67752603)
  (446,    23.07156844)
  (447,   -29.07313725)
  (448,   -47.24578153)
  (449,     5.80932415)
  (450,   -50.90505912)
  (451,    37.54957979)
  (452,   -18.20578991)
  (453,   -11.20985219)
  (454,   -10.68394152)
  (455,    18.18811224)
  (456,    10.50274541)
  (457,     8.79243088)
  (458,     2.37101743)
  (459,     9.61444252)
  (460,     0.81980192)
  (461,     7.19702121)
  (462,     1.85394559)
  (463,    23.88474124)
  (464,   -41.72150980)
  (465,    29.18804210)
  (466,    37.65122639)
  (467,    25.55528101)
  (468,     6.86114549)
  (469,   -37.65564581)
  (470,    -8.24442313)
  (471,   -19.42996852)
  (472,    25.85580140)
  (473,    50.55592515)
  (474,   -21.80319566)
  (475,   -20.67624422)
  (476,    44.71345537)
  (477,    16.30102102)
  (478,    68.95837913)
  (479,  -192.24244643)
  (480,    61.48072492)
  (481,   -24.70233346)
  (482,    42.71587871)
  (483,    56.77404540)
  (484,   -15.69556083)
  (485,    56.29232891)
  (486,   -42.24742047)
  (487,    16.54408897)
  (488,    25.59947519)
  (489,    66.32440637)
  (490,     1.01867571)
  (491,     5.54857852)
  (492,     2.01304462)
  (493,   -36.06023613)
  (494,    -0.83306018)
  (495,    41.41215058)
  (496,    55.55870562)
  (497,     8.40794157)
  (498,   -65.10022775)
  (499,   -45.88018156)
  (500,    19.31506367)
  (501,   -37.67332348)
  (502,    -7.92622508)
  (503,    -3.61729313)
  (504,   -17.19816274)
  (505,   -38.38043026)
  (506,    24.35319949)
  (507,   -15.66462491)
  (508,    10.84304055)
  (509,    45.67246894)
  (510,   -29.33830229)
  (511,    24.57417035)
  (512,    -3.33886983)
  (513,    20.63646947)
  (514,    22.06394128)
  (515,   -16.51315305)
  (516,    -4.46582126)
  (517,    13.87918029)
  (518,    17.62242681)
  (519,   -31.83527311)
  (520,   -21.01211994)
  (521,    30.20450810)
  (522,   -30.66412751)
  (523,   -16.22589092)
  (524,    14.76306377)
  (525,   -17.34400352)
  (526,    23.99964610)
  (527,   -32.45841097)
  (528,   -14.64373950)
  (529,     9.84425222)
  (530,     8.60239593)
  (531,     5.46902901)
  (532,   -13.46375506)
  (533,   -32.18882650)
  (534,     2.59640771)
  (535,    10.14919202)
  (536,   -55.95203377)
  (537,    -3.62171254)
  (538,    29.34272171)
  (539,   -15.24478026)
  (540,    -6.39710666)
  (541,    20.87511801)
  (542,   -16.57060548)
  (543,     0.91702911)
  (544,     1.16893590)
  (545,     4.91218242)
  (546,    34.67695849)
  (547,    18.01133554)
  (548,     4.02829894)
  (549,    -3.07370479)
  (550,    27.27443438)
  (551,    15.58507540)
  (552,    26.67339361)
  (553,     7.15282703)
  (554,   -20.69392189)
  (555,     0.54137863)
  (556,    -1.62413589)
  (557,   -11.67831043)
  (558,   -21.56454712)
  (559,     5.30109115)
  (560,    -5.67232221)
  (561,    -6.96721150)
  (562,    29.72721102)
  (563,    -1.13358056)
  (564,    -3.47587177)
  (565,     9.02666000)
  (566,    -4.80169699)
  (567,    20.01333162)
  (568,    -0.83306018)
  (569,    38.74282248)
  (570,    -9.83983280)
  (571,   -46.88780872)
  (572,     0.34692426)
  (573,    11.27614345)
  (574,    -1.08496697)
  (575,   -12.45612789)
  (576,    31.31378186)
  (577,    23.83170823)
  (578,     0.09501747)
  (579,   -20.70718015)
  (580,    31.55684982)
  (581,    32.63960708)
  (582,     7.52405809)
  (583,    18.35605010)
  (584,    -8.50074934)
  (585,    30.54480324)
  (586,    -0.75793008)
  (587,    20.76021315)
  (588,   -13.92337446)
  (589,    -1.93349510)
  (590,    -0.23201941)
  (591,   -64.93670931)
  (592,    -8.54052409)
  (593,     1.44293978)
  (594,    55.91225901)
  (595,    15.66462491)
  (596,    22.89479175)
  (597,    10.08290076)
  (598,   -13.88359971)
  (599,     9.11062893)
  (600,    18.51956854)
  (601,   -35.91439536)
  (602,    -2.46382519)
  (603,   -30.76135469)
  (604,   -15.83256277)
  (605,    -3.98410477)
  (606,   -19.88958793)
  (607,     6.90533966)
  (608,   -35.06586722)
  (609,    -8.95152991)
  (610,    15.62485016)
  (611,   -12.20422110)
  (612,     3.35212808)
  (613,    28.00805766)
  (614,    10.61765026)
  (615,   -12.35890071)
  (616,    -2.41079218)
  (617,    31.39333138)
  (618,    -8.07648527)
  (619,    26.01931984)
  (620,    10.04754542)
  (621,   -43.71466704)
  (622,    10.84304055)
  (623,    -4.56746786)
  (624,    -0.31156893)
  (625,    48.92516013)
  (626,   -17.34400352)
  (627,    25.92651207)
  (628,   -29.62556442)
  (629,    -1.39874560)
  (630,    15.43481521)
  (631,   -18.18369282)
  (632,   -52.77447267)
  (633,    -4.01504069)
  (634,    19.51835687)
  (635,   -19.67745590)
  (636,    -9.42440757)
  (637,     9.61002310)
  (638,   -22.25839565)
  (639,   -18.15275690)
  (640,    50.42334262)
  (641,    -1.35897085)
  (642,    21.90926167)
  (643,    22.93898592)
  (644,    52.58443772)
  (645,   -20.50830636)
  (646,   -11.24078811)
  (647,    23.22624805)
  (648,    -2.32240383)
  (649,     8.82778622)
  (650,   -14.74980551)
  (651,     5.90213191)
  (652,    18.14391806)
  (653,   -37.96058561)
  (654,    -2.90134751)
  (655,     5.17292805)
  (656,   -17.98039962)
  (657,    17.72407341)
  (658,     0.89935144)
  (659,     3.89129701)
  (660,    12.45612789)
  (661,     2.59640771)
  (662,   -44.40409615)
  (663,     2.94996110)
  (664,     0.69163882)
  (665,   -47.14855434)
  (666,   -48.54067082)
  (667,     0.02430680)
  (668,     7.41357266)
  (669,   -25.33872956)
  (670,   -32.70589834)
  (671,    19.68629473)
  (672,    31.47288089)
  (673,    18.41350252)
  (674,   -28.12738193)
  (675,     1.58436113)
  (676,    39.15824772)
  (677,    22.90805000)
  (678,   -38.94169627)
  (679,    20.12381705)
  (680,    18.58144038)
  (681,   -53.50367654)
  (682,    19.93378210)
  (683,    -1.74346016)
  (684,    21.83855100)
  (685,     3.78523099)
  (686,   -22.92130825)
  (687,    25.21940529)
  (688,    15.84582102)
  (689,     9.69841145)
  (690,    33.46161871)
  (691,    -8.19139012)
  (692,   -17.52519963)
  (693,    28.92729648)
  (694,   -22.81082282)
  (695,     4.94753776)
  (696,   -14.08689291)
  (697,   -53.45064353)
  (698,   -48.95609605)
  (699,    10.84304055)
  (700,    -9.47744058)
  (701,   -32.03856631)
  (702,   -18.45769670)
  (703,     8.13393769)
  (704,   -30.69506343)
  (705,    -9.72492795)
  (706,   -52.56234064)
  (707,   -23.76983639)
  (708,   -20.19894715)
  (709,     3.73219798)
  (710,     7.65222120)
  (711,   -17.18048507)
  (712,    -8.90291632)
  (713,    -1.06728930)
  (714,    15.59833365)
  (715,    21.95787526)
  (716,    18.73170058)
  (717,    10.94910656)
  (718,    24.29132764)
  (719,     1.86278443)
  (720,    -3.83384458)
  (721,    -6.62249695)
  (722,    -5.53090085)
  (723,   -36.17072157)
  (724,    -3.59961546)
  (725,    26.48335866)
  (726,   -30.19566927)
  (727,    32.22860126)
  (728,    19.26645008)
  (729,    23.00085777)
  (730,    28.21135086)
  (731,   -11.10820559)
  (732,   -12.27493178)
  (733,    10.80768521)
  (734,    19.46532386)
  (735,    -8.19580954)
  (736,   -42.07948261)
  (737,   -20.44643452)
  (738,   -26.92088098)
  (739,   -17.86549477)
  (740,    10.60439201)
  (741,   -32.80754494)
  (742,   -18.47537437)
  (743,   -25.76299363)
  (744,     9.36695514)
  (745,    23.11576262)
  (746,   -10.88281530)
  (747,    24.01732376)
  (748,    41.28840690)
  (749,   -20.17243064)
  (750,    -9.97683474)
  (751,    -9.07969301)
  (752,   -37.85451959)
  (753,   -31.00000323)
  (754,   -18.73611999)
  (755,     3.40074168)
  (756,    -6.00377851)
  (757,   -11.72692402)
  (758,     0.21876116)
  (759,    -5.90213191)
  (760,     6.16729696)
  (761,    29.14384793)
  (762,    14.50231814)
  (763,   -11.76227936)
  (764,    11.54572791)
  (765,    27.23024020)
  (766,    11.12146384)
  (767,    -0.63860581)
  (768,     7.18818237)
  (769,   -33.89030220)
  (770,    34.72115266)
  (771,    31.39333138)
  (772,   -47.58165725)
  (773,    47.27229803)
  (774,    22.86385583)
  (775,    -2.44614752)
  (776,     8.97804641)
  (777,    18.22788699)
  (778,    11.44408131)
  (779,    50.52498922)
  (780,    -5.10663679)
  (781,   -24.66255870)
  (782,    14.00292398)
  (783,    17.54287730)
  (784,    11.92579781)
  (785,   -12.81852012)
  (786,   -17.25119575)
  (787,   -22.20536264)
  (788,    35.63597206)
  (789,    17.91852778)
  (790,   -15.24036084)
  (791,    -6.07890861)
  (792,   -21.81645391)
  (793,     9.49511825)
  (794,    37.51864387)
  (795,   -56.37187842)
  (796,   -14.74980551)
  (797,    61.96686083)
  (798,   -15.36852395)
  (799,   -59.31079098)
  (800,    30.01889257)
  (801,   -14.85145211)
  (802,    -8.23558429)
  (803,    -3.58193779)
  (804,    24.82607715)
  (805,    23.98196843)
  (806,    -6.80811248)
  (807,    28.34835280)
  (808,    -0.03756505)
  (809,     7.20586004)
  (810,     6.18497463)
  (811,   -14.93542104)
  (812,    49.34942420)
  (813,   -28.19809261)
  (814,   -33.58536240)
  (815,    37.89871376)
  (816,    28.22460911)
  (817,   -10.88281530)
  (818,    18.76705591)
  (819,    11.61201917)
  (820,    12.27493178)
  (821,     1.14241939)
  (822,   -37.31977009)
  (823,    20.14591414)
  (824,     1.70368540)
  (825,   -29.51949841)
  (826,    53.60532314)
  (827,    -9.72934737)
  (828,   -21.59106362)
  (829,     5.12431445)
  (830,   -22.83733932)
  (831,    26.79713730)
  (832,   -47.46675240)
  (833,    -4.67353388)
  (834,    -1.58436113)
  (835,    28.80797221)
  (836,   -16.63247732)
  (837,    -6.00377851)
  (838,    -1.73020191)
  (839,   -34.95096237)
  (840,    42.64958745)
  (841,   -11.96115315)
  (842,    -4.82379407)
  (843,     2.12794947)
  (844,    28.67980910)
  (845,   -27.10649652)
  (846,     8.35048914)
  (847,    28.71074502)
  (848,    -5.71209697)
  (849,     4.50117660)
  (850,    -6.71088530)
  (851,    15.77952976)
  (852,   -16.85344819)
  (853,     7.01582509)
  (854,    -0.83747959)
  (855,     1.70368540)
  (856,     1.42526211)
  (857,    11.85066771)
  (858,    22.59427137)
  (859,    -6.35733190)
  (860,    20.91047334)
  (861,    20.29617433)
  (862,    -3.16651255)
  (863,   -39.35712150)
  (864,    18.23230641)
  (865,    -4.30230282)
  (866,   -15.12545599)
  (867,     9.68957261)
  (868,   -25.27685772)
  (869,     5.10663679)
  (870,     3.95316885)
  (871,   -26.34193731)
  (872,    10.26409687)
  (873,    15.35968511)
  (874,    21.40102867)
  (875,    28.62677609)
  (876,    24.76420530)
  (877,    31.60104399)
  (878,    27.42469457)
  (879,    -4.81495524)
  (880,   -34.33224394)
  (881,    -1.12916114)
  (882,     7.13956878)
  (883,   -22.58101312)
  (884,    -9.79121921)
  (885,   -10.85629880)
  (886,     0.80654367)
  (887,   -14.83377444)
  (888,     4.40394942)
  (889,   -12.47380556)
  (890,    40.39568458)
  (891,   -18.89963844)
  (892,    12.90248905)
  (893,    26.79271788)
  (894,    -3.15767372)
  (895,     3.44051643)
  (896,    26.84133147)
  (897,    27.34956447)
  (898,     1.39432618)
  (899,    23.74331989)
  (900,   -19.16038406)
  (901,     4.76192223)
  (902,    -6.53852802)
  (903,    30.82764595)
  (904,    13.39304438)
  (905,    -3.28141741)
  (906,     5.32318824)
  (907,    -6.62249695)
  (908,    49.97256205)
  (909,    20.87953742)
  (910,     4.59398437)
  (911,     5.98610084)
  (912,   -30.89393721)
  (913,   -18.18811224)
  (914,    26.79713730)
  (915,    47.30765337)
  (916,     8.92059399)
  (917,   -32.77660902)
  (918,    -8.08532410)
  (919,     7.07769694)
  (920,    32.99757989)
  (921,     5.96400376)
  (922,   -11.27614345)
  (923,    -9.11504835)
  (924,    -2.02630287)
  (925,    -2.87041159)
  (926,     5.82258240)
  (927,   -51.75800667)
  (928,    24.19851988)
  (929,    23.15995679)
  (930,    -0.58557280)
  (931,     9.43324640)
  (932,    11.42198422)
  (933,    15.92537054)
  (934,     4.81937466)
  (935,    19.47858211)
  (936,    -4.54979020)
  (937,   -21.65735488)
  (938,    42.20764571)
  (939,   -36.49775845)
  (940,   -10.58229492)
  (941,    34.86257402)
  (942,    32.29489252)
  (943,     8.52284642)
  (944,     2.30472616)
  (945,    43.62185927)
  (946,    -7.31192606)
  (947,    -8.32397264)
  (948,     0.99215920)
  (949,    16.98603071)
  (950,   -48.08989025)
  (951,   -26.07677226)
  (952,     3.27257857)
  (953,   -14.01176281)
  (954,    44.17870586)
  (955,   -16.63689674)
  (956,    -0.15246990)
  (957,    -2.75550674)
  (958,     5.91980958)
  (959,     0.14363106)
  (960,    31.51265565)
  (961,     0.01546796)
  (962,   -10.03870658)
  (963,    19.56697046)
  (964,    -2.81295916)
  (965,    35.29567692)
  (966,     2.82621742)
  (967,    11.43966189)
  (968,    21.66177430)
  (969,    -1.82742909)
  (970,    -2.24727374)
  (971,   -42.20322629)
  (972,    -4.71772806)
  (973,    14.90006570)
  (974,    10.39667939)
  (975,    11.47943665)
  (976,    15.60275307)
  (977,     7.91738624)
  (978,    31.27400711)
  (979,    -8.11626002)
  (980,    14.55535115)
  (981,   -16.54408897)
  (982,    -0.31156893)
  (983,    46.85687280)
  (984,   -12.26167353)
  (985,    -1.65065239)
  (986,    25.55970043)
  (987,     6.41036491)
  (988,    32.41421679)
  (989,    15.06800357)
  (990,    26.05025576)
  (991,   -46.84803396)
  (992,    49.39361837)
  (993,   -18.35163068)
  (994,     9.58350659)
  (995,    37.02366912)
  (996,    17.92294719)
  (997,    28.42790231)
  (998,    -5.65022512)
  (999,    42.74681463)
  (1000,    12.34564246)
  (1001,    20.40224035)
  (1002,    -4.94311834)
  (1003,   -25.62157227)
  (1004,   -18.32069476)
  (1005,     4.08133195)
  (1006,    -4.91218242)
  (1007,     1.46503686)
  (1008,    -0.04198447)
  (1009,    13.37094729)
  (1010,    19.33274134)
  (1011,     2.98531644)
  (1012,    -4.56304845)
  (1013,     1.64623297)
  (1014,    16.00492005)
  (1015,    30.65528867)
  (1016,   -24.34436065)
  (1017,    23.29253931)
  (1018,    31.64081875)
  (1019,   -30.66854693)
  (1020,     2.64502130)
  (1021,    -6.29546006)
  (1022,     9.83099397)
  (1023,     3.81616691)
  (1024,    -3.67032614)
  (1025,   -47.24136211)
  (1026,   -26.03257809)
  (1027,    15.29339385)
  (1028,     4.13878438)
  (1029,    -8.78801146)
  (1030,    30.16915276)
  (1031,    -7.26773189)
  (1032,     2.47708344)
  (1033,    24.18968104)
  (1034,    37.42583610)
  (1035,   -51.44422804)
  (1036,   -15.51436472)
  (1037,     8.01019401)
  (1038,   -17.48542487)
  (1039,    -7.75828721)
  (1040,    28.86542463)
  (1041,     7.53289693)
  (1042,    -3.89129701)
  (1043,     5.04918436)
  (1044,   -15.41271812)
  (1045,    15.28897443)
  (1046,    14.31228319)
  (1047,    21.84738983)
  (1048,     9.75144445)
  (1049,    -2.47708344)
  (1050,    22.05510245)
  (1051,     1.98652811)
  (1052,   -23.00969660)
  (1053,   -43.75002238)
  (1054,   -14.90448512)
  (1055,    18.89963844)
  (1056,    -6.93185616)
  (1057,   -12.82293954)
  (1058,    10.75465220)
  (1059,     6.92301733)
  (1060,     0.47950679)
  (1061,    30.83648479)
  (1062,    -5.05360378)
  (1063,     8.88965806)
  (1064,    -8.46539400)
  (1065,    19.16038406)
  (1066,   -16.80041518)
  (1067,   -27.20814311)
  (1068,   -23.17763446)
  (1069,   -14.36973562)
  (1070,     1.65949123)
  (1071,     2.32682325)
  (1072,     5.12431445)
  (1073,    20.72927723)
  (1074,     6.63575520)
  (1075,     0.18782524)
  (1076,   -11.30265996)
  (1077,   -34.22617792)
  (1078,    48.64231742)
  (1079,    11.74460169)
  (1080,     7.39147557)
  (1081,    15.85465986)
  (1082,     1.21313007)
  (1083,    16.65015499)
  (1084,    22.98759951)
  (1085,    25.43153733)
  (1086,   -46.02602233)
  (1087,    -6.75066005)
  (1088,   -25.86022081)
  (1089,     7.24563480)
  (1090,     9.86634931)
  (1091,    -2.53895529)
  (1092,   -16.57502489)
  (1093,   -21.00770053)
  (1094,    -1.08054755)
  (1095,    43.17991753)
  (1096,    18.35605010)
  (1097,     3.23722323)
  (1098,    14.67909484)
  (1099,    -5.89329308)
  (1100,    -5.51322318)
  (1101,    19.48742095)
  (1102,     4.80169699)
  (1103,   -36.79827883)
  (1104,   -37.51864387)
  (1105,    14.27250844)
  (1106,   -12.43403081)
  (1107,    42.45955250)
  (1108,    10.01219008)
  (1109,   -41.88502824)
  (1110,   -17.25561517)
  (1111,    23.73448105)
  (1112,    74.52684503)
  (1113,    -3.15325430)
  (1114,    -1.64623297)
  (1115,   -14.56418998)
  (1116,    -9.79121921)
  (1117,    13.74217835)
  (1118,    20.81766558)
  (1119,    -0.15246990)
  (1120,   -37.32418950)
  (1121,    16.01375889)
  (1122,   -37.15625164)
  (1123,    -7.69199595)
  (1124,    -1.07170872)
  (1125,    17.99807729)
  (1126,   -11.81973179)
  (1127,     2.55663296)
  (1128,    -7.41799208)
  (1129,   -10.87839589)
  (1130,    18.22346758)
  (1131,    32.32582844)
  (1132,     2.00862520)
  (1133,    -7.06443869)
  (1134,     6.97605034)
  (1135,     9.68515319)
  (1136,    22.60311020)
  (1137,    21.44080343)
  (1138,    -7.15724645)
  (1139,    22.89037233)
  (1140,    41.27514864)
  (1141,   -29.82885762)
  (1142,   -23.42512184)
  (1143,   -14.75864435)
  (1144,    12.89365021)
  (1145,    -0.41321553)
  (1146,    39.77254673)
  (1147,    30.48735081)
  (1148,     2.28262908)
  (1149,   -42.09274086)
  (1150,     2.74224849)
  (1151,     0.41321553)
  (1152,    -5.05360378)
  (1153,    14.65257833)
  (1154,    10.89165414)
  (1155,    12.22189877)
  (1156,   -17.37935886)
  (1157,    -2.89692809)
  (1158,    -0.13479223)
  (1159,   -22.81966165)
  (1160,     0.98773978)
  (1161,   -48.67325334)
  (1162,     0.01546796)
  (1163,     8.24000371)
  (1164,   -19.00128504)
  (1165,     2.14562714)
  (1166,   -28.36161105)
  (1167,    10.02986775)
  (1168,    -8.43887749)
  (1169,   -10.08732018)
  (1170,    -5.87561541)
  (1171,    -6.24242705)
  (1172,    26.62036060)
  (1173,    -9.10179010)
  (1174,   -27.48214699)
  (1175,     5.02266786)
  (1176,   -24.31784415)
  (1177,   -15.32432977)
  (1178,    19.43438794)
  (1179,    -4.58514553)
  (1180,   -35.44151770)
  (1181,     6.70646588)
  (1182,    14.25925018)
  (1183,     2.58756888)
  (1184,    11.96115315)
  (1185,    61.58679093)
  (1186,    -3.72777856)
  (1187,     1.53574754)
  (1188,    -0.00220971)
  (1189,   -17.38377827)
  (1190,    13.98082689)
  (1191,    13.34885020)
  (1192,    13.82172786)
  (1193,   -11.13472209)
  (1194,     4.19623680)
  (1195,   -26.93855865)
  (1196,   -18.67424815)
  (1197,   -20.03984812)
  (1198,   -16.30544043)
  (1199,   -11.45733956)
  (1200,   -23.94219367)
  (1201,   -12.81852012)
  (1202,   -19.23109474)
  (1203,     3.35654750)
  (1204,     3.70126206)
  (1205,   -24.03942085)
  (1206,     1.22638832)
  (1207,    36.19723807)
  (1208,     7.54615518)
  (1209,    19.96029861)
  (1210,   -30.31057412)
  (1211,   -34.68137791)
  (1212,   -29.09523434)
  (1213,   -13.13671817)
  (1214,    22.20536264)
  (1215,   -27.99479941)
  (1216,    -4.13878438)
  (1217,    43.96657383)
  (1218,   -32.51144397)
  (1219,    45.88460097)
  (1220,     7.56825227)
  (1221,   -21.94019760)
  (1222,    -3.55984070)
  (1223,   -12.76548711)
  (1224,    23.08924611)
  (1225,    -2.60966596)
  (1226,     5.92422900)
  (1227,   -28.62235668)
  (1228,    -3.23722323)
  (1229,    11.34243471)
  (1230,    12.85829487)
  (1231,    -7.66106003)
  (1232,   -36.19723807)
  (1233,    19.45648503)
  (1234,    -8.01903284)
  (1235,    -6.57388336)
  (1236,    11.58108325)
  (1237,   -12.07605800)
  (1238,    10.17570852)
  (1239,    21.21099373)
  (1240,    -3.87803875)
  (1241,   -35.60503614)
  (1242,     4.27136690)
  (1243,    -2.11469122)
  (1244,     4.08133195)
  (1245,   -30.39454305)
  (1246,    25.07356452)
  (1247,     5.98610084)
  (1248,    18.85102484)
  (1249,     0.83306018)
  (1250,    -0.47950679)
  (1251,    -2.63176305)
  (1252,    -2.10143297)
  (1253,    -1.05403105)
  (1254,   -14.31670261)
  (1255,    11.91253955)
  (1256,    11.33359588)
  (1257,   -42.71145929)
  (1258,    40.97020884)
  (1259,   -23.51351018)
  (1260,   -22.79756457)
  (1261,    21.93135876)
  (1262,   -38.54836812)
  (1263,    19.90726560)
  (1264,   -17.61800740)
  (1265,     6.34849307)
  (1266,     5.15966979)
  (1267,   -33.03735464)
  (1268,     3.79406982)
  (1269,    26.53197226)
  (1270,   -11.33801529)
  (1271,    14.02502106)
  (1272,    -3.81616691)
  (1273,   -11.31591821)
  (1274,     3.84710283)
  (1275,   -29.15268676)
  (1276,   -25.86464023)
  (1277,    26.48335866)
  (1278,     1.94233394)
  (1279,    10.98888132)
  (1280,   -29.21455861)
  (1281,     9.11504835)
  (1282,    37.36838368)
  (1283,   -36.86457010)
  (1284,    10.24641920)
  (1285,    13.88359971)
  (1286,    -1.61529705)
  (1287,     7.66989887)
  (1288,     4.65143679)
  (1289,    -5.29667173)
  (1290,    16.59270256)
  (1291,     5.80490473)
  (1292,    16.36731228)
  (1293,    -1.80975142)
  (1294,    12.72571235)
  (1295,    -0.22760000)
  (1296,    10.75465220)
  (1297,    21.02979761)
  (1298,    29.11291201)
  (1299,    -5.75187172)
  (1300,   -12.74339002)
  (1301,    25.13543636)
  (1302,   -18.71844232)
  (1303,     8.40352215)
  (1304,     4.17413972)
  (1305,    18.07320739)
  (1306,    17.79478409)
  (1307,    -4.71330864)
  (1308,   -20.78231024)
  (1309,    42.83520298)
  (1310,    -9.89286581)
  (1311,    -0.20108349)
  (1312,   -14.86029095)
  (1313,   -17.44565012)
  (1314,    -7.78922314)
  (1315,   -16.44686179)
  (1316,    12.94226380)
  (1317,     7.99693575)
  (1318,   -15.13871424)
  (1319,   -10.75907162)
  (1320,    14.15318417)
  (1321,    -7.06443869)
  (1322,   -13.54772399)
  (1323,    36.76734291)
  (1324,    28.84774696)
  (1325,   -23.34999174)
  (1326,     9.34043864)
  (1327,    24.27364997)
  (1328,    24.14548687)
  (1329,    30.87625954)
  (1330,    15.89001520)
  (1331,    20.93257043)
  (1332,    13.06600749)
  (1333,     5.48670668)
  (1334,     1.38990677)
  (1335,    -3.05160770)
  (1336,    27.45563049)
  (1337,   -16.93741712)
  (1338,     5.80048531)
  (1339,    13.81288903)
  (1340,     0.77560775)
  (1341,    -7.81132022)
  (1342,     3.52448536)
  (1343,    -6.80369306)
  (1344,   -24.69349462)
  (1345,     3.69242322)
  (1346,    -2.39311451)
  (1347,    -7.99251634)
  (1348,    11.66505218)
  (1349,    -8.58913768)
  (1350,   -43.20643404)
  (1351,   -11.37337063)
  (1352,     9.07527359)
  (1353,    13.20742885)
  (1354,     2.17214364)
  (1355,    21.88716459)
  (1356,     2.41521160)
  (1357,     5.65464454)
  (1358,    -4.54979020)
  (1359,    37.20044582)
  (1360,    26.39497032)
  (1361,    -3.80290866)
  (1362,   -20.17685006)
  (1363,   -45.85808447)
  (1364,    24.79072181)
  (1365,   -15.58065598)
  (1366,    18.62121514)
  (1367,     4.24485040)
  (1368,    -5.63254745)
  (1369,   -11.68272985)
  (1370,     2.89692809)
  (1371,    27.27885379)
  (1372,    -5.54857852)
  (1373,     8.61565419)
  (1374,    18.06878797)
  (1375,   -23.40744417)
  (1376,     3.32561158)
  (1377,   -29.65650034)
  (1378,     1.73462132)
  (1379,   -32.10485757)
  (1380,    -3.44051643)
  (1381,    -1.39432618)
  (1382,   -14.55093173)
  (1383,    -2.45498636)
  (1384,    22.50146360)
  (1385,    -8.05880760)
  (1386,    23.88032183)
  (1387,     6.49875326)
  (1388,    16.73412392)
  (1389,    24.33110240)
  (1390,   -21.35241508)
  (1391,    26.24029071)
  (1392,   -16.51757247)
  (1393,   -16.86670644)
  (1394,    21.93135876)
  (1395,     6.22916880)
  (1396,    -5.77396881)
  (1397,    13.70240359)
  (1398,     7.82899789)
  (1399,    -3.69242322)
  (1400,    19.23993357)
  (1401,    17.63568506)
  (1402,    -7.66547945)
  (1403,    -2.84389509)
  (1404,   -11.00213957)
  (1405,    -4.96079601)
  (1406,    22.09929662)
  (1407,    -9.43324640)
  (1408,   -11.77995703)
  (1409,    -4.96079601)
  (1410,   -18.09972389)
  (1411,    -9.92822115)
  (1412,    -9.56582892)
  (1413,   -23.63283445)
  (1414,    26.72642662)
  (1415,   -27.33630622)
  (1416,     0.27179417)
  (1417,    35.83484585)
  (1418,    11.02865608)
  (1419,    -4.24043098)
  (1420,    12.28819003)
  (1421,    33.98310996)
  (1422,    49.14613100)
  (1423,    32.47166922)
  (1424,    28.47209649)
  (1425,     7.59034935)
  (1426,    -9.11946777)
  (1427,     9.18133961)
  (1428,   -18.74937824)
  (1429,   -31.77340127)
  (1430,    -4.94311834)
  (1431,    11.93463664)
  (1432,     4.90334359)
  (1433,    33.97869054)
  (1434,    10.46297065)
  (1435,   -10.62206968)
  (1436,   -30.94255080)
  (1437,     7.66989887)
  (1438,     3.81174749)
  (1439,     6.67111054)
  (1440,   -25.23266354)
  (1441,   -12.57103274)
  (1442,     9.07969301)
  (1443,     0.53695921)
  (1444,    17.41913361)
  (1445,   -18.01133554)
  (1446,     7.95274158)
  (1447,     1.75229899)
  (1448,    24.78188297)
  (1449,    -6.23800764)
  (1450,     1.53574754)
  (1451,    23.38092766)
  (1452,     4.75750281)
  (1453,    16.52641130)
  (1454,    37.96500502)
  (1455,    27.38050039)
  (1456,    10.36132405)
  (1457,     9.85309105)
  (1458,    -9.95031824)
  (1459,    -6.52526977)
  (1460,    26.77062079)
  (1461,   -13.45049680)
  (1462,   -18.59911805)
  (1463,     2.44172810)
  (1464,     4.92102126)
  (1465,    14.36531620)
  (1466,    36.88224776)
  (1467,    -0.51044271)
  (1468,   -21.03421703)
  (1469,    38.41136618)
  (1470,    -4.30230282)
  (1471,   -21.55128887)
  (1472,     6.28220181)
  (1473,    -9.94147940)
  (1474,   -21.49825586)
  (1475,    31.70711001)
  (1476,     7.51521926)
  (1477,   -24.27364997)
  (1478,     5.94190667)
  (1479,    11.74460169)
  (1480,   -12.89365021)
  (1481,     2.61408538)
  (1482,   -14.17528125)
  (1483,   -31.20329643)
  (1484,   -38.02687687)
  (1485,    22.32026749)
  (1486,    12.84945604)
  (1487,   -24.41065191)
  (1488,    25.72763829)
  (1489,    22.40865584)
  (1490,     4.82379407)
  (1491,   -25.58621694)
  (1492,   -17.52519963)
  (1493,    11.63853568)
  (1494,   -18.67424815)
  (1495,   -10.14919202)
  (1496,    24.45926550)
  (1497,     5.60161153)
  (1498,     5.67674163)
  (1499,     0.77560775)
  (1500,    -7.98367750)
  (1501,   -19.33716076)
  (1502,   -12.27935120)
  (1503,    33.54558764)
  (1504,    18.58585980)
  (1505,    16.14192199)
  (1506,   -23.27486164)
  (1507,    -8.79243088)
  (1508,    21.15354130)
  (1509,   -21.65735488)
  (1510,     6.18939404)
  (1511,    27.87547514)
  (1512,   -18.29417825)
  (1513,   -23.24834514)
  (1514,    31.36239545)
  (1515,    -8.31955322)
  (1516,    -7.97483867)
  (1517,    17.99807729)
  (1518,    11.58550267)
  (1519,   -27.38050039)
  (1520,   -26.37729265)
  (1521,    -0.14805048)
  (1522,    32.38328087)
  (1523,    32.65286533)
  (1524,   -12.57545216)
  (1525,    28.33509455)
  (1526,    -2.56105237)
  (1527,   -13.33117253)
  (1528,    30.09844208)
  (1529,    20.79556849)
  (1530,    13.97640747)
  (1531,   -24.39739366)
  (1532,   -12.57103274)
  (1533,   -10.18012794)
  (1534,    16.07563073)
  (1535,   -10.02102891)
  (1536,    -3.33886983)
  (1537,    30.53596440)
  (1538,    13.51678806)
  (1539,    -7.22353771)
  (1540,     6.52968918)
  (1541,    -8.48307167)
  (1542,    -2.45056694)
  (1543,    -2.58756888)
  (1544,    18.84218601)
  (1545,     9.58350659)
  (1546,    -0.66512232)
  (1547,    -1.92465627)
  (1548,    18.00691612)
  (1549,   -21.20657431)
  (1550,    -7.50196101)
  (1551,   -30.74367702)
  (1552,   -38.57046521)
  (1553,    -9.59234543)
  (1554,    -5.30992998)
  (1555,    18.51514912)
  (1556,    -3.90897467)
  (1557,   -16.39382878)
  (1558,   -10.39667939)
  (1559,    39.01682636)
  (1560,    -8.82336680)
  (1561,    -2.96763877)
  (1562,     5.94632609)
  (1563,     0.07292039)
  (1564,    19.21783649)
  (1565,    -2.22959607)
  (1566,    -5.83142124)
  (1567,    -1.23080774)
  (1568,   -34.26595267)
  (1569,    11.33801529)
  (1570,    13.95872980)
  (1571,    15.94304821)
  (1572,     5.71651638)
  (1573,   -14.66141717)
  (1574,    -7.55057460)
  (1575,    -5.73419405)
  (1576,     9.50837650)
  (1577,     4.85472999)
  (1578,     1.88930093)
  (1579,    -5.86677658)
  (1580,   -15.05916473)
  (1581,    -6.30429890)
  (1582,     7.78922314)
  (1583,   -14.22389485)
  (1584,   -16.45570062)
  (1585,     7.28099014)
  (1586,     8.16929303)
  (1587,     8.86314156)
  (1588,     0.76676892)
  (1589,    26.33309847)
  (1590,    16.77389867)
  (1591,    -4.30230282)
  (1592,   -14.86029095)
  (1593,   -21.05189470)
  (1594,     6.61807753)
  (1595,    21.40102867)
  (1596,     8.78801146)
  (1597,     3.45377468)
  (1598,    25.39618199)
  (1599,   -28.10086543)
  (1600,    21.17563839)
  (1601,    14.15318417)
  (1602,   -21.08283062)
  (1603,    -1.77439608)
  (1604,    30.18683043)
  (1605,     4.84147174)
  (1606,     2.85715334)
  (1607,     4.42604651)
  (1608,   -16.47337829)
  (1609,    26.79713730)
  (1610,    21.84297041)
  (1611,     5.99052026)
  (1612,     1.31477667)
  (1613,    -6.14078045)
  (1614,   -16.57502489)
  (1615,    -7.97041925)
  (1616,    30.88067896)
  (1617,    -1.27942133)
  (1618,    20.47737044)
  (1619,    34.27037209)
  (1620,    39.97142052)
  (1621,     0.23643883)
  (1622,    14.14434533)
  (1623,     1.81859025)
  (1624,   -17.44565012)
  (1625,   -38.59256229)
  (1626,   -17.04790255)
  (1627,    -9.70725028)
  (1628,    16.77389867)
  (1629,   -25.36524607)
  (1630,   -26.85458972)
  (1631,    21.77225973)
  (1632,     8.88081923)
  (1633,   -15.98724238)
  (1634,    -8.84988331)
  (1635,    24.99843442)
  (1636,    27.78266737)
  (1637,    30.64203042)
  (1638,    23.93777425)
  (1639,    -4.48349893)
  (1640,    -3.02067178)
  (1641,     4.53211253)
  (1642,     8.02787168)
  (1643,     4.78843873)
  (1644,     7.47544450)
  (1645,    -6.54736685)
  (1646,   -34.90676820)
  (1647,    18.21904816)
  (1648,     2.79086208)
  (1649,   -28.01689650)
  (1650,    12.19538227)
  (1651,    11.04191433)
  (1652,   -18.28533942)
  (1653,    14.90890454)
  (1654,     1.34571259)
  (1655,    -1.37222910)
  (1656,   -48.77931936)
  (1657,     5.58393386)
  (1658,    -0.36018252)
  (1659,   -14.31228319)
  (1660,    25.70112179)
  (1661,   -23.35883057)
  (1662,   -20.05752579)
  (1663,    10.61765026)
  (1664,    -2.37101743)
  (1665,    19.68629473)
  (1666,   -29.60346734)
  (1667,     8.33723089)
  (1668,    26.46568099)
  (1669,   -14.31228319)
  (1670,    40.74923797)
  (1671,   -19.69513356)
  (1672,    -4.65585621)
  (1673,    24.94982083)
  (1674,    46.98945532)
  (1675,    -7.04676102)
  (1676,   -18.30743651)
  (1677,    -7.50196101)
  (1678,   -12.89806963)
  (1679,   -13.16765409)
  (1680,    -3.18419022)
  (1681,   -12.22189877)
  (1682,     6.75949889)
  (1683,    -9.16366194)
  (1684,   -12.22189877)
  (1685,     7.51079984)
  (1686,   -19.29296658)
  (1687,    24.93214316)
  (1688,    22.16116846)
  (1689,    13.81288903)
  (1690,    -7.47544450)
  (1691,   -10.19338619)
  (1692,    -0.85073785)
  (1693,    35.35754877)
  (1694,     4.57630670)
  (1695,    -0.05966213)
  (1696,    -1.26616308)
  (1697,     9.48627941)
  (1698,   -21.22425198)
  (1699,     6.50759210)
  (1700,     9.47744058)
  (1701,    13.20300943)
  (1702,    -3.84268341)
  (1703,   -16.42476470)
  (1704,    -2.39311451)
  (1705,    20.34478792)
  (1706,    34.95980120)
  (1707,    -9.75144445)
  (1708,   -23.92009658)
  (1709,    -8.29745614)
  (1710,     1.40316502)
  (1711,     8.00135517)
  (1712,     0.13921165)
  (1713,    29.08197608)
  (1714,    10.97562307)
  (1715,   -19.92936269)
  (1716,     9.14156486)
  (1717,    27.48656641)
  (1718,    13.16323467)
  (1719,    -3.60845429)
  (1720,    -6.76833772)
  (1721,   -18.20137049)
  (1722,   -12.77874536)
  (1723,     6.90975908)
  (1724,   -14.67467542)
  (1725,   -21.27286557)
  (1726,     9.65863669)
  (1727,     6.94069500)
  (1728,   -14.48464047)
  (1729,    13.04391040)
  (1730,   -38.48207686)
  (1731,     0.13921165)
  (1732,     0.62534756)
  (1733,    14.37415504)
  (1734,    29.28084987)
  (1735,   -19.01012387)
  (1736,     7.59918819)
  (1737,    19.81887725)
  (1738,    19.01012387)
  (1739,     8.91175515)
  (1740,   -17.65778215)
  (1741,    -4.03271836)
  (1742,     2.67153781)
  (1743,     9.23437262)
  (1744,     0.43531261)
  (1745,     0.24527766)
  (1746,    -0.88167377)
  (1747,   -19.46532386)
  (1748,     9.41998815)
  (1749,   -14.41392979)
  (1750,   -12.02302499)
  (1751,    40.23658556)
  (1752,     3.58635721)
  (1753,     9.68957261)
  (1754,    -7.91296682)
  (1755,    -2.80853975)
  (1756,    16.59270256)
  (1757,    -6.37500957)
  (1758,     2.64502130)
  (1759,    -8.01019401)
  (1760,    -4.89450475)
  (1761,     5.61928920)
  (1762,   -29.48414307)
  (1763,    10.08290076)
  (1764,    31.72036826)
  (1765,   -25.97512567)
  (1766,    12.35448129)
  (1767,     1.72578249)
  (1768,    21.75900148)
  (1769,   -10.27735512)
  (1770,    10.58671434)
  (1771,    21.25076848)
  (1772,    22.17884613)
  (1773,   -21.72806556)
  (1774,     5.94190667)
  (1775,    -6.80811248)
  (1776,    -0.13037281)
  (1777,   -26.35077614)
  (1778,     0.62976698)
  (1779,    18.63005398)
  (1780,    22.51030244)
  (1781,   -13.26488127)
  (1782,   -48.91632130)
  (1783,    28.34835280)
  (1784,     5.61045037)
  (1785,    -0.01546796)
  (1786,   -23.29253931)
  (1787,    28.84332755)
  (1788,    24.49462084)
  (1789,   -38.61023996)
  (1790,     0.55021746)
  (1791,    25.41827907)
  (1792,   -22.53681894)
  (1793,   -18.32511418)
  (1794,    40.73156031)
  (1795,     1.71252424)
  (1796,   -24.55649269)
  (1797,    32.41421679)
  (1798,    19.78794133)
  (1799,   -14.71445017)
  (1800,    13.82172786)
  (1801,    -2.82621742)
  (1802,    15.78394918)
  (1803,     5.26131639)
  (1804,   -21.38777042)
  (1805,    -5.51764260)
  (1806,     9.45092407)
  (1807,    30.15589451)
  (1808,    -2.11027180)
  (1809,    -1.25732425)
  (1810,     5.04918436)
  (1811,   -41.81873698)
  (1812,    -5.94190667)
  (1813,    27.83570038)
  (1814,     5.64580571)
  (1815,     4.44814360)
  (1816,     5.16850863)
  (1817,     9.16808136)
  (1818,    18.39140544)
  (1819,    -8.11184061)
  (1820,    21.37451217)
  (1821,    51.45748629)
  (1822,     7.45334742)
  (1823,   -29.85979354)
  (1824,     3.55542128)
  (1825,     7.86435323)
  (1826,   -25.40944024)
  (1827,     5.46019018)
  (1828,   -17.83013943)
  (1829,     2.62734363)
  (1830,    11.26730462)
  (1831,    20.50830636)
  (1832,     5.22154164)
  (1833,     0.39111844)
  (1834,    34.16872549)
  (1835,    27.43795282)
  (1836,    23.37208883)
  (1837,    -7.54173576)
  (1838,   -17.60474914)
  (1839,   -18.47537437)
  (1840,   -18.36488893)
  (1841,    -7.44450858)
  (1842,   -15.10335890)
  (1843,   -21.67503255)
  (1844,     2.31356500)
  (1845,    26.66013536)
  (1846,   -23.42512184)
  (1847,    -0.57231455)
  (1848,    23.94219367)
  (1849,     5.42925425)
  (1850,    -9.83099397)
  (1851,    -2.63176305)
  (1852,     9.89286581)
  (1853,    -0.90377085)
  (1854,    16.23914917)
  (1855,     9.11062893)
  (1856,    -6.56062510)
  (1857,    29.65650034)
  (1858,    -9.91938231)
  (1859,    -1.21754949)
  (1860,     2.49476111)
  (1861,    -1.92023685)
  (1862,    -1.96885044)
  (1863,   -22.21420147)
  (1864,    24.64488103)
  (1865,   -19.02338212)
  (1866,     9.42440757)
  (1867,    26.06351401)
  (1868,    -0.65628348)
  (1869,   -11.64737451)
  (1870,     9.78238038)
  (1871,    33.09480707)
  (1872,    -3.93549118)
  (1873,    -5.70767755)
  (1874,     0.94354561)
  (1875,    -4.76192223)
  (1876,     9.07085418)
  (1877,    -9.32718039)
  (1878,    -4.92102126)
  (1879,    15.58065598)
  (1880,    -7.46660567)
  (1881,     5.06244261)
  (1882,    -8.13835711)
  (1883,    31.95901680)
  (1884,     7.54615518)
  (1885,   -11.66505218)
  (1886,     0.37786019)
  (1887,   -34.91118761)
  (1888,    -6.40152608)
  (1889,   -12.35448129)
  (1890,    -0.71815532)
  (1891,   -29.20130035)
  (1892,    -2.85273392)
  (1893,    -6.56946394)
  (1894,   -10.56019784)
  (1895,    -9.77796096)
  (1896,    16.61038023)
  (1897,    -1.64623297)
  (1898,     1.16893590)
  (1899,    28.93613531)
  (1900,    25.61273344)
  (1901,    51.29396785)
  (1902,   -24.82165773)
  (1903,    -7.47544450)
  (1904,   -30.49618965)
  (1905,   -18.40024427)
  (1906,    24.87911015)
  (1907,   -12.99087740)
  (1908,    28.44557998)
  (1909,    -2.15888539)
  (1910,   -19.92052385)
  (1911,    -8.93827166)
  (1912,    11.27172403)
  (1913,   -11.10378617)
  (1914,   -18.48863262)
  (1915,    16.43802295)
  (1916,   -20.90605393)
  (1917,   -15.81930452)
  (1918,   -12.91574730)
  (1919,    -4.85031058)
  (1920,    13.05274924)
  (1921,   -18.91289669)
  (1922,   -11.73134344)
  (1923,    -7.27215130)
  (1924,   -15.89001520)
  (1925,    -7.59476877)
  (1926,   -20.81324616)
  (1927,   -10.29945221)
  (1928,    14.79841911)
  (1929,    18.91289669)
  (1930,    -7.88203090)
  (1931,    -7.93064449)
  (1932,   -44.93000682)
  (1933,     8.69078428)
  (1934,   -10.52042308)
  (1935,    -6.93627558)
  (1936,     3.30351449)
  (1937,     2.41521160)
  (1938,    10.92259006)
  (1939,   -20.29175491)
  (1940,    -0.56347572)
  (1941,   -10.12267551)
  (1942,    35.06586722)
  (1943,    -8.65542894)
  (1944,    12.08489683)
  (1945,   -12.15560751)
  (1946,    16.76947926)
  (1947,    23.19089271)
  (1948,    11.74460169)
  (1949,     4.73098631)
  (1950,   -26.62478002)
  (1951,   -14.80283852)
  (1952,   -12.29702887)
  (1953,   -27.03578584)
  (1954,    30.08518383)
  (1955,   -24.59626744)
  (1956,   -19.01012387)
  (1957,    -7.04676102)
  (1958,   -16.46453946)
  (1959,     4.78843873)
  (1960,    16.27450451)
  (1961,    27.30978971)
  (1962,     2.67153781)
  (1963,    -3.92665234)
  (1964,   -21.18889664)
  (1965,    20.84418208)
  (1966,    28.14947902)
  (1967,    10.21106386)
  (1968,     7.53731635)
  (1969,    28.04783242)
  (1970,    21.21099373)
  (1971,     0.11711456)
  (1972,   -17.86991419)
  (1973,    -5.02266786)
  (1974,    12.30586770)
  (1975,    -5.15525038)
  (1976,    18.25440350)
  (1977,    -9.07085418)
  (1978,    -0.77560775)
  (1979,    -9.45976291)
  (1980,   -15.11661716)
  (1981,    35.26032159)
  (1982,   -25.98838392)
  (1983,   -22.11255487)
  (1984,    -8.57146001)
  (1985,    -0.73583299)
  (1986,     2.10585238)
  (1987,    -2.37101743)
  (1988,   -22.69149855)
  (1989,     8.34606973)
  (1990,     2.82621742)
  (1991,   -35.67132740)
  (1992,    14.76748318)
  (1993,   -40.25868265)
  (1994,    14.59070649)
  (1995,     6.71972413)
  (1996,    -4.11668729)
  (1997,    16.65015499)
  (1998,     0.08175922)
  (1999,     6.67994937)
  (2000,    -5.22154164)
  (2001,   -11.05075316)
  (2002,     1.47829511)
  (2003,    25.05588685)
  (2004,    -0.77118833)
  (2005,     7.69199595)
  (2006,   -11.13914151)
  (2007,    -1.39432618)
  (2008,   -18.44001903)
  (2009,    14.33879970)
  (2010,    -1.29267958)
  (2011,     3.86478050)
  (2012,    -6.18497463)
  (2013,     8.02345226)
  (2014,    -3.87803875)
  (2015,   -65.35655396)
  (2016,     9.22995320)
  (2017,    -0.86841552)
  (2018,     4.04155720)
  (2019,    14.12224825)
  (2020,    -7.26773189)
  (2021,    -8.71288137)
  (2022,    19.23109474)
  (2023,   -24.98517617)
  (2024,    -6.70204646)
  (2025,   -26.61152177)
  (2026,     6.42362317)
  (2027,    -7.41357266)
  (2028,    -7.66989887)
  (2029,     7.21911829)
  (2030,   -22.89037233)
  (2031,    -8.31071439)
  (2032,     9.38905223)
  (2033,    -9.81331630)
  (2034,     5.72093580)
  (2035,     4.75308339)
  (2036,     0.14805048)
  (2037,    21.48941702)
  (2038,   -15.86791811)
  (2039,   -12.12467159)
  (2040,   -39.31734674)
  (2041,    32.46724980)
  (2042,   -10.19338619)
  (2043,     2.96321935)
  (2044,    -8.01461342)
  (2045,     3.78081157)
  (2046,     8.08974352)
  (2047,   -25.21940529)
]
