%=============================================================================
% Daniel J. Greenhoe 
% Sunspot eigen vector 4 data file suitable for use with LaTeX PStricks
% For an example, see "sunspots_eigen.tex"
% This file auto-generated using "sunspots.R" --- hand-editing not recommended
%=============================================================================
[
  (  0.08333333,   1.63554190)
  (  0.16666667,   1.65282337)
  (  0.25000000,   1.66596466)
  (  0.33333333,   1.67516163)
  (  0.41666667,   1.68040050)
  (  0.50000000,   1.68162403)
  (  0.58333333,   1.67880113)
  (  0.66666667,   1.67187242)
  (  0.75000000,   1.66085641)
  (  0.83333333,   1.64581117)
  (  0.91666667,   1.62662604)
  (  1.00000000,   1.60328286)
  (  1.08333333,   1.57573862)
  (  1.16666667,   1.54403216)
  (  1.25000000,   1.50824334)
  (  1.33333333,   1.46843713)
  (  1.41666667,   1.42458392)
  (  1.50000000,   1.37680318)
  (  1.58333333,   1.32511351)
  (  1.66666667,   1.26968326)
  (  1.75000000,   1.21058119)
  (  1.83333333,   1.14785000)
  (  1.91666667,   1.08174371)
  (  2.00000000,   1.01236701)
  (  2.08333333,   0.93977871)
  (  2.16666667,   0.86426110)
  (  2.25000000,   0.78587711)
  (  2.33333333,   0.70468596)
  (  2.41666667,   0.62098064)
  (  2.50000000,   0.53491692)
  (  2.58333333,   0.44674045)
  (  2.66666667,   0.35660499)
  (  2.75000000,   0.26480982)
  (  2.83333333,   0.17146500)
  (  2.91666667,   0.07676986)
  (  3.00000000,  -0.01901501)
  (  3.08333333,  -0.11567318)
  (  3.16666667,  -0.21295752)
  (  3.25000000,  -0.31061761)
  (  3.33333333,  -0.40843173)
  (  3.41666667,  -0.50610168)
  (  3.50000000,  -0.60341755)
  (  3.58333333,  -0.70017147)
  (  3.66666667,  -0.79610721)
  (  3.75000000,  -0.89090470)
  (  3.83333333,  -0.98434297)
  (  3.91666667,  -1.07628635)
  (  4.00000000,  -1.16638454)
  (  4.08333333,  -1.25440353)
  (  4.16666667,  -1.34016100)
  (  4.25000000,  -1.42335682)
  (  4.33333333,  -1.50374646)
  (  4.41666667,  -1.58111301)
  (  4.50000000,  -1.65532394)
  (  4.58333333,  -1.72613698)
  (  4.66666667,  -1.79336434)
  (  4.75000000,  -1.85676592)
  (  4.83333333,  -1.91622062)
  (  4.91666667,  -1.97153560)
  (  5.00000000,  -2.02253696)
  (  5.08333333,  -2.06895109)
  (  5.16666667,  -2.11067660)
  (  5.25000000,  -2.14760001)
  (  5.33333333,  -2.17959343)
  (  5.41666667,  -2.20648779)
  (  5.50000000,  -2.22826362)
  (  5.58333333,  -2.24482731)
  (  5.66666667,  -2.25599671)
  (  5.75000000,  -2.26180232)
  (  5.83333333,  -2.26216185)
  (  5.91666667,  -2.25695367)
  (  6.00000000,  -2.24621274)
  (  6.08333333,  -2.22995947)
  (  6.16666667,  -2.20814482)
  (  6.25000000,  -2.18082718)
  (  6.33333333,  -2.14800892)
  (  6.41666667,  -2.10967713)
  (  6.50000000,  -2.06596728)
  (  6.58333333,  -2.01691649)
  (  6.66666667,  -1.96259022)
  (  6.75000000,  -1.90306760)
  (  6.83333333,  -1.83849922)
  (  6.91666667,  -1.76895764)
  (  7.00000000,  -1.69463207)
  (  7.08333333,  -1.61559223)
  (  7.16666667,  -1.53198271)
  (  7.25000000,  -1.44404471)
  (  7.33333333,  -1.35198984)
  (  7.41666667,  -1.25601584)
  (  7.50000000,  -1.15624200)
  (  7.58333333,  -1.05292781)
  (  7.66666667,  -0.94632246)
  (  7.75000000,  -0.83658068)
  (  7.83333333,  -0.72398493)
  (  7.91666667,  -0.60878579)
  (  8.00000000,  -0.49128701)
  (  8.08333333,  -0.37172861)
  (  8.16666667,  -0.25046212)
  (  8.25000000,  -0.12770151)
  (  8.33333333,  -0.00374419)
  (  8.41666667,   0.12110452)
  (  8.50000000,   0.24655225)
  (  8.58333333,   0.37231038)
  (  8.66666667,   0.49800053)
  (  8.75000000,   0.62339276)
  (  8.83333333,   0.74813773)
  (  8.91666667,   0.87188578)
  (  9.00000000,   0.99434554)
  (  9.08333333,   1.11525820)
  (  9.16666667,   1.23421938)
  (  9.25000000,   1.35090494)
  (  9.33333333,   1.46513201)
  (  9.41666667,   1.57657421)
  (  9.50000000,   1.68490088)
  (  9.58333333,   1.78976764)
  (  9.66666667,   1.89096303)
  (  9.75000000,   1.98822226)
  (  9.83333333,   2.08125885)
  (  9.91666667,   2.16979451)
  ( 10.00000000,   2.25353386)
  ( 10.08333333,   2.33227066)
  ( 10.16666667,   2.40574446)
  ( 10.25000000,   2.47381586)
  ( 10.33333333,   2.53619253)
  ( 10.41666667,   2.59275191)
  ( 10.50000000,   2.64329122)
  ( 10.58333333,   2.68762758)
  ( 10.66666667,   2.72562649)
  ( 10.75000000,   2.75717950)
  ( 10.83333333,   2.78207496)
  ( 10.91666667,   2.80020594)
  ( 11.00000000,   2.81151104)
  ( 11.08333333,   2.81595460)
  ( 11.16666667,   2.81345687)
  ( 11.25000000,   2.80402905)
  ( 11.33333333,   2.78758879)
  ( 11.41666667,   2.76420727)
  ( 11.50000000,   2.73387426)
  ( 11.58333333,   2.69656973)
  ( 11.66666667,   2.65234972)
  ( 11.75000000,   2.60129243)
  ( 11.83333333,   2.54343529)
  ( 11.91666667,   2.47889268)
  ( 12.00000000,   2.40784468)
  ( 12.08333333,   2.33042203)
  ( 12.16666667,   2.24679129)
  ( 12.25000000,   2.15709996)
  ( 12.33333333,   2.06150027)
  ( 12.41666667,   1.96028723)
  ( 12.50000000,   1.85361761)
  ( 12.58333333,   1.74175141)
  ( 12.66666667,   1.62487077)
  ( 12.75000000,   1.50326973)
  ( 12.83333333,   1.37731362)
  ( 12.91666667,   1.24726054)
  ( 13.00000000,   1.11343212)
  ( 13.08333333,   0.97607913)
  ( 13.16666667,   0.83556916)
  ( 13.25000000,   0.69221461)
  ( 13.33333333,   0.54635832)
  ( 13.41666667,   0.39834851)
  ( 13.50000000,   0.24858295)
  ( 13.58333333,   0.09743431)
  ( 13.66666667,  -0.05476910)
  ( 13.75000000,  -0.20761879)
  ( 13.83333333,  -0.36075755)
  ( 13.91666667,  -0.51382337)
  ( 14.00000000,  -0.66647288)
  ( 14.08333333,  -0.81823229)
  ( 14.16666667,  -0.96872136)
  ( 14.25000000,  -1.11761662)
  ( 14.33333333,  -1.26457308)
  ( 14.41666667,  -1.40910814)
  ( 14.50000000,  -1.55082555)
  ( 14.58333333,  -1.68943054)
  ( 14.66666667,  -1.82458076)
  ( 14.75000000,  -1.95586792)
  ( 14.83333333,  -2.08306577)
  ( 14.91666667,  -2.20566262)
  ( 15.00000000,  -2.32339525)
  ( 15.08333333,  -2.43596466)
  ( 15.16666667,  -2.54308350)
  ( 15.25000000,  -2.64449960)
  ( 15.33333333,  -2.73990840)
  ( 15.41666667,  -2.82895890)
  ( 15.50000000,  -2.91139687)
  ( 15.58333333,  -2.98711280)
  ( 15.66666667,  -3.05574243)
  ( 15.75000000,  -3.11712555)
  ( 15.83333333,  -3.17109134)
  ( 15.91666667,  -3.21753345)
  ( 16.00000000,  -3.25626722)
  ( 16.08333333,  -3.28714967)
  ( 16.16666667,  -3.31008976)
  ( 16.25000000,  -3.32495751)
  ( 16.33333333,  -3.33170819)
  ( 16.41666667,  -3.33032851)
  ( 16.50000000,  -3.32072103)
  ( 16.58333333,  -3.30286738)
  ( 16.66666667,  -3.27683799)
  ( 16.75000000,  -3.24266572)
  ( 16.83333333,  -3.20033409)
  ( 16.91666667,  -3.14993646)
  ( 17.00000000,  -3.09164173)
  ( 17.08333333,  -3.02548830)
  ( 17.16666667,  -2.95163622)
  ( 17.25000000,  -2.87023300)
  ( 17.33333333,  -2.78140655)
  ( 17.41666667,  -2.68537823)
  ( 17.50000000,  -2.58239380)
  ( 17.58333333,  -2.47266222)
  ( 17.66666667,  -2.35640524)
  ( 17.75000000,  -2.23392883)
  ( 17.83333333,  -2.10547351)
  ( 17.91666667,  -1.97133133)
  ( 18.00000000,  -1.83188516)
  ( 18.08333333,  -1.68737455)
  ( 18.16666667,  -1.53809195)
  ( 18.25000000,  -1.38443376)
  ( 18.33333333,  -1.22678067)
  ( 18.41666667,  -1.06542753)
  ( 18.50000000,  -0.90083047)
  ( 18.58333333,  -0.73343401)
  ( 18.66666667,  -0.56361366)
  ( 18.75000000,  -0.39174830)
  ( 18.83333333,  -0.21828435)
  ( 18.91666667,  -0.04359837)
  ( 19.00000000,   0.13187227)
  ( 19.08333333,   0.30769223)
  ( 19.16666667,   0.48346664)
  ( 19.25000000,   0.65874865)
  ( 19.33333333,   0.83305982)
  ( 19.41666667,   1.00595843)
  ( 19.50000000,   1.17709798)
  ( 19.58333333,   1.34600942)
  ( 19.66666667,   1.51219540)
  ( 19.75000000,   1.67531533)
  ( 19.83333333,   1.83495968)
  ( 19.91666667,   1.99066044)
  ( 20.00000000,   2.14202703)
  ( 20.08333333,   2.28867229)
  ( 20.16666667,   2.43022610)
  ( 20.25000000,   2.56635316)
  ( 20.33333333,   2.69667995)
  ( 20.41666667,   2.82081359)
  ( 20.50000000,   2.93847343)
  ( 20.58333333,   3.04928154)
  ( 20.66666667,   3.15297943)
  ( 20.75000000,   3.24935684)
  ( 20.83333333,   3.33810422)
  ( 20.91666667,   3.41890868)
  ( 21.00000000,   3.49153389)
  ( 21.08333333,   3.55585941)
  ( 21.16666667,   3.61167403)
  ( 21.25000000,   3.65878801)
  ( 21.33333333,   3.69708803)
  ( 21.41666667,   3.72639554)
  ( 21.50000000,   3.74661613)
  ( 21.58333333,   3.75773517)
  ( 21.66666667,   3.75958954)
  ( 21.75000000,   3.75219749)
  ( 21.83333333,   3.73556295)
  ( 21.91666667,   3.70972236)
  ( 22.00000000,   3.67459300)
  ( 22.08333333,   3.63029460)
  ( 22.16666667,   3.57691296)
  ( 22.25000000,   3.51447949)
  ( 22.33333333,   3.44315651)
  ( 22.41666667,   3.36307320)
  ( 22.50000000,   3.27446194)
  ( 22.58333333,   3.17748217)
  ( 22.66666667,   3.07235993)
  ( 22.75000000,   2.95934590)
  ( 22.83333333,   2.83867099)
  ( 22.91666667,   2.71056278)
  ( 23.00000000,   2.57538255)
  ( 23.08333333,   2.43331527)
  ( 23.16666667,   2.28479027)
  ( 23.25000000,   2.13015035)
  ( 23.33333333,   1.96971351)
  ( 23.41666667,   1.80387428)
  ( 23.50000000,   1.63317263)
  ( 23.58333333,   1.45792583)
  ( 23.66666667,   1.27846161)
  ( 23.75000000,   1.09523863)
  ( 23.83333333,   0.90870108)
  ( 23.91666667,   0.71930311)
  ( 24.00000000,   0.52758194)
  ( 24.08333333,   0.33397146)
  ( 24.16666667,   0.13897176)
  ( 24.25000000,  -0.05692651)
  ( 24.33333333,  -0.25331007)
  ( 24.41666667,  -0.44974848)
  ( 24.50000000,  -0.64560715)
  ( 24.58333333,  -0.84050082)
  ( 24.66666667,  -1.03393606)
  ( 24.75000000,  -1.22539314)
  ( 24.83333333,  -1.41440169)
  ( 24.91666667,  -1.60041411)
  ( 25.00000000,  -1.78306631)
  ( 25.08333333,  -1.96182930)
  ( 25.16666667,  -2.13627117)
  ( 25.25000000,  -2.30600849)
  ( 25.33333333,  -2.47058869)
  ( 25.41666667,  -2.62952192)
  ( 25.50000000,  -2.78238783)
  ( 25.58333333,  -2.92883537)
  ( 25.66666667,  -3.06850745)
  ( 25.75000000,  -3.20106776)
  ( 25.83333333,  -3.32610279)
  ( 25.91666667,  -3.44325094)
  ( 26.00000000,  -3.55229794)
  ( 26.08333333,  -3.65289101)
  ( 26.16666667,  -3.74471627)
  ( 26.25000000,  -3.82754384)
  ( 26.33333333,  -3.90119074)
  ( 26.41666667,  -3.96537495)
  ( 26.50000000,  -4.02001940)
  ( 26.58333333,  -4.06493594)
  ( 26.66666667,  -4.10001578)
  ( 26.75000000,  -4.12513677)
  ( 26.83333333,  -4.14013750)
  ( 26.91666667,  -4.14495389)
  ( 27.00000000,  -4.13956922)
  ( 27.08333333,  -4.12397495)
  ( 27.16666667,  -4.09816443)
  ( 27.25000000,  -4.06217552)
  ( 27.33333333,  -4.01611947)
  ( 27.41666667,  -3.96008182)
  ( 27.50000000,  -3.89416401)
  ( 27.58333333,  -3.81850171)
  ( 27.66666667,  -3.73324322)
  ( 27.75000000,  -3.63858555)
  ( 27.83333333,  -3.53471409)
  ( 27.91666667,  -3.42188645)
  ( 28.00000000,  -3.30037272)
  ( 28.08333333,  -3.17047979)
  ( 28.16666667,  -3.03249455)
  ( 28.25000000,  -2.88670565)
  ( 28.33333333,  -2.73347464)
  ( 28.41666667,  -2.57320163)
  ( 28.50000000,  -2.40624589)
  ( 28.58333333,  -2.23299023)
  ( 28.66666667,  -2.05396062)
  ( 28.75000000,  -1.86955137)
  ( 28.83333333,  -1.68015410)
  ( 28.91666667,  -1.48620657)
  ( 29.00000000,  -1.28821513)
  ( 29.08333333,  -1.08660410)
  ( 29.16666667,  -0.88188733)
  ( 29.25000000,  -0.67456274)
  ( 29.33333333,  -0.46514348)
  ( 29.41666667,  -0.25418401)
  ( 29.50000000,  -0.04219084)
  ( 29.58333333,   0.17034872)
  ( 29.66666667,   0.38284773)
  ( 29.75000000,   0.59488850)
  ( 29.83333333,   0.80589712)
  ( 29.91666667,   1.01532359)
  ( 30.00000000,   1.22264433)
  ( 30.08333333,   1.42731261)
  ( 30.16666667,   1.62886883)
  ( 30.25000000,   1.82672348)
  ( 30.33333333,   2.02051190)
  ( 30.41666667,   2.20972033)
  ( 30.50000000,   2.39388588)
  ( 30.58333333,   2.57248660)
  ( 30.66666667,   2.74511711)
  ( 30.75000000,   2.91131820)
  ( 30.83333333,   3.07062096)
  ( 30.91666667,   3.22268210)
  ( 31.00000000,   3.36704982)
  ( 31.08333333,   3.50337126)
  ( 31.16666667,   3.63136836)
  ( 31.25000000,   3.75066709)
  ( 31.33333333,   3.86094749)
  ( 31.41666667,   3.96188338)
  ( 31.50000000,   4.05326237)
  ( 31.58333333,   4.13481057)
  ( 31.66666667,   4.20633233)
  ( 31.75000000,   4.26763241)
  ( 31.83333333,   4.31847293)
  ( 31.91666667,   4.35883556)
  ( 32.00000000,   4.38856601)
  ( 32.08333333,   4.40754893)
  ( 32.16666667,   4.41566724)
  ( 32.25000000,   4.41292418)
  ( 32.33333333,   4.39923344)
  ( 32.41666667,   4.37463837)
  ( 32.50000000,   4.33923782)
  ( 32.58333333,   4.29300528)
  ( 32.66666667,   4.23607087)
  ( 32.75000000,   4.16856144)
  ( 32.83333333,   4.09065908)
  ( 32.91666667,   4.00255013)
  ( 33.00000000,   3.90440485)
  ( 33.08333333,   3.79647736)
  ( 33.16666667,   3.67899152)
  ( 33.25000000,   3.55223686)
  ( 33.33333333,   3.41648360)
  ( 33.41666667,   3.27205887)
  ( 33.50000000,   3.11923469)
  ( 33.58333333,   2.95843494)
  ( 33.66666667,   2.79000243)
  ( 33.75000000,   2.61436081)
  ( 33.83333333,   2.43200763)
  ( 33.91666667,   2.24338243)
  ( 34.00000000,   2.04886651)
  ( 34.08333333,   1.84898660)
  ( 34.16666667,   1.64421154)
  ( 34.25000000,   1.43505661)
  ( 34.33333333,   1.22200597)
  ( 34.41666667,   1.00551794)
  ( 34.50000000,   0.78615006)
  ( 34.58333333,   0.56447588)
  ( 34.66666667,   0.34108304)
  ( 34.75000000,   0.11644043)
  ( 34.83333333,  -0.10880797)
  ( 34.91666667,  -0.33412060)
  ( 35.00000000,  -0.55896411)
  ( 35.08333333,  -0.78274210)
  ( 35.16666667,  -1.00489122)
  ( 35.25000000,  -1.22492829)
  ( 35.33333333,  -1.44229650)
  ( 35.41666667,  -1.65646324)
  ( 35.50000000,  -1.86682895)
  ( 35.58333333,  -2.07289450)
  ( 35.66666667,  -2.27406962)
  ( 35.75000000,  -2.46994220)
  ( 35.83333333,  -2.65999281)
  ( 35.91666667,  -2.84369327)
  ( 36.00000000,  -3.02063793)
  ( 36.08333333,  -3.19034003)
  ( 36.16666667,  -3.35235918)
  ( 36.25000000,  -3.50622951)
  ( 36.33333333,  -3.65162761)
  ( 36.41666667,  -3.78811435)
  ( 36.50000000,  -3.91538672)
  ( 36.58333333,  -4.03315440)
  ( 36.66666667,  -4.14107675)
  ( 36.75000000,  -4.23890373)
  ( 36.83333333,  -4.32629377)
  ( 36.91666667,  -4.40306211)
  ( 37.00000000,  -4.46899360)
  ( 37.08333333,  -4.52388505)
  ( 37.16666667,  -4.56763734)
  ( 37.25000000,  -4.60009811)
  ( 37.33333333,  -4.62118061)
  ( 37.41666667,  -4.63089736)
  ( 37.50000000,  -4.62912588)
  ( 37.58333333,  -4.61579560)
  ( 37.66666667,  -4.59101033)
  ( 37.75000000,  -4.55482441)
  ( 37.83333333,  -4.50729283)
  ( 37.91666667,  -4.44852653)
  ( 38.00000000,  -4.37868638)
  ( 38.08333333,  -4.29793262)
  ( 38.16666667,  -4.20647799)
  ( 38.25000000,  -4.10455998)
  ( 38.33333333,  -3.99235239)
  ( 38.41666667,  -3.87012363)
  ( 38.50000000,  -3.73819335)
  ( 38.58333333,  -3.59686596)
  ( 38.66666667,  -3.44651549)
  ( 38.75000000,  -3.28750011)
  ( 38.83333333,  -3.12024062)
  ( 38.91666667,  -2.94513686)
  ( 39.00000000,  -2.76261668)
  ( 39.08333333,  -2.57310006)
  ( 39.16666667,  -2.37701367)
  ( 39.25000000,  -2.17487554)
  ( 39.33333333,  -1.96722394)
  ( 39.41666667,  -1.75456504)
  ( 39.50000000,  -1.53742005)
  ( 39.58333333,  -1.31629353)
  ( 39.66666667,  -1.09177415)
  ( 39.75000000,  -0.86441647)
  ( 39.83333333,  -0.63477694)
  ( 39.91666667,  -0.40331550)
  ( 40.00000000,  -0.17071794)
  ( 40.08333333,   0.06235021)
  ( 40.16666667,   0.29539179)
  ( 40.25000000,   0.52789771)
  ( 40.33333333,   0.75921356)
  ( 40.41666667,   0.98877291)
  ( 40.50000000,   1.21599572)
  ( 40.58333333,   1.44031172)
  ( 40.66666667,   1.66119447)
  ( 40.75000000,   1.87809822)
  ( 40.83333333,   2.09039541)
  ( 40.91666667,   2.29757240)
  ( 41.00000000,   2.49915479)
  ( 41.08333333,   2.69463311)
  ( 41.16666667,   2.88351211)
  ( 41.25000000,   3.06527655)
  ( 41.33333333,   3.23953631)
  ( 41.41666667,   3.40585750)
  ( 41.50000000,   3.56381282)
  ( 41.58333333,   3.71298273)
  ( 41.66666667,   3.85293163)
  ( 41.75000000,   3.98336947)
  ( 41.83333333,   4.10391941)
  ( 41.91666667,   4.21436238)
  ( 42.00000000,   4.31432930)
  ( 42.08333333,   4.40362302)
  ( 42.16666667,   4.48194167)
  ( 42.25000000,   4.54911012)
  ( 42.33333333,   4.60496304)
  ( 42.41666667,   4.64938528)
  ( 42.50000000,   4.68227776)
  ( 42.58333333,   4.70356704)
  ( 42.66666667,   4.71316928)
  ( 42.75000000,   4.71103310)
  ( 42.83333333,   4.69710972)
  ( 42.91666667,   4.67147556)
  ( 43.00000000,   4.63416361)
  ( 43.08333333,   4.58525913)
  ( 43.16666667,   4.52489715)
  ( 43.25000000,   4.45331698)
  ( 43.33333333,   4.37063687)
  ( 43.41666667,   4.27701976)
  ( 43.50000000,   4.17269634)
  ( 43.58333333,   4.05793787)
  ( 43.66666667,   3.93305536)
  ( 43.75000000,   3.79839641)
  ( 43.83333333,   3.65420954)
  ( 43.91666667,   3.50088941)
  ( 44.00000000,   3.33881307)
  ( 44.08333333,   3.16839426)
  ( 44.16666667,   2.99000157)
  ( 44.25000000,   2.80412827)
  ( 44.33333333,   2.61123808)
  ( 44.41666667,   2.41184666)
  ( 44.50000000,   2.20646859)
  ( 44.58333333,   1.99558387)
  ( 44.66666667,   1.77967282)
  ( 44.75000000,   1.55934840)
  ( 44.83333333,   1.33515871)
  ( 44.91666667,   1.10765374)
  ( 45.00000000,   0.87734696)
  ( 45.08333333,   0.64479869)
  ( 45.16666667,   0.41062970)
  ( 45.25000000,   0.17549105)
  ( 45.33333333,  -0.06001562)
  ( 45.41666667,  -0.29538865)
  ( 45.50000000,  -0.53002661)
  ( 45.58333333,  -0.76329506)
  ( 45.66666667,  -0.99462494)
  ( 45.75000000,  -1.22340298)
  ( 45.83333333,  -1.44906173)
  ( 45.91666667,  -1.67102975)
  ( 46.00000000,  -1.88877877)
  ( 46.08333333,  -2.10174211)
  ( 46.16666667,  -2.30939120)
  ( 46.25000000,  -2.51114643)
  ( 46.33333333,  -2.70654281)
  ( 46.41666667,  -2.89510612)
  ( 46.50000000,  -3.07640990)
  ( 46.58333333,  -3.24991268)
  ( 46.66666667,  -3.41512497)
  ( 46.75000000,  -3.57165331)
  ( 46.83333333,  -3.71920259)
  ( 46.91666667,  -3.85734716)
  ( 47.00000000,  -3.98571554)
  ( 47.08333333,  -4.10398562)
  ( 47.16666667,  -4.21189082)
  ( 47.25000000,  -4.30918758)
  ( 47.33333333,  -4.39564336)
  ( 47.41666667,  -4.47103376)
  ( 47.50000000,  -4.53519241)
  ( 47.58333333,  -4.58793724)
  ( 47.66666667,  -4.62910183)
  ( 47.75000000,  -4.65861608)
  ( 47.83333333,  -4.67640650)
  ( 47.91666667,  -4.68240325)
  ( 48.00000000,  -4.67664225)
  ( 48.08333333,  -4.65913492)
  ( 48.16666667,  -4.62995230)
  ( 48.25000000,  -4.58912852)
  ( 48.33333333,  -4.53682058)
  ( 48.41666667,  -4.47317604)
  ( 48.50000000,  -4.39839993)
  ( 48.58333333,  -4.31260672)
  ( 48.66666667,  -4.21609221)
  ( 48.75000000,  -4.10911405)
  ( 48.83333333,  -3.99188003)
  ( 48.91666667,  -3.86468386)
  ( 49.00000000,  -3.72786299)
  ( 49.08333333,  -3.58181701)
  ( 49.16666667,  -3.42687805)
  ( 49.25000000,  -3.26353180)
  ( 49.33333333,  -3.09212473)
  ( 49.41666667,  -2.91324513)
  ( 49.50000000,  -2.72726378)
  ( 49.58333333,  -2.53463346)
  ( 49.66666667,  -2.33581601)
  ( 49.75000000,  -2.13134696)
  ( 49.83333333,  -1.92174483)
  ( 49.91666667,  -1.70757335)
  ( 50.00000000,  -1.48930652)
  ( 50.08333333,  -1.26758972)
  ( 50.16666667,  -1.04300706)
  ( 50.25000000,  -0.81613016)
  ( 50.33333333,  -0.58747038)
  ( 50.41666667,  -0.35757259)
  ( 50.50000000,  -0.12707646)
  ( 50.58333333,   0.10347521)
  ( 50.66666667,   0.33345699)
  ( 50.75000000,   0.56229343)
  ( 50.83333333,   0.78940496)
  ( 50.91666667,   1.01425128)
  ( 51.00000000,   1.23624234)
  ( 51.08333333,   1.45483244)
  ( 51.16666667,   1.66942992)
  ( 51.25000000,   1.87953041)
  ( 51.33333333,   2.08462460)
  ( 51.41666667,   2.28422530)
  ( 51.50000000,   2.47778861)
  ( 51.58333333,   2.66485141)
  ( 51.66666667,   2.84494995)
  ( 51.75000000,   3.01761416)
  ( 51.83333333,   3.18245013)
  ( 51.91666667,   3.33905464)
  ( 52.00000000,   3.48702308)
  ( 52.08333333,   3.62596699)
  ( 52.16666667,   3.75556368)
  ( 52.25000000,   3.87550232)
  ( 52.33333333,   3.98550827)
  ( 52.41666667,   4.08526352)
  ( 52.50000000,   4.17453917)
  ( 52.58333333,   4.25317756)
  ( 52.66666667,   4.32100078)
  ( 52.75000000,   4.37783310)
  ( 52.83333333,   4.42353992)
  ( 52.91666667,   4.45803200)
  ( 53.00000000,   4.48119085)
  ( 53.08333333,   4.49299765)
  ( 53.16666667,   4.49341629)
  ( 53.25000000,   4.48253980)
  ( 53.33333333,   4.46032586)
  ( 53.41666667,   4.42685049)
  ( 53.50000000,   4.38224546)
  ( 53.58333333,   4.32661722)
  ( 53.66666667,   4.26011670)
  ( 53.75000000,   4.18294177)
  ( 53.83333333,   4.09528510)
  ( 53.91666667,   3.99742638)
  ( 54.00000000,   3.88963424)
  ( 54.08333333,   3.77219954)
  ( 54.16666667,   3.64541143)
  ( 54.25000000,   3.50964997)
  ( 54.33333333,   3.36529041)
  ( 54.41666667,   3.21269286)
  ( 54.50000000,   3.05219310)
  ( 54.58333333,   2.88420027)
  ( 54.66666667,   2.70921379)
  ( 54.75000000,   2.52767988)
  ( 54.83333333,   2.34008240)
  ( 54.91666667,   2.14690998)
  ( 55.00000000,   1.94863466)
  ( 55.08333333,   1.74579613)
  ( 55.16666667,   1.53895668)
  ( 55.25000000,   1.32851004)
  ( 55.33333333,   1.11506538)
  ( 55.41666667,   0.89920838)
  ( 55.50000000,   0.68147951)
  ( 55.58333333,   0.46249243)
  ( 55.66666667,   0.24281376)
  ( 55.75000000,   0.02293423)
  ( 55.83333333,  -0.19664829)
  ( 55.91666667,  -0.41522388)
  ( 56.00000000,  -0.63228257)
  ( 56.08333333,  -0.84728576)
  ( 56.16666667,  -1.05967823)
  ( 56.25000000,  -1.26897463)
  ( 56.33333333,  -1.47462559)
  ( 56.41666667,  -1.67603763)
  ( 56.50000000,  -1.87280216)
  ( 56.58333333,  -2.06436584)
  ( 56.66666667,  -2.25025980)
  ( 56.75000000,  -2.43001145)
  ( 56.83333333,  -2.60314867)
  ( 56.91666667,  -2.76918510)
  ( 57.00000000,  -2.92774496)
  ( 57.08333333,  -3.07847349)
  ( 57.16666667,  -3.22104478)
  ( 57.25000000,  -3.35505247)
  ( 57.33333333,  -3.48019022)
  ( 57.41666667,  -3.59616005)
  ( 57.50000000,  -3.70265005)
  ( 57.58333333,  -3.79943764)
  ( 57.66666667,  -3.88624975)
  ( 57.75000000,  -3.96286342)
  ( 57.83333333,  -4.02914761)
  ( 57.91666667,  -4.08499288)
  ( 58.00000000,  -4.13021760)
  ( 58.08333333,  -4.16477839)
  ( 58.16666667,  -4.18855717)
  ( 58.25000000,  -4.20151603)
  ( 58.33333333,  -4.20366482)
  ( 58.41666667,  -4.19507661)
  ( 58.50000000,  -4.17576921)
  ( 58.58333333,  -4.14580691)
  ( 58.66666667,  -4.10526210)
  ( 58.75000000,  -4.05422950)
  ( 58.83333333,  -3.99293967)
  ( 58.91666667,  -3.92160112)
  ( 59.00000000,  -3.84045686)
  ( 59.08333333,  -3.74970360)
  ( 59.16666667,  -3.64956684)
  ( 59.25000000,  -3.54034935)
  ( 59.33333333,  -3.42231557)
  ( 59.41666667,  -3.29577571)
  ( 59.50000000,  -3.16117952)
  ( 59.58333333,  -3.01877757)
  ( 59.66666667,  -2.86898237)
  ( 59.75000000,  -2.71219842)
  ( 59.83333333,  -2.54888899)
  ( 59.91666667,  -2.37946751)
  ( 60.00000000,  -2.20444584)
  ( 60.08333333,  -2.02425484)
  ( 60.16666667,  -1.83937263)
  ( 60.25000000,  -1.65030713)
  ( 60.33333333,  -1.45748508)
  ( 60.41666667,  -1.26142711)
  ( 60.50000000,  -1.06268008)
  ( 60.58333333,  -0.86177825)
  ( 60.66666667,  -0.65924004)
  ( 60.75000000,  -0.45556033)
  ( 60.83333333,  -0.25132622)
  ( 60.91666667,  -0.04703478)
  ( 61.00000000,   0.15682759)
  ( 61.08333333,   0.35973774)
  ( 61.16666667,   0.56114145)
  ( 61.25000000,   0.76056496)
  ( 61.33333333,   0.95745827)
  ( 61.41666667,   1.15128387)
  ( 61.50000000,   1.34156594)
  ( 61.58333333,   1.52780874)
  ( 61.66666667,   1.70947938)
  ( 61.75000000,   1.88623246)
  ( 61.83333333,   2.05759090)
  ( 61.91666667,   2.22306986)
  ( 62.00000000,   2.38234333)
  ( 62.08333333,   2.53499242)
  ( 62.16666667,   2.68064783)
  ( 62.25000000,   2.81894692)
  ( 62.33333333,   2.94955099)
  ( 62.41666667,   3.07208199)
  ( 62.50000000,   3.18624092)
  ( 62.58333333,   3.29179980)
  ( 62.66666667,   3.38841881)
  ( 62.75000000,   3.47597025)
  ( 62.83333333,   3.55423451)
  ( 62.91666667,   3.62301343)
  ( 63.00000000,   3.68222729)
  ( 63.08333333,   3.73165953)
  ( 63.16666667,   3.77124454)
  ( 63.25000000,   3.80087155)
  ( 63.33333333,   3.82055903)
  ( 63.41666667,   3.83027186)
  ( 63.50000000,   3.82999517)
  ( 63.58333333,   3.81969667)
  ( 63.66666667,   3.79947368)
  ( 63.75000000,   3.76940861)
  ( 63.83333333,   3.72959856)
  ( 63.91666667,   3.68021173)
  ( 64.00000000,   3.62143019)
  ( 64.08333333,   3.55336749)
  ( 64.16666667,   3.47626661)
  ( 64.25000000,   3.39033631)
  ( 64.33333333,   3.29581854)
  ( 64.41666667,   3.19300581)
  ( 64.50000000,   3.08218045)
  ( 64.58333333,   2.96359886)
  ( 64.66666667,   2.83765982)
  ( 64.75000000,   2.70471482)
  ( 64.83333333,   2.56515008)
  ( 64.91666667,   2.41931761)
  ( 65.00000000,   2.26760158)
  ( 65.08333333,   2.11047347)
  ( 65.16666667,   1.94835638)
  ( 65.25000000,   1.78160562)
  ( 65.33333333,   1.61069104)
  ( 65.41666667,   1.43609654)
  ( 65.50000000,   1.25834384)
  ( 65.58333333,   1.07794025)
  ( 65.66666667,   0.89536280)
  ( 65.75000000,   0.71108405)
  ( 65.83333333,   0.52552641)
  ( 65.91666667,   0.33915424)
  ( 66.00000000,   0.15248394)
  ( 66.08333333,  -0.03395141)
  ( 66.16666667,  -0.21966437)
  ( 66.25000000,  -0.40413775)
  ( 66.33333333,  -0.58688936)
  ( 66.41666667,  -0.76744426)
  ( 66.50000000,  -0.94532766)
  ( 66.58333333,  -1.12011956)
  ( 66.66666667,  -1.29135976)
  ( 66.75000000,  -1.45861329)
  ( 66.83333333,  -1.62146104)
  ( 66.91666667,  -1.77942733)
  ( 67.00000000,  -1.93215431)
  ( 67.08333333,  -2.07922998)
  ( 67.16666667,  -2.22030304)
  ( 67.25000000,  -2.35497201)
  ( 67.33333333,  -2.48291266)
  ( 67.41666667,  -2.60374971)
  ( 67.50000000,  -2.71722569)
  ( 67.58333333,  -2.82314099)
  ( 67.66666667,  -2.92120983)
  ( 67.75000000,  -3.01115888)
  ( 67.83333333,  -3.09280336)
  ( 67.91666667,  -3.16586024)
  ( 68.00000000,  -3.23028180)
  ( 68.08333333,  -3.28585501)
  ( 68.16666667,  -3.33242949)
  ( 68.25000000,  -3.36992681)
  ( 68.33333333,  -3.39827371)
  ( 68.41666667,  -3.41736638)
  ( 68.50000000,  -3.42729776)
  ( 68.58333333,  -3.42799536)
  ( 68.66666667,  -3.41947897)
  ( 68.75000000,  -3.40182143)
  ( 68.83333333,  -3.37515410)
  ( 68.91666667,  -3.33953915)
  ( 69.00000000,  -3.29505013)
  ( 69.08333333,  -3.24184434)
  ( 69.16666667,  -3.18007150)
  ( 69.25000000,  -3.11001989)
  ( 69.33333333,  -3.03181754)
  ( 69.41666667,  -2.94564303)
  ( 69.50000000,  -2.85177945)
  ( 69.58333333,  -2.75055522)
  ( 69.66666667,  -2.64227412)
  ( 69.75000000,  -2.52723862)
  ( 69.83333333,  -2.40576722)
  ( 69.91666667,  -2.27822438)
  ( 70.00000000,  -2.14495258)
  ( 70.08333333,  -2.00629844)
  ( 70.16666667,  -1.86268492)
  ( 70.25000000,  -1.71453185)
  ( 70.33333333,  -1.56227330)
  ( 70.41666667,  -1.40631508)
  ( 70.50000000,  -1.24712874)
  ( 70.58333333,  -1.08516614)
  ( 70.66666667,  -0.92076378)
  ( 70.75000000,  -0.75439160)
  ( 70.83333333,  -0.58644002)
  ( 70.91666667,  -0.41747971)
  ( 71.00000000,  -0.24798490)
  ( 71.08333333,  -0.07833739)
  ( 71.16666667,   0.09092818)
  ( 71.25000000,   0.25935455)
  ( 71.33333333,   0.42643394)
  ( 71.41666667,   0.59176939)
  ( 71.50000000,   0.75501290)
  ( 71.58333333,   0.91559591)
  ( 71.66666667,   1.07319510)
  ( 71.75000000,   1.22738797)
  ( 71.83333333,   1.37776672)
  ( 71.91666667,   1.52381877)
  ( 72.00000000,   1.66516905)
  ( 72.08333333,   1.80150139)
  ( 72.16666667,   1.93241274)
  ( 72.25000000,   2.05762256)
  ( 72.33333333,   2.17676449)
  ( 72.41666667,   2.28954959)
  ( 72.50000000,   2.39570072)
  ( 72.58333333,   2.49491350)
  ( 72.66666667,   2.58694564)
  ( 72.75000000,   2.67158727)
  ( 72.83333333,   2.74859618)
  ( 72.91666667,   2.81775318)
  ( 73.00000000,   2.87894637)
  ( 73.08333333,   2.93199924)
  ( 73.16666667,   2.97681215)
  ( 73.25000000,   3.01324769)
  ( 73.33333333,   3.04127955)
  ( 73.41666667,   3.06084114)
  ( 73.50000000,   3.07188321)
  ( 73.58333333,   3.07441196)
  ( 73.66666667,   3.06839518)
  ( 73.75000000,   3.05394314)
  ( 73.83333333,   3.03101543)
  ( 73.91666667,   2.99975384)
  ( 74.00000000,   2.96026468)
  ( 74.08333333,   2.91270737)
  ( 74.16666667,   2.85727317)
  ( 74.25000000,   2.79409234)
  ( 74.33333333,   2.72334448)
  ( 74.41666667,   2.64526477)
  ( 74.50000000,   2.56016879)
  ( 74.58333333,   2.46822829)
  ( 74.66666667,   2.36967107)
  ( 74.75000000,   2.26477113)
  ( 74.83333333,   2.15385890)
  ( 74.91666667,   2.03727119)
  ( 75.00000000,   1.91537289)
  ( 75.08333333,   1.78848229)
  ( 75.16666667,   1.65699934)
  ( 75.25000000,   1.52127164)
  ( 75.33333333,   1.38173890)
  ( 75.41666667,   1.23881561)
  ( 75.50000000,   1.09290133)
  ( 75.58333333,   0.94440148)
  ( 75.66666667,   0.79366600)
  ( 75.75000000,   0.64108661)
  ( 75.83333333,   0.48720428)
  ( 75.91666667,   0.33236064)
  ( 76.00000000,   0.17698935)
  ( 76.08333333,   0.02152398)
  ( 76.16666667,  -0.13351315)
  ( 76.25000000,  -0.28774526)
  ( 76.33333333,  -0.44068957)
  ( 76.41666667,  -0.59195368)
  ( 76.50000000,  -0.74118538)
  ( 76.58333333,  -0.88796616)
  ( 76.66666667,  -1.03184519)
  ( 76.75000000,  -1.17242790)
  ( 76.83333333,  -1.30933984)
  ( 76.91666667,  -1.44220722)
  ( 77.00000000,  -1.57069597)
  ( 77.08333333,  -1.69439214)
  ( 77.16666667,  -1.81291468)
  ( 77.25000000,  -1.92605170)
  ( 77.33333333,  -2.03352167)
  ( 77.41666667,  -2.13497392)
  ( 77.50000000,  -2.23016884)
  ( 77.58333333,  -2.31889109)
  ( 77.66666667,  -2.40077854)
  ( 77.75000000,  -2.47563649)
  ( 77.83333333,  -2.54333771)
  ( 77.91666667,  -2.60357414)
  ( 78.00000000,  -2.65624103)
  ( 78.08333333,  -2.70123451)
  ( 78.16666667,  -2.73850665)
  ( 78.25000000,  -2.76790039)
  ( 78.33333333,  -2.78935809)
  ( 78.41666667,  -2.80288310)
  ( 78.50000000,  -2.80848275)
  ( 78.58333333,  -2.80603864)
  ( 78.66666667,  -2.79563428)
  ( 78.75000000,  -2.77730682)
  ( 78.83333333,  -2.75105336)
  ( 78.91666667,  -2.71697874)
  ( 79.00000000,  -2.67520721)
  ( 79.08333333,  -2.62588423)
  ( 79.16666667,  -2.56917813)
  ( 79.25000000,  -2.50525098)
  ( 79.33333333,  -2.43419813)
  ( 79.41666667,  -2.35635097)
  ( 79.50000000,  -2.27195018)
  ( 79.58333333,  -2.18118278)
  ( 79.66666667,  -2.08431814)
  ( 79.75000000,  -1.98161091)
  ( 79.83333333,  -1.87329934)
  ( 79.91666667,  -1.75982019)
  ( 80.00000000,  -1.64146310)
  ( 80.08333333,  -1.51848798)
  ( 80.16666667,  -1.39127791)
  ( 80.25000000,  -1.26023771)
  ( 80.33333333,  -1.12578198)
  ( 80.41666667,  -0.98823648)
  ( 80.50000000,  -0.84797804)
  ( 80.58333333,  -0.70539480)
  ( 80.66666667,  -0.56093649)
  ( 80.75000000,  -0.41501577)
  ( 80.83333333,  -0.26800199)
  ( 80.91666667,  -0.12031620)
  ( 81.00000000,   0.02761510)
  ( 81.08333333,   0.17538748)
  ( 81.16666667,   0.32254442)
  ( 81.25000000,   0.46865792)
  ( 81.33333333,   0.61331578)
  ( 81.41666667,   0.75609638)
  ( 81.50000000,   0.89661832)
  ( 81.58333333,   1.03442570)
  ( 81.66666667,   1.16915854)
  ( 81.75000000,   1.30043852)
  ( 81.83333333,   1.42795823)
  ( 81.91666667,   1.55130465)
  ( 82.00000000,   1.67011283)
  ( 82.08333333,   1.78401361)
  ( 82.16666667,   1.89272127)
  ( 82.25000000,   1.99602046)
  ( 82.33333333,   2.09355684)
  ( 82.41666667,   2.18506676)
  ( 82.50000000,   2.27023552)
  ( 82.58333333,   2.34881579)
  ( 82.66666667,   2.42056112)
  ( 82.75000000,   2.48527025)
  ( 82.83333333,   2.54280439)
  ( 82.91666667,   2.59300113)
  ( 83.00000000,   2.63573835)
  ( 83.08333333,   2.67085802)
  ( 83.16666667,   2.69834757)
  ( 83.25000000,   2.71806869)
  ( 83.33333333,   2.72994298)
  ( 83.41666667,   2.73390066)
  ( 83.50000000,   2.72994298)
  ( 83.58333333,   2.71806869)
  ( 83.66666667,   2.69834757)
  ( 83.75000000,   2.67085802)
  ( 83.83333333,   2.63573835)
  ( 83.91666667,   2.59300113)
  ( 84.00000000,   2.54280439)
  ( 84.08333333,   2.48527025)
  ( 84.16666667,   2.42056112)
  ( 84.25000000,   2.34881579)
  ( 84.33333333,   2.27023552)
  ( 84.41666667,   2.18506676)
  ( 84.50000000,   2.09355684)
  ( 84.58333333,   1.99602046)
  ( 84.66666667,   1.89272127)
  ( 84.75000000,   1.78401361)
  ( 84.83333333,   1.67011283)
  ( 84.91666667,   1.55130465)
  ( 85.00000000,   1.42795823)
  ( 85.08333333,   1.30043852)
  ( 85.16666667,   1.16915854)
  ( 85.25000000,   1.03442570)
  ( 85.33333333,   0.89661832)
  ( 85.41666667,   0.75609638)
  ( 85.50000000,   0.61331578)
  ( 85.58333333,   0.46865792)
  ( 85.66666667,   0.32254442)
  ( 85.75000000,   0.17538748)
  ( 85.83333333,   0.02761510)
  ( 85.91666667,  -0.12031620)
  ( 86.00000000,  -0.26800199)
  ( 86.08333333,  -0.41501577)
  ( 86.16666667,  -0.56093649)
  ( 86.25000000,  -0.70539480)
  ( 86.33333333,  -0.84797804)
  ( 86.41666667,  -0.98823648)
  ( 86.50000000,  -1.12578198)
  ( 86.58333333,  -1.26023771)
  ( 86.66666667,  -1.39127791)
  ( 86.75000000,  -1.51848798)
  ( 86.83333333,  -1.64146310)
  ( 86.91666667,  -1.75982019)
  ( 87.00000000,  -1.87329934)
  ( 87.08333333,  -1.98161091)
  ( 87.16666667,  -2.08431814)
  ( 87.25000000,  -2.18118278)
  ( 87.33333333,  -2.27195018)
  ( 87.41666667,  -2.35635097)
  ( 87.50000000,  -2.43419813)
  ( 87.58333333,  -2.50525098)
  ( 87.66666667,  -2.56917813)
  ( 87.75000000,  -2.62588423)
  ( 87.83333333,  -2.67520721)
  ( 87.91666667,  -2.71697874)
  ( 88.00000000,  -2.75105336)
  ( 88.08333333,  -2.77730682)
  ( 88.16666667,  -2.79563428)
  ( 88.25000000,  -2.80603864)
  ( 88.33333333,  -2.80848275)
  ( 88.41666667,  -2.80288310)
  ( 88.50000000,  -2.78935809)
  ( 88.58333333,  -2.76790039)
  ( 88.66666667,  -2.73850665)
  ( 88.75000000,  -2.70123451)
  ( 88.83333333,  -2.65624103)
  ( 88.91666667,  -2.60357414)
  ( 89.00000000,  -2.54333771)
  ( 89.08333333,  -2.47563649)
  ( 89.16666667,  -2.40077854)
  ( 89.25000000,  -2.31889109)
  ( 89.33333333,  -2.23016884)
  ( 89.41666667,  -2.13497392)
  ( 89.50000000,  -2.03352167)
  ( 89.58333333,  -1.92605170)
  ( 89.66666667,  -1.81291468)
  ( 89.75000000,  -1.69439214)
  ( 89.83333333,  -1.57069597)
  ( 89.91666667,  -1.44220722)
  ( 90.00000000,  -1.30933984)
  ( 90.08333333,  -1.17242790)
  ( 90.16666667,  -1.03184519)
  ( 90.25000000,  -0.88796616)
  ( 90.33333333,  -0.74118538)
  ( 90.41666667,  -0.59195368)
  ( 90.50000000,  -0.44068957)
  ( 90.58333333,  -0.28774526)
  ( 90.66666667,  -0.13351315)
  ( 90.75000000,   0.02152398)
  ( 90.83333333,   0.17698935)
  ( 90.91666667,   0.33236064)
  ( 91.00000000,   0.48720428)
  ( 91.08333333,   0.64108661)
  ( 91.16666667,   0.79366600)
  ( 91.25000000,   0.94440148)
  ( 91.33333333,   1.09290133)
  ( 91.41666667,   1.23881561)
  ( 91.50000000,   1.38173890)
  ( 91.58333333,   1.52127164)
  ( 91.66666667,   1.65699934)
  ( 91.75000000,   1.78848229)
  ( 91.83333333,   1.91537289)
  ( 91.91666667,   2.03727119)
  ( 92.00000000,   2.15385890)
  ( 92.08333333,   2.26477113)
  ( 92.16666667,   2.36967107)
  ( 92.25000000,   2.46822829)
  ( 92.33333333,   2.56016879)
  ( 92.41666667,   2.64526477)
  ( 92.50000000,   2.72334448)
  ( 92.58333333,   2.79409234)
  ( 92.66666667,   2.85727317)
  ( 92.75000000,   2.91270737)
  ( 92.83333333,   2.96026468)
  ( 92.91666667,   2.99975384)
  ( 93.00000000,   3.03101543)
  ( 93.08333333,   3.05394314)
  ( 93.16666667,   3.06839518)
  ( 93.25000000,   3.07441196)
  ( 93.33333333,   3.07188321)
  ( 93.41666667,   3.06084114)
  ( 93.50000000,   3.04127955)
  ( 93.58333333,   3.01324769)
  ( 93.66666667,   2.97681215)
  ( 93.75000000,   2.93199924)
  ( 93.83333333,   2.87894637)
  ( 93.91666667,   2.81775318)
  ( 94.00000000,   2.74859618)
  ( 94.08333333,   2.67158727)
  ( 94.16666667,   2.58694564)
  ( 94.25000000,   2.49491350)
  ( 94.33333333,   2.39570072)
  ( 94.41666667,   2.28954959)
  ( 94.50000000,   2.17676449)
  ( 94.58333333,   2.05762256)
  ( 94.66666667,   1.93241274)
  ( 94.75000000,   1.80150139)
  ( 94.83333333,   1.66516905)
  ( 94.91666667,   1.52381877)
  ( 95.00000000,   1.37776672)
  ( 95.08333333,   1.22738797)
  ( 95.16666667,   1.07319510)
  ( 95.25000000,   0.91559591)
  ( 95.33333333,   0.75501290)
  ( 95.41666667,   0.59176939)
  ( 95.50000000,   0.42643394)
  ( 95.58333333,   0.25935455)
  ( 95.66666667,   0.09092818)
  ( 95.75000000,  -0.07833739)
  ( 95.83333333,  -0.24798490)
  ( 95.91666667,  -0.41747971)
  ( 96.00000000,  -0.58644002)
  ( 96.08333333,  -0.75439160)
  ( 96.16666667,  -0.92076378)
  ( 96.25000000,  -1.08516614)
  ( 96.33333333,  -1.24712874)
  ( 96.41666667,  -1.40631508)
  ( 96.50000000,  -1.56227330)
  ( 96.58333333,  -1.71453185)
  ( 96.66666667,  -1.86268492)
  ( 96.75000000,  -2.00629844)
  ( 96.83333333,  -2.14495258)
  ( 96.91666667,  -2.27822438)
  ( 97.00000000,  -2.40576722)
  ( 97.08333333,  -2.52723862)
  ( 97.16666667,  -2.64227412)
  ( 97.25000000,  -2.75055522)
  ( 97.33333333,  -2.85177945)
  ( 97.41666667,  -2.94564303)
  ( 97.50000000,  -3.03181754)
  ( 97.58333333,  -3.11001989)
  ( 97.66666667,  -3.18007150)
  ( 97.75000000,  -3.24184434)
  ( 97.83333333,  -3.29505013)
  ( 97.91666667,  -3.33953915)
  ( 98.00000000,  -3.37515410)
  ( 98.08333333,  -3.40182143)
  ( 98.16666667,  -3.41947897)
  ( 98.25000000,  -3.42799536)
  ( 98.33333333,  -3.42729776)
  ( 98.41666667,  -3.41736638)
  ( 98.50000000,  -3.39827371)
  ( 98.58333333,  -3.36992681)
  ( 98.66666667,  -3.33242949)
  ( 98.75000000,  -3.28585501)
  ( 98.83333333,  -3.23028180)
  ( 98.91666667,  -3.16586024)
  ( 99.00000000,  -3.09280336)
  ( 99.08333333,  -3.01115888)
  ( 99.16666667,  -2.92120983)
  ( 99.25000000,  -2.82314099)
  ( 99.33333333,  -2.71722569)
  ( 99.41666667,  -2.60374971)
  ( 99.50000000,  -2.48291266)
  ( 99.58333333,  -2.35497201)
  ( 99.66666667,  -2.22030304)
  ( 99.75000000,  -2.07922998)
  ( 99.83333333,  -1.93215431)
  ( 99.91666667,  -1.77942733)
  (100.00000000,  -1.62146104)
  (100.08333333,  -1.45861329)
  (100.16666667,  -1.29135976)
  (100.25000000,  -1.12011956)
  (100.33333333,  -0.94532766)
  (100.41666667,  -0.76744426)
  (100.50000000,  -0.58688936)
  (100.58333333,  -0.40413775)
  (100.66666667,  -0.21966437)
  (100.75000000,  -0.03395141)
  (100.83333333,   0.15248394)
  (100.91666667,   0.33915424)
  (101.00000000,   0.52552641)
  (101.08333333,   0.71108405)
  (101.16666667,   0.89536280)
  (101.25000000,   1.07794025)
  (101.33333333,   1.25834384)
  (101.41666667,   1.43609654)
  (101.50000000,   1.61069104)
  (101.58333333,   1.78160562)
  (101.66666667,   1.94835638)
  (101.75000000,   2.11047347)
  (101.83333333,   2.26760158)
  (101.91666667,   2.41931761)
  (102.00000000,   2.56515008)
  (102.08333333,   2.70471482)
  (102.16666667,   2.83765982)
  (102.25000000,   2.96359886)
  (102.33333333,   3.08218045)
  (102.41666667,   3.19300581)
  (102.50000000,   3.29581854)
  (102.58333333,   3.39033631)
  (102.66666667,   3.47626661)
  (102.75000000,   3.55336749)
  (102.83333333,   3.62143019)
  (102.91666667,   3.68021173)
  (103.00000000,   3.72959856)
  (103.08333333,   3.76940861)
  (103.16666667,   3.79947368)
  (103.25000000,   3.81969667)
  (103.33333333,   3.82999517)
  (103.41666667,   3.83027186)
  (103.50000000,   3.82055903)
  (103.58333333,   3.80087155)
  (103.66666667,   3.77124454)
  (103.75000000,   3.73165953)
  (103.83333333,   3.68222729)
  (103.91666667,   3.62301343)
  (104.00000000,   3.55423451)
  (104.08333333,   3.47597025)
  (104.16666667,   3.38841881)
  (104.25000000,   3.29179980)
  (104.33333333,   3.18624092)
  (104.41666667,   3.07208199)
  (104.50000000,   2.94955099)
  (104.58333333,   2.81894692)
  (104.66666667,   2.68064783)
  (104.75000000,   2.53499242)
  (104.83333333,   2.38234333)
  (104.91666667,   2.22306986)
  (105.00000000,   2.05759090)
  (105.08333333,   1.88623246)
  (105.16666667,   1.70947938)
  (105.25000000,   1.52780874)
  (105.33333333,   1.34156594)
  (105.41666667,   1.15128387)
  (105.50000000,   0.95745827)
  (105.58333333,   0.76056496)
  (105.66666667,   0.56114145)
  (105.75000000,   0.35973774)
  (105.83333333,   0.15682759)
  (105.91666667,  -0.04703478)
  (106.00000000,  -0.25132622)
  (106.08333333,  -0.45556033)
  (106.16666667,  -0.65924004)
  (106.25000000,  -0.86177825)
  (106.33333333,  -1.06268008)
  (106.41666667,  -1.26142711)
  (106.50000000,  -1.45748508)
  (106.58333333,  -1.65030713)
  (106.66666667,  -1.83937263)
  (106.75000000,  -2.02425484)
  (106.83333333,  -2.20444584)
  (106.91666667,  -2.37946751)
  (107.00000000,  -2.54888899)
  (107.08333333,  -2.71219842)
  (107.16666667,  -2.86898237)
  (107.25000000,  -3.01877757)
  (107.33333333,  -3.16117952)
  (107.41666667,  -3.29577571)
  (107.50000000,  -3.42231557)
  (107.58333333,  -3.54034935)
  (107.66666667,  -3.64956684)
  (107.75000000,  -3.74970360)
  (107.83333333,  -3.84045686)
  (107.91666667,  -3.92160112)
  (108.00000000,  -3.99293967)
  (108.08333333,  -4.05422950)
  (108.16666667,  -4.10526210)
  (108.25000000,  -4.14580691)
  (108.33333333,  -4.17576921)
  (108.41666667,  -4.19507661)
  (108.50000000,  -4.20366482)
  (108.58333333,  -4.20151603)
  (108.66666667,  -4.18855717)
  (108.75000000,  -4.16477839)
  (108.83333333,  -4.13021760)
  (108.91666667,  -4.08499288)
  (109.00000000,  -4.02914761)
  (109.08333333,  -3.96286342)
  (109.16666667,  -3.88624975)
  (109.25000000,  -3.79943764)
  (109.33333333,  -3.70265005)
  (109.41666667,  -3.59616005)
  (109.50000000,  -3.48019022)
  (109.58333333,  -3.35505247)
  (109.66666667,  -3.22104478)
  (109.75000000,  -3.07847349)
  (109.83333333,  -2.92774496)
  (109.91666667,  -2.76918510)
  (110.00000000,  -2.60314867)
  (110.08333333,  -2.43001145)
  (110.16666667,  -2.25025980)
  (110.25000000,  -2.06436584)
  (110.33333333,  -1.87280216)
  (110.41666667,  -1.67603763)
  (110.50000000,  -1.47462559)
  (110.58333333,  -1.26897463)
  (110.66666667,  -1.05967823)
  (110.75000000,  -0.84728576)
  (110.83333333,  -0.63228257)
  (110.91666667,  -0.41522388)
  (111.00000000,  -0.19664829)
  (111.08333333,   0.02293423)
  (111.16666667,   0.24281376)
  (111.25000000,   0.46249243)
  (111.33333333,   0.68147951)
  (111.41666667,   0.89920838)
  (111.50000000,   1.11506538)
  (111.58333333,   1.32851004)
  (111.66666667,   1.53895668)
  (111.75000000,   1.74579613)
  (111.83333333,   1.94863466)
  (111.91666667,   2.14690998)
  (112.00000000,   2.34008240)
  (112.08333333,   2.52767988)
  (112.16666667,   2.70921379)
  (112.25000000,   2.88420027)
  (112.33333333,   3.05219310)
  (112.41666667,   3.21269286)
  (112.50000000,   3.36529041)
  (112.58333333,   3.50964997)
  (112.66666667,   3.64541143)
  (112.75000000,   3.77219954)
  (112.83333333,   3.88963424)
  (112.91666667,   3.99742638)
  (113.00000000,   4.09528510)
  (113.08333333,   4.18294177)
  (113.16666667,   4.26011670)
  (113.25000000,   4.32661722)
  (113.33333333,   4.38224546)
  (113.41666667,   4.42685049)
  (113.50000000,   4.46032586)
  (113.58333333,   4.48253980)
  (113.66666667,   4.49341629)
  (113.75000000,   4.49299765)
  (113.83333333,   4.48119085)
  (113.91666667,   4.45803200)
  (114.00000000,   4.42353992)
  (114.08333333,   4.37783310)
  (114.16666667,   4.32100078)
  (114.25000000,   4.25317756)
  (114.33333333,   4.17453917)
  (114.41666667,   4.08526352)
  (114.50000000,   3.98550827)
  (114.58333333,   3.87550232)
  (114.66666667,   3.75556368)
  (114.75000000,   3.62596699)
  (114.83333333,   3.48702308)
  (114.91666667,   3.33905464)
  (115.00000000,   3.18245013)
  (115.08333333,   3.01761416)
  (115.16666667,   2.84494995)
  (115.25000000,   2.66485141)
  (115.33333333,   2.47778861)
  (115.41666667,   2.28422530)
  (115.50000000,   2.08462460)
  (115.58333333,   1.87953041)
  (115.66666667,   1.66942992)
  (115.75000000,   1.45483244)
  (115.83333333,   1.23624234)
  (115.91666667,   1.01425128)
  (116.00000000,   0.78940496)
  (116.08333333,   0.56229343)
  (116.16666667,   0.33345699)
  (116.25000000,   0.10347521)
  (116.33333333,  -0.12707646)
  (116.41666667,  -0.35757259)
  (116.50000000,  -0.58747038)
  (116.58333333,  -0.81613016)
  (116.66666667,  -1.04300706)
  (116.75000000,  -1.26758972)
  (116.83333333,  -1.48930652)
  (116.91666667,  -1.70757335)
  (117.00000000,  -1.92174483)
  (117.08333333,  -2.13134696)
  (117.16666667,  -2.33581601)
  (117.25000000,  -2.53463346)
  (117.33333333,  -2.72726378)
  (117.41666667,  -2.91324513)
  (117.50000000,  -3.09212473)
  (117.58333333,  -3.26353180)
  (117.66666667,  -3.42687805)
  (117.75000000,  -3.58181701)
  (117.83333333,  -3.72786299)
  (117.91666667,  -3.86468386)
  (118.00000000,  -3.99188003)
  (118.08333333,  -4.10911405)
  (118.16666667,  -4.21609221)
  (118.25000000,  -4.31260672)
  (118.33333333,  -4.39839993)
  (118.41666667,  -4.47317604)
  (118.50000000,  -4.53682058)
  (118.58333333,  -4.58912852)
  (118.66666667,  -4.62995230)
  (118.75000000,  -4.65913492)
  (118.83333333,  -4.67664225)
  (118.91666667,  -4.68240325)
  (119.00000000,  -4.67640650)
  (119.08333333,  -4.65861608)
  (119.16666667,  -4.62910183)
  (119.25000000,  -4.58793724)
  (119.33333333,  -4.53519241)
  (119.41666667,  -4.47103376)
  (119.50000000,  -4.39564336)
  (119.58333333,  -4.30918758)
  (119.66666667,  -4.21189082)
  (119.75000000,  -4.10398562)
  (119.83333333,  -3.98571554)
  (119.91666667,  -3.85734716)
  (120.00000000,  -3.71920259)
  (120.08333333,  -3.57165331)
  (120.16666667,  -3.41512497)
  (120.25000000,  -3.24991268)
  (120.33333333,  -3.07640990)
  (120.41666667,  -2.89510612)
  (120.50000000,  -2.70654281)
  (120.58333333,  -2.51114643)
  (120.66666667,  -2.30939120)
  (120.75000000,  -2.10174211)
  (120.83333333,  -1.88877877)
  (120.91666667,  -1.67102975)
  (121.00000000,  -1.44906173)
  (121.08333333,  -1.22340298)
  (121.16666667,  -0.99462494)
  (121.25000000,  -0.76329506)
  (121.33333333,  -0.53002661)
  (121.41666667,  -0.29538865)
  (121.50000000,  -0.06001562)
  (121.58333333,   0.17549105)
  (121.66666667,   0.41062970)
  (121.75000000,   0.64479869)
  (121.83333333,   0.87734696)
  (121.91666667,   1.10765374)
  (122.00000000,   1.33515871)
  (122.08333333,   1.55934840)
  (122.16666667,   1.77967282)
  (122.25000000,   1.99558387)
  (122.33333333,   2.20646859)
  (122.41666667,   2.41184666)
  (122.50000000,   2.61123808)
  (122.58333333,   2.80412827)
  (122.66666667,   2.99000157)
  (122.75000000,   3.16839426)
  (122.83333333,   3.33881307)
  (122.91666667,   3.50088941)
  (123.00000000,   3.65420954)
  (123.08333333,   3.79839641)
  (123.16666667,   3.93305536)
  (123.25000000,   4.05793787)
  (123.33333333,   4.17269634)
  (123.41666667,   4.27701976)
  (123.50000000,   4.37063687)
  (123.58333333,   4.45331698)
  (123.66666667,   4.52489715)
  (123.75000000,   4.58525913)
  (123.83333333,   4.63416361)
  (123.91666667,   4.67147556)
  (124.00000000,   4.69710972)
  (124.08333333,   4.71103310)
  (124.16666667,   4.71316928)
  (124.25000000,   4.70356704)
  (124.33333333,   4.68227776)
  (124.41666667,   4.64938528)
  (124.50000000,   4.60496304)
  (124.58333333,   4.54911012)
  (124.66666667,   4.48194167)
  (124.75000000,   4.40362302)
  (124.83333333,   4.31432930)
  (124.91666667,   4.21436238)
  (125.00000000,   4.10391941)
  (125.08333333,   3.98336947)
  (125.16666667,   3.85293163)
  (125.25000000,   3.71298273)
  (125.33333333,   3.56381282)
  (125.41666667,   3.40585750)
  (125.50000000,   3.23953631)
  (125.58333333,   3.06527655)
  (125.66666667,   2.88351211)
  (125.75000000,   2.69463311)
  (125.83333333,   2.49915479)
  (125.91666667,   2.29757240)
  (126.00000000,   2.09039541)
  (126.08333333,   1.87809822)
  (126.16666667,   1.66119447)
  (126.25000000,   1.44031172)
  (126.33333333,   1.21599572)
  (126.41666667,   0.98877291)
  (126.50000000,   0.75921356)
  (126.58333333,   0.52789771)
  (126.66666667,   0.29539179)
  (126.75000000,   0.06235021)
  (126.83333333,  -0.17071794)
  (126.91666667,  -0.40331550)
  (127.00000000,  -0.63477694)
  (127.08333333,  -0.86441647)
  (127.16666667,  -1.09177415)
  (127.25000000,  -1.31629353)
  (127.33333333,  -1.53742005)
  (127.41666667,  -1.75456504)
  (127.50000000,  -1.96722394)
  (127.58333333,  -2.17487554)
  (127.66666667,  -2.37701367)
  (127.75000000,  -2.57310006)
  (127.83333333,  -2.76261668)
  (127.91666667,  -2.94513686)
  (128.00000000,  -3.12024062)
  (128.08333333,  -3.28750011)
  (128.16666667,  -3.44651549)
  (128.25000000,  -3.59686596)
  (128.33333333,  -3.73819335)
  (128.41666667,  -3.87012363)
  (128.50000000,  -3.99235239)
  (128.58333333,  -4.10455998)
  (128.66666667,  -4.20647799)
  (128.75000000,  -4.29793262)
  (128.83333333,  -4.37868638)
  (128.91666667,  -4.44852653)
  (129.00000000,  -4.50729283)
  (129.08333333,  -4.55482441)
  (129.16666667,  -4.59101033)
  (129.25000000,  -4.61579560)
  (129.33333333,  -4.62912588)
  (129.41666667,  -4.63089736)
  (129.50000000,  -4.62118061)
  (129.58333333,  -4.60009811)
  (129.66666667,  -4.56763734)
  (129.75000000,  -4.52388505)
  (129.83333333,  -4.46899360)
  (129.91666667,  -4.40306211)
  (130.00000000,  -4.32629377)
  (130.08333333,  -4.23890373)
  (130.16666667,  -4.14107675)
  (130.25000000,  -4.03315440)
  (130.33333333,  -3.91538672)
  (130.41666667,  -3.78811435)
  (130.50000000,  -3.65162761)
  (130.58333333,  -3.50622951)
  (130.66666667,  -3.35235918)
  (130.75000000,  -3.19034003)
  (130.83333333,  -3.02063793)
  (130.91666667,  -2.84369327)
  (131.00000000,  -2.65999281)
  (131.08333333,  -2.46994220)
  (131.16666667,  -2.27406962)
  (131.25000000,  -2.07289450)
  (131.33333333,  -1.86682895)
  (131.41666667,  -1.65646324)
  (131.50000000,  -1.44229650)
  (131.58333333,  -1.22492829)
  (131.66666667,  -1.00489122)
  (131.75000000,  -0.78274210)
  (131.83333333,  -0.55896411)
  (131.91666667,  -0.33412060)
  (132.00000000,  -0.10880797)
  (132.08333333,   0.11644043)
  (132.16666667,   0.34108304)
  (132.25000000,   0.56447588)
  (132.33333333,   0.78615006)
  (132.41666667,   1.00551794)
  (132.50000000,   1.22200597)
  (132.58333333,   1.43505661)
  (132.66666667,   1.64421154)
  (132.75000000,   1.84898660)
  (132.83333333,   2.04886651)
  (132.91666667,   2.24338243)
  (133.00000000,   2.43200763)
  (133.08333333,   2.61436081)
  (133.16666667,   2.79000243)
  (133.25000000,   2.95843494)
  (133.33333333,   3.11923469)
  (133.41666667,   3.27205887)
  (133.50000000,   3.41648360)
  (133.58333333,   3.55223686)
  (133.66666667,   3.67899152)
  (133.75000000,   3.79647736)
  (133.83333333,   3.90440485)
  (133.91666667,   4.00255013)
  (134.00000000,   4.09065908)
  (134.08333333,   4.16856144)
  (134.16666667,   4.23607087)
  (134.25000000,   4.29300528)
  (134.33333333,   4.33923782)
  (134.41666667,   4.37463837)
  (134.50000000,   4.39923344)
  (134.58333333,   4.41292418)
  (134.66666667,   4.41566724)
  (134.75000000,   4.40754893)
  (134.83333333,   4.38856601)
  (134.91666667,   4.35883556)
  (135.00000000,   4.31847293)
  (135.08333333,   4.26763241)
  (135.16666667,   4.20633233)
  (135.25000000,   4.13481057)
  (135.33333333,   4.05326237)
  (135.41666667,   3.96188338)
  (135.50000000,   3.86094749)
  (135.58333333,   3.75066709)
  (135.66666667,   3.63136836)
  (135.75000000,   3.50337126)
  (135.83333333,   3.36704982)
  (135.91666667,   3.22268210)
  (136.00000000,   3.07062096)
  (136.08333333,   2.91131820)
  (136.16666667,   2.74511711)
  (136.25000000,   2.57248660)
  (136.33333333,   2.39388588)
  (136.41666667,   2.20972033)
  (136.50000000,   2.02051190)
  (136.58333333,   1.82672348)
  (136.66666667,   1.62886883)
  (136.75000000,   1.42731261)
  (136.83333333,   1.22264433)
  (136.91666667,   1.01532359)
  (137.00000000,   0.80589712)
  (137.08333333,   0.59488850)
  (137.16666667,   0.38284773)
  (137.25000000,   0.17034872)
  (137.33333333,  -0.04219084)
  (137.41666667,  -0.25418401)
  (137.50000000,  -0.46514348)
  (137.58333333,  -0.67456274)
  (137.66666667,  -0.88188733)
  (137.75000000,  -1.08660410)
  (137.83333333,  -1.28821513)
  (137.91666667,  -1.48620657)
  (138.00000000,  -1.68015410)
  (138.08333333,  -1.86955137)
  (138.16666667,  -2.05396062)
  (138.25000000,  -2.23299023)
  (138.33333333,  -2.40624589)
  (138.41666667,  -2.57320163)
  (138.50000000,  -2.73347464)
  (138.58333333,  -2.88670565)
  (138.66666667,  -3.03249455)
  (138.75000000,  -3.17047979)
  (138.83333333,  -3.30037272)
  (138.91666667,  -3.42188645)
  (139.00000000,  -3.53471409)
  (139.08333333,  -3.63858555)
  (139.16666667,  -3.73324322)
  (139.25000000,  -3.81850171)
  (139.33333333,  -3.89416401)
  (139.41666667,  -3.96008182)
  (139.50000000,  -4.01611947)
  (139.58333333,  -4.06217552)
  (139.66666667,  -4.09816443)
  (139.75000000,  -4.12397495)
  (139.83333333,  -4.13956922)
  (139.91666667,  -4.14495389)
  (140.00000000,  -4.14013750)
  (140.08333333,  -4.12513677)
  (140.16666667,  -4.10001578)
  (140.25000000,  -4.06493594)
  (140.33333333,  -4.02001940)
  (140.41666667,  -3.96537495)
  (140.50000000,  -3.90119074)
  (140.58333333,  -3.82754384)
  (140.66666667,  -3.74471627)
  (140.75000000,  -3.65289101)
  (140.83333333,  -3.55229794)
  (140.91666667,  -3.44325094)
  (141.00000000,  -3.32610279)
  (141.08333333,  -3.20106776)
  (141.16666667,  -3.06850745)
  (141.25000000,  -2.92883537)
  (141.33333333,  -2.78238783)
  (141.41666667,  -2.62952192)
  (141.50000000,  -2.47058869)
  (141.58333333,  -2.30600849)
  (141.66666667,  -2.13627117)
  (141.75000000,  -1.96182930)
  (141.83333333,  -1.78306631)
  (141.91666667,  -1.60041411)
  (142.00000000,  -1.41440169)
  (142.08333333,  -1.22539314)
  (142.16666667,  -1.03393606)
  (142.25000000,  -0.84050082)
  (142.33333333,  -0.64560715)
  (142.41666667,  -0.44974848)
  (142.50000000,  -0.25331007)
  (142.58333333,  -0.05692651)
  (142.66666667,   0.13897176)
  (142.75000000,   0.33397146)
  (142.83333333,   0.52758194)
  (142.91666667,   0.71930311)
  (143.00000000,   0.90870108)
  (143.08333333,   1.09523863)
  (143.16666667,   1.27846161)
  (143.25000000,   1.45792583)
  (143.33333333,   1.63317263)
  (143.41666667,   1.80387428)
  (143.50000000,   1.96971351)
  (143.58333333,   2.13015035)
  (143.66666667,   2.28479027)
  (143.75000000,   2.43331527)
  (143.83333333,   2.57538255)
  (143.91666667,   2.71056278)
  (144.00000000,   2.83867099)
  (144.08333333,   2.95934590)
  (144.16666667,   3.07235993)
  (144.25000000,   3.17748217)
  (144.33333333,   3.27446194)
  (144.41666667,   3.36307320)
  (144.50000000,   3.44315651)
  (144.58333333,   3.51447949)
  (144.66666667,   3.57691296)
  (144.75000000,   3.63029460)
  (144.83333333,   3.67459300)
  (144.91666667,   3.70972236)
  (145.00000000,   3.73556295)
  (145.08333333,   3.75219749)
  (145.16666667,   3.75958954)
  (145.25000000,   3.75773517)
  (145.33333333,   3.74661613)
  (145.41666667,   3.72639554)
  (145.50000000,   3.69708803)
  (145.58333333,   3.65878801)
  (145.66666667,   3.61167403)
  (145.75000000,   3.55585941)
  (145.83333333,   3.49153389)
  (145.91666667,   3.41890868)
  (146.00000000,   3.33810422)
  (146.08333333,   3.24935684)
  (146.16666667,   3.15297943)
  (146.25000000,   3.04928154)
  (146.33333333,   2.93847343)
  (146.41666667,   2.82081359)
  (146.50000000,   2.69667995)
  (146.58333333,   2.56635316)
  (146.66666667,   2.43022610)
  (146.75000000,   2.28867229)
  (146.83333333,   2.14202703)
  (146.91666667,   1.99066044)
  (147.00000000,   1.83495968)
  (147.08333333,   1.67531533)
  (147.16666667,   1.51219540)
  (147.25000000,   1.34600942)
  (147.33333333,   1.17709798)
  (147.41666667,   1.00595843)
  (147.50000000,   0.83305982)
  (147.58333333,   0.65874865)
  (147.66666667,   0.48346664)
  (147.75000000,   0.30769223)
  (147.83333333,   0.13187227)
  (147.91666667,  -0.04359837)
  (148.00000000,  -0.21828435)
  (148.08333333,  -0.39174830)
  (148.16666667,  -0.56361366)
  (148.25000000,  -0.73343401)
  (148.33333333,  -0.90083047)
  (148.41666667,  -1.06542753)
  (148.50000000,  -1.22678067)
  (148.58333333,  -1.38443376)
  (148.66666667,  -1.53809195)
  (148.75000000,  -1.68737455)
  (148.83333333,  -1.83188516)
  (148.91666667,  -1.97133133)
  (149.00000000,  -2.10547351)
  (149.08333333,  -2.23392883)
  (149.16666667,  -2.35640524)
  (149.25000000,  -2.47266222)
  (149.33333333,  -2.58239380)
  (149.41666667,  -2.68537823)
  (149.50000000,  -2.78140655)
  (149.58333333,  -2.87023300)
  (149.66666667,  -2.95163622)
  (149.75000000,  -3.02548830)
  (149.83333333,  -3.09164173)
  (149.91666667,  -3.14993646)
  (150.00000000,  -3.20033409)
  (150.08333333,  -3.24266572)
  (150.16666667,  -3.27683799)
  (150.25000000,  -3.30286738)
  (150.33333333,  -3.32072103)
  (150.41666667,  -3.33032851)
  (150.50000000,  -3.33170819)
  (150.58333333,  -3.32495751)
  (150.66666667,  -3.31008976)
  (150.75000000,  -3.28714967)
  (150.83333333,  -3.25626722)
  (150.91666667,  -3.21753345)
  (151.00000000,  -3.17109134)
  (151.08333333,  -3.11712555)
  (151.16666667,  -3.05574243)
  (151.25000000,  -2.98711280)
  (151.33333333,  -2.91139687)
  (151.41666667,  -2.82895890)
  (151.50000000,  -2.73990840)
  (151.58333333,  -2.64449960)
  (151.66666667,  -2.54308350)
  (151.75000000,  -2.43596466)
  (151.83333333,  -2.32339525)
  (151.91666667,  -2.20566262)
  (152.00000000,  -2.08306577)
  (152.08333333,  -1.95586792)
  (152.16666667,  -1.82458076)
  (152.25000000,  -1.68943054)
  (152.33333333,  -1.55082555)
  (152.41666667,  -1.40910814)
  (152.50000000,  -1.26457308)
  (152.58333333,  -1.11761662)
  (152.66666667,  -0.96872136)
  (152.75000000,  -0.81823229)
  (152.83333333,  -0.66647288)
  (152.91666667,  -0.51382337)
  (153.00000000,  -0.36075755)
  (153.08333333,  -0.20761879)
  (153.16666667,  -0.05476910)
  (153.25000000,   0.09743431)
  (153.33333333,   0.24858295)
  (153.41666667,   0.39834851)
  (153.50000000,   0.54635832)
  (153.58333333,   0.69221461)
  (153.66666667,   0.83556916)
  (153.75000000,   0.97607913)
  (153.83333333,   1.11343212)
  (153.91666667,   1.24726054)
  (154.00000000,   1.37731362)
  (154.08333333,   1.50326973)
  (154.16666667,   1.62487077)
  (154.25000000,   1.74175141)
  (154.33333333,   1.85361761)
  (154.41666667,   1.96028723)
  (154.50000000,   2.06150027)
  (154.58333333,   2.15709996)
  (154.66666667,   2.24679129)
  (154.75000000,   2.33042203)
  (154.83333333,   2.40784468)
  (154.91666667,   2.47889268)
  (155.00000000,   2.54343529)
  (155.08333333,   2.60129243)
  (155.16666667,   2.65234972)
  (155.25000000,   2.69656973)
  (155.33333333,   2.73387426)
  (155.41666667,   2.76420727)
  (155.50000000,   2.78758879)
  (155.58333333,   2.80402905)
  (155.66666667,   2.81345687)
  (155.75000000,   2.81595460)
  (155.83333333,   2.81151104)
  (155.91666667,   2.80020594)
  (156.00000000,   2.78207496)
  (156.08333333,   2.75717950)
  (156.16666667,   2.72562649)
  (156.25000000,   2.68762758)
  (156.33333333,   2.64329122)
  (156.41666667,   2.59275191)
  (156.50000000,   2.53619253)
  (156.58333333,   2.47381586)
  (156.66666667,   2.40574446)
  (156.75000000,   2.33227066)
  (156.83333333,   2.25353386)
  (156.91666667,   2.16979451)
  (157.00000000,   2.08125885)
  (157.08333333,   1.98822226)
  (157.16666667,   1.89096303)
  (157.25000000,   1.78976764)
  (157.33333333,   1.68490088)
  (157.41666667,   1.57657421)
  (157.50000000,   1.46513201)
  (157.58333333,   1.35090494)
  (157.66666667,   1.23421938)
  (157.75000000,   1.11525820)
  (157.83333333,   0.99434554)
  (157.91666667,   0.87188578)
  (158.00000000,   0.74813773)
  (158.08333333,   0.62339276)
  (158.16666667,   0.49800053)
  (158.25000000,   0.37231038)
  (158.33333333,   0.24655225)
  (158.41666667,   0.12110452)
  (158.50000000,  -0.00374419)
  (158.58333333,  -0.12770151)
  (158.66666667,  -0.25046212)
  (158.75000000,  -0.37172861)
  (158.83333333,  -0.49128701)
  (158.91666667,  -0.60878579)
  (159.00000000,  -0.72398493)
  (159.08333333,  -0.83658068)
  (159.16666667,  -0.94632246)
  (159.25000000,  -1.05292781)
  (159.33333333,  -1.15624200)
  (159.41666667,  -1.25601584)
  (159.50000000,  -1.35198984)
  (159.58333333,  -1.44404471)
  (159.66666667,  -1.53198271)
  (159.75000000,  -1.61559223)
  (159.83333333,  -1.69463207)
  (159.91666667,  -1.76895764)
  (160.00000000,  -1.83849922)
  (160.08333333,  -1.90306760)
  (160.16666667,  -1.96259022)
  (160.25000000,  -2.01691649)
  (160.33333333,  -2.06596728)
  (160.41666667,  -2.10967713)
  (160.50000000,  -2.14800892)
  (160.58333333,  -2.18082718)
  (160.66666667,  -2.20814482)
  (160.75000000,  -2.22995947)
  (160.83333333,  -2.24621274)
  (160.91666667,  -2.25695367)
  (161.00000000,  -2.26216185)
  (161.08333333,  -2.26180232)
  (161.16666667,  -2.25599671)
  (161.25000000,  -2.24482731)
  (161.33333333,  -2.22826362)
  (161.41666667,  -2.20648779)
  (161.50000000,  -2.17959343)
  (161.58333333,  -2.14760001)
  (161.66666667,  -2.11067660)
  (161.75000000,  -2.06895109)
  (161.83333333,  -2.02253696)
  (161.91666667,  -1.97153560)
  (162.00000000,  -1.91622062)
  (162.08333333,  -1.85676592)
  (162.16666667,  -1.79336434)
  (162.25000000,  -1.72613698)
  (162.33333333,  -1.65532394)
  (162.41666667,  -1.58111301)
  (162.50000000,  -1.50374646)
  (162.58333333,  -1.42335682)
  (162.66666667,  -1.34016100)
  (162.75000000,  -1.25440353)
  (162.83333333,  -1.16638454)
  (162.91666667,  -1.07628635)
  (163.00000000,  -0.98434297)
  (163.08333333,  -0.89090470)
  (163.16666667,  -0.79610721)
  (163.25000000,  -0.70017147)
  (163.33333333,  -0.60341755)
  (163.41666667,  -0.50610168)
  (163.50000000,  -0.40843173)
  (163.58333333,  -0.31061761)
  (163.66666667,  -0.21295752)
  (163.75000000,  -0.11567318)
  (163.83333333,  -0.01901501)
  (163.91666667,   0.07676986)
  (164.00000000,   0.17146500)
  (164.08333333,   0.26480982)
  (164.16666667,   0.35660499)
  (164.25000000,   0.44674045)
  (164.33333333,   0.53491692)
  (164.41666667,   0.62098064)
  (164.50000000,   0.70468596)
  (164.58333333,   0.78587711)
  (164.66666667,   0.86426110)
  (164.75000000,   0.93977871)
  (164.83333333,   1.01236701)
  (164.91666667,   1.08174371)
  (165.00000000,   1.14785000)
  (165.08333333,   1.21058119)
  (165.16666667,   1.26968326)
  (165.25000000,   1.32511351)
  (165.33333333,   1.37680318)
  (165.41666667,   1.42458392)
  (165.50000000,   1.46843713)
  (165.58333333,   1.50824334)
  (165.66666667,   1.54403216)
  (165.75000000,   1.57573862)
  (165.83333333,   1.60328286)
  (165.91666667,   1.62662604)
  (166.00000000,   1.64581117)
  (166.08333333,   1.66085641)
  (166.16666667,   1.67187242)
  (166.25000000,   1.67880113)
  (166.33333333,   1.68162403)
  (166.41666667,   1.68040050)
  (166.50000000,   1.67516163)
  (166.58333333,   1.66596466)
  (166.66666667,   1.65282337)
  (166.75000000,   1.63554190)
]
