%=============================================================================
% Daniel J. Greenhoe 
% Sunspot DFT synthesis vector data using 2 x 3 = 6 coefficients
% Sunspot data file suitable for use with LaTeX PStricks / pst-plot
% For an example, see "sunspots_dft_synth.tex"
% This file auto-generated using "sunspots.R" --- hand-editing not recommended
% Total RMS synthesis error using 3 coefficient pairs =   1.84748178
%=============================================================================
[
  (1854.62300000,  46.96064962)
  (1854.70700000,  47.02543348)
  (1854.79000000,  47.09062253)
  (1854.87400000,  47.15620707)
  (1854.95800000,  47.22217739)
  (1855.04200000,  47.28852380)
  (1855.12300000,  47.35523659)
  (1855.20400000,  47.42230603)
  (1855.28800000,  47.48972241)
  (1855.37100000,  47.55747601)
  (1855.45500000,  47.62555710)
  (1855.53800000,  47.69395595)
  (1855.62300000,  47.76266284)
  (1855.70700000,  47.83166804)
  (1855.79000000,  47.90096181)
  (1855.87400000,  47.97053442)
  (1855.95800000,  48.04037614)
  (1856.04200000,  48.11047724)
  (1856.12400000,  48.18082798)
  (1856.20600000,  48.25141863)
  (1856.29000000,  48.32223948)
  (1856.37300000,  48.39328078)
  (1856.45600000,  48.46453281)
  (1856.54000000,  48.53598586)
  (1856.62400000,  48.60763021)
  (1856.70800000,  48.67945614)
  (1856.79100000,  48.75145394)
  (1856.87400000,  48.82361392)
  (1856.95800000,  48.89592636)
  (1857.04200000,  48.96838159)
  (1857.12300000,  49.04096990)
  (1857.20400000,  49.11368162)
  (1857.28800000,  49.18650708)
  (1857.37100000,  49.25943661)
  (1857.45500000,  49.33246055)
  (1857.53800000,  49.40556926)
  (1857.62300000,  49.47875308)
  (1857.70700000,  49.55200240)
  (1857.79000000,  49.62530759)
  (1857.87400000,  49.69865903)
  (1857.95800000,  49.77204713)
  (1858.04200000,  49.84546230)
  (1858.12300000,  49.91889496)
  (1858.20400000,  49.99233554)
  (1858.28800000,  50.06577448)
  (1858.37100000,  50.13920226)
  (1858.45500000,  50.21260934)
  (1858.53800000,  50.28598620)
  (1858.62300000,  50.35932335)
  (1858.70700000,  50.43261130)
  (1858.79000000,  50.50584059)
  (1858.87400000,  50.57900175)
  (1858.95800000,  50.65208535)
  (1859.04200000,  50.72508196)
  (1859.12300000,  50.79798219)
  (1859.20400000,  50.87077665)
  (1859.28800000,  50.94345595)
  (1859.37100000,  51.01601076)
  (1859.45500000,  51.08843173)
  (1859.53800000,  51.16070956)
  (1859.62300000,  51.23283494)
  (1859.70700000,  51.30479860)
  (1859.79000000,  51.37659130)
  (1859.87400000,  51.44820378)
  (1859.95800000,  51.51962684)
  (1860.04200000,  51.59085129)
  (1860.12400000,  51.66186796)
  (1860.20600000,  51.73266769)
  (1860.29000000,  51.80324137)
  (1860.37300000,  51.87357990)
  (1860.45600000,  51.94367419)
  (1860.54000000,  52.01351519)
  (1860.62400000,  52.08309388)
  (1860.70800000,  52.15240124)
  (1860.79100000,  52.22142831)
  (1860.87400000,  52.29016613)
  (1860.95800000,  52.35860576)
  (1861.04200000,  52.42673832)
  (1861.12300000,  52.49455492)
  (1861.20400000,  52.56204673)
  (1861.28800000,  52.62920492)
  (1861.37100000,  52.69602070)
  (1861.45500000,  52.76248532)
  (1861.53800000,  52.82859004)
  (1861.62300000,  52.89432615)
  (1861.70700000,  52.95968499)
  (1861.79000000,  53.02465791)
  (1861.87400000,  53.08923631)
  (1861.95800000,  53.15341159)
  (1862.04200000,  53.21717522)
  (1862.12300000,  53.28051867)
  (1862.20400000,  53.34343346)
  (1862.28800000,  53.40591113)
  (1862.37100000,  53.46794327)
  (1862.45500000,  53.52952149)
  (1862.53800000,  53.59063743)
  (1862.62300000,  53.65128279)
  (1862.70700000,  53.71144927)
  (1862.79000000,  53.77112863)
  (1862.87400000,  53.83031266)
  (1862.95800000,  53.88899317)
  (1863.04200000,  53.94716202)
  (1863.12300000,  54.00481112)
  (1863.20400000,  54.06193238)
  (1863.28800000,  54.11851779)
  (1863.37100000,  54.17455935)
  (1863.45500000,  54.23004910)
  (1863.53800000,  54.28497913)
  (1863.62300000,  54.33934155)
  (1863.70700000,  54.39312854)
  (1863.79000000,  54.44633228)
  (1863.87400000,  54.49894503)
  (1863.95800000,  54.55095905)
  (1864.04200000,  54.60236668)
  (1864.12400000,  54.65316027)
  (1864.20600000,  54.70333223)
  (1864.29000000,  54.75287500)
  (1864.37300000,  54.80178107)
  (1864.45600000,  54.85004296)
  (1864.54000000,  54.89765326)
  (1864.62400000,  54.94460457)
  (1864.70800000,  54.99088955)
  (1864.79100000,  55.03650091)
  (1864.87400000,  55.08143139)
  (1864.95800000,  55.12567377)
  (1865.04200000,  55.16922091)
  (1865.12300000,  55.21206567)
  (1865.20400000,  55.25420098)
  (1865.28800000,  55.29561982)
  (1865.37100000,  55.33631519)
  (1865.45500000,  55.37628017)
  (1865.53800000,  55.41550786)
  (1865.62300000,  55.45399143)
  (1865.70700000,  55.49172407)
  (1865.79000000,  55.52869904)
  (1865.87400000,  55.56490964)
  (1865.95800000,  55.60034922)
  (1866.04200000,  55.63501118)
  (1866.12300000,  55.66888895)
  (1866.20400000,  55.70197605)
  (1866.28800000,  55.73426601)
  (1866.37100000,  55.76575242)
  (1866.45500000,  55.79642894)
  (1866.53800000,  55.82628926)
  (1866.62300000,  55.85532713)
  (1866.70700000,  55.88353633)
  (1866.79000000,  55.91091073)
  (1866.87400000,  55.93744423)
  (1866.95800000,  55.96313076)
  (1867.04200000,  55.98796435)
  (1867.12300000,  56.01193904)
  (1867.20400000,  56.03504895)
  (1867.28800000,  56.05728824)
  (1867.37100000,  56.07865113)
  (1867.45500000,  56.09913189)
  (1867.53800000,  56.11872483)
  (1867.62300000,  56.13742434)
  (1867.70700000,  56.15522486)
  (1867.79000000,  56.17212086)
  (1867.87400000,  56.18810689)
  (1867.95800000,  56.20317755)
  (1868.04200000,  56.21732749)
  (1868.12400000,  56.23055143)
  (1868.20600000,  56.24284412)
  (1868.29000000,  56.25420038)
  (1868.37300000,  56.26461510)
  (1868.45600000,  56.27408320)
  (1868.54000000,  56.28259969)
  (1868.62400000,  56.29015960)
  (1868.70800000,  56.29675805)
  (1868.79100000,  56.30239019)
  (1868.87400000,  56.30705126)
  (1868.95800000,  56.31073653)
  (1869.04200000,  56.31344133)
  (1869.12300000,  56.31516107)
  (1869.20400000,  56.31589120)
  (1869.28800000,  56.31562724)
  (1869.37100000,  56.31436476)
  (1869.45500000,  56.31209939)
  (1869.53800000,  56.30882684)
  (1869.62300000,  56.30454284)
  (1869.70700000,  56.29924322)
  (1869.79000000,  56.29292386)
  (1869.87400000,  56.28558068)
  (1869.95800000,  56.27720968)
  (1870.04200000,  56.26780692)
  (1870.12300000,  56.25736852)
  (1870.20400000,  56.24589066)
  (1870.28800000,  56.23336957)
  (1870.37100000,  56.21980156)
  (1870.45500000,  56.20518299)
  (1870.53800000,  56.18951030)
  (1870.62300000,  56.17277997)
  (1870.70700000,  56.15498855)
  (1870.79000000,  56.13613266)
  (1870.87400000,  56.11620897)
  (1870.95800000,  56.09521422)
  (1871.04200000,  56.07314523)
  (1871.12300000,  56.04999885)
  (1871.20400000,  56.02577201)
  (1871.28800000,  56.00046172)
  (1871.37100000,  55.97406502)
  (1871.45500000,  55.94657904)
  (1871.53800000,  55.91800097)
  (1871.62300000,  55.88832805)
  (1871.70700000,  55.85755761)
  (1871.79000000,  55.82568702)
  (1871.87400000,  55.79271372)
  (1871.95800000,  55.75863522)
  (1872.04200000,  55.72344911)
  (1872.12400000,  55.68715301)
  (1872.20600000,  55.64974463)
  (1872.29000000,  55.61122175)
  (1872.37300000,  55.57158219)
  (1872.45600000,  55.53082386)
  (1872.54000000,  55.48894473)
  (1872.62400000,  55.44594283)
  (1872.70800000,  55.40181625)
  (1872.79100000,  55.35656317)
  (1872.87400000,  55.31018181)
  (1872.95800000,  55.26267047)
  (1873.04200000,  55.21402752)
  (1873.12300000,  55.16425138)
  (1873.20400000,  55.11334055)
  (1873.28800000,  55.06129360)
  (1873.37100000,  55.00810916)
  (1873.45500000,  54.95378592)
  (1873.53800000,  54.89832265)
  (1873.62300000,  54.84171818)
  (1873.70700000,  54.78397141)
  (1873.79000000,  54.72508130)
  (1873.87400000,  54.66504689)
  (1873.95800000,  54.60386728)
  (1874.04200000,  54.54154164)
  (1874.12300000,  54.47806919)
  (1874.20400000,  54.41344925)
  (1874.28800000,  54.34768119)
  (1874.37100000,  54.28076443)
  (1874.45500000,  54.21269850)
  (1874.53800000,  54.14348296)
  (1874.62300000,  54.07311745)
  (1874.70700000,  54.00160169)
  (1874.79000000,  53.92893545)
  (1874.87400000,  53.85511857)
  (1874.95800000,  53.78015097)
  (1875.04200000,  53.70403264)
  (1875.12300000,  53.62676361)
  (1875.20400000,  53.54834401)
  (1875.28800000,  53.46877402)
  (1875.37100000,  53.38805390)
  (1875.45500000,  53.30618397)
  (1875.53800000,  53.22316461)
  (1875.62300000,  53.13899629)
  (1875.70700000,  53.05367954)
  (1875.79000000,  52.96721493)
  (1875.87400000,  52.87960315)
  (1875.95800000,  52.79084491)
  (1876.04200000,  52.70094103)
  (1876.12400000,  52.60989236)
  (1876.20600000,  52.51769983)
  (1876.29000000,  52.42436447)
  (1876.37300000,  52.32988733)
  (1876.45600000,  52.23426955)
  (1876.54000000,  52.13751234)
  (1876.62400000,  52.03961699)
  (1876.70800000,  51.94058483)
  (1876.79100000,  51.84041727)
  (1876.87400000,  51.73911579)
  (1876.95800000,  51.63668195)
  (1877.04200000,  51.53311736)
  (1877.12300000,  51.42842369)
  (1877.20400000,  51.32260271)
  (1877.28800000,  51.21565624)
  (1877.37100000,  51.10758615)
  (1877.45500000,  50.99839441)
  (1877.53800000,  50.88808304)
  (1877.62300000,  50.77665412)
  (1877.70700000,  50.66410982)
  (1877.79000000,  50.55045235)
  (1877.87400000,  50.43568402)
  (1877.95800000,  50.31980718)
  (1878.04200000,  50.20282427)
  (1878.12300000,  50.08473776)
  (1878.20400000,  49.96555023)
  (1878.28800000,  49.84526430)
  (1878.37100000,  49.72388267)
  (1878.45500000,  49.60140811)
  (1878.53800000,  49.47784343)
  (1878.62300000,  49.35319153)
  (1878.70700000,  49.22745539)
  (1878.79000000,  49.10063802)
  (1878.87400000,  48.97274252)
  (1878.95800000,  48.84377206)
  (1879.04200000,  48.71372985)
  (1879.12300000,  48.58261920)
  (1879.20400000,  48.45044346)
  (1879.28800000,  48.31720606)
  (1879.37100000,  48.18291049)
  (1879.45500000,  48.04756031)
  (1879.53800000,  47.91115914)
  (1879.62300000,  47.77371066)
  (1879.70700000,  47.63521863)
  (1879.79000000,  47.49568687)
  (1879.87400000,  47.35511926)
  (1879.95800000,  47.21351975)
  (1880.04200000,  47.07089234)
  (1880.12400000,  46.92724113)
  (1880.20600000,  46.78257024)
  (1880.29000000,  46.63688388)
  (1880.37300000,  46.49018633)
  (1880.45600000,  46.34248192)
  (1880.54000000,  46.19377504)
  (1880.62400000,  46.04407015)
  (1880.70800000,  45.89337179)
  (1880.79100000,  45.74168453)
  (1880.87400000,  45.58901303)
  (1880.95800000,  45.43536200)
  (1881.04200000,  45.28073622)
  (1881.12300000,  45.12514053)
  (1881.20400000,  44.96857983)
  (1881.28800000,  44.81105908)
  (1881.37100000,  44.65258331)
  (1881.45500000,  44.49315760)
  (1881.53800000,  44.33278712)
  (1881.62300000,  44.17147706)
  (1881.70700000,  44.00923270)
  (1881.79000000,  43.84605938)
  (1881.87400000,  43.68196248)
  (1881.95800000,  43.51694747)
  (1882.04200000,  43.35101985)
  (1882.12300000,  43.18418521)
  (1882.20400000,  43.01644918)
  (1882.28800000,  42.84781746)
  (1882.37100000,  42.67829580)
  (1882.45500000,  42.50789001)
  (1882.53800000,  42.33660598)
  (1882.62300000,  42.16444962)
  (1882.70700000,  41.99142695)
  (1882.79000000,  41.81754400)
  (1882.87400000,  41.64280688)
  (1882.95800000,  41.46722177)
  (1883.04200000,  41.29079488)
  (1883.12300000,  41.11353251)
  (1883.20400000,  40.93544097)
  (1883.28800000,  40.75652669)
  (1883.37100000,  40.57679610)
  (1883.45500000,  40.39625572)
  (1883.53800000,  40.21491212)
  (1883.62300000,  40.03277191)
  (1883.70700000,  39.84984178)
  (1883.79000000,  39.66612846)
  (1883.87400000,  39.48163874)
  (1883.95800000,  39.29637947)
  (1884.04200000,  39.11035754)
  (1884.12400000,  38.92357990)
  (1884.20600000,  38.73605357)
  (1884.29000000,  38.54778561)
  (1884.37300000,  38.35878314)
  (1884.45600000,  38.16905331)
  (1884.54000000,  37.97860337)
  (1884.62400000,  37.78744057)
  (1884.70800000,  37.59557225)
  (1884.79100000,  37.40300580)
  (1884.87400000,  37.20974863)
  (1884.95800000,  37.01580824)
  (1885.04200000,  36.82119216)
  (1885.12300000,  36.62590798)
  (1885.20400000,  36.42996333)
  (1885.28800000,  36.23336591)
  (1885.37100000,  36.03612345)
  (1885.45500000,  35.83824374)
  (1885.53800000,  35.63973461)
  (1885.62300000,  35.44060397)
  (1885.70700000,  35.24085973)
  (1885.79000000,  35.04050989)
  (1885.87400000,  34.83956247)
  (1885.95800000,  34.63802557)
  (1886.04200000,  34.43590731)
  (1886.12300000,  34.23321586)
  (1886.20400000,  34.02995945)
  (1886.28800000,  33.82614635)
  (1886.37100000,  33.62178488)
  (1886.45500000,  33.41688339)
  (1886.53800000,  33.21145031)
  (1886.62300000,  33.00549407)
  (1886.70700000,  32.79902319)
  (1886.79000000,  32.59204620)
  (1886.87400000,  32.38457169)
  (1886.95800000,  32.17660830)
  (1887.04200000,  31.96816470)
  (1887.12300000,  31.75924961)
  (1887.20400000,  31.54987180)
  (1887.28800000,  31.34004006)
  (1887.37100000,  31.12976325)
  (1887.45500000,  30.91905026)
  (1887.53800000,  30.70791001)
  (1887.62300000,  30.49635149)
  (1887.70700000,  30.28438369)
  (1887.79000000,  30.07201569)
  (1887.87400000,  29.85925656)
  (1887.95800000,  29.64611545)
  (1888.04200000,  29.43260153)
  (1888.12400000,  29.21872401)
  (1888.20600000,  29.00449213)
  (1888.29000000,  28.78991520)
  (1888.37300000,  28.57500254)
  (1888.45600000,  28.35976352)
  (1888.54000000,  28.14420752)
  (1888.62400000,  27.92834401)
  (1888.70800000,  27.71218244)
  (1888.79100000,  27.49573233)
  (1888.87400000,  27.27900324)
  (1888.95800000,  27.06200473)
  (1889.04200000,  26.84474643)
  (1889.12300000,  26.62723800)
  (1889.20400000,  26.40948911)
  (1889.28800000,  26.19150948)
  (1889.37100000,  25.97330888)
  (1889.45500000,  25.75489708)
  (1889.53800000,  25.53628390)
  (1889.62300000,  25.31747920)
  (1889.70700000,  25.09849286)
  (1889.79000000,  24.87933478)
  (1889.87400000,  24.66001492)
  (1889.95800000,  24.44054325)
  (1890.04200000,  24.22092978)
  (1890.12300000,  24.00118454)
  (1890.20400000,  23.78131759)
  (1890.28800000,  23.56133903)
  (1890.37100000,  23.34125898)
  (1890.45500000,  23.12108759)
  (1890.53800000,  22.90083504)
  (1890.62300000,  22.68051153)
  (1890.70700000,  22.46012729)
  (1890.79000000,  22.23969258)
  (1890.87400000,  22.01921769)
  (1890.95800000,  21.79871292)
  (1891.04200000,  21.57818861)
  (1891.12300000,  21.35765512)
  (1891.20400000,  21.13712283)
  (1891.28800000,  20.91660215)
  (1891.37100000,  20.69610351)
  (1891.45500000,  20.47563736)
  (1891.53800000,  20.25521419)
  (1891.62300000,  20.03484448)
  (1891.70700000,  19.81453876)
  (1891.79000000,  19.59430757)
  (1891.87400000,  19.37416147)
  (1891.95800000,  19.15411105)
  (1892.04200000,  18.93416691)
  (1892.12400000,  18.71433966)
  (1892.20600000,  18.49463996)
  (1892.29000000,  18.27507846)
  (1892.37300000,  18.05566584)
  (1892.45600000,  17.83641280)
  (1892.54000000,  17.61733005)
  (1892.62400000,  17.39842832)
  (1892.70800000,  17.17971835)
  (1892.79100000,  16.96121092)
  (1892.87400000,  16.74291679)
  (1892.95800000,  16.52484676)
  (1893.04200000,  16.30701165)
  (1893.12300000,  16.08942226)
  (1893.20400000,  15.87208945)
  (1893.28800000,  15.65502405)
  (1893.37100000,  15.43823693)
  (1893.45500000,  15.22173896)
  (1893.53800000,  15.00554104)
  (1893.62300000,  14.78965405)
  (1893.70700000,  14.57408891)
  (1893.79000000,  14.35885654)
  (1893.87400000,  14.14396787)
  (1893.95800000,  13.92943384)
  (1894.04200000,  13.71526539)
  (1894.12300000,  13.50147349)
  (1894.20400000,  13.28806910)
  (1894.28800000,  13.07506319)
  (1894.37100000,  12.86246675)
  (1894.45500000,  12.65029076)
  (1894.53800000,  12.43854622)
  (1894.62300000,  12.22724413)
  (1894.70700000,  12.01639550)
  (1894.79000000,  11.80601133)
  (1894.87400000,  11.59610265)
  (1894.95800000,  11.38668047)
  (1895.04200000,  11.17775582)
  (1895.12300000,  10.96933973)
  (1895.20400000,  10.76144322)
  (1895.28800000,  10.55407733)
  (1895.37100000,  10.34725310)
  (1895.45500000,  10.14098155)
  (1895.53800000,   9.93527372)
  (1895.62300000,   9.73014066)
  (1895.70700000,   9.52559340)
  (1895.79000000,   9.32164297)
  (1895.87400000,   9.11830042)
  (1895.95800000,   8.91557678)
  (1896.04200000,   8.71348307)
  (1896.12400000,   8.51203034)
  (1896.20600000,   8.31122960)
  (1896.29000000,   8.11109188)
  (1896.37300000,   7.91162821)
  (1896.45600000,   7.71284960)
  (1896.54000000,   7.51476706)
  (1896.62400000,   7.31739160)
  (1896.70800000,   7.12073421)
  (1896.79100000,   6.92480591)
  (1896.87400000,   6.72961767)
  (1896.95800000,   6.53518047)
  (1897.04200000,   6.34150529)
  (1897.12300000,   6.14860310)
  (1897.20400000,   5.95648486)
  (1897.28800000,   5.76516151)
  (1897.37100000,   5.57464400)
  (1897.45500000,   5.38494325)
  (1897.53800000,   5.19607019)
  (1897.62300000,   5.00803572)
  (1897.70700000,   4.82085074)
  (1897.79000000,   4.63452615)
  (1897.87400000,   4.44907281)
  (1897.95800000,   4.26450158)
  (1898.04200000,   4.08082332)
  (1898.12300000,   3.89804887)
  (1898.20400000,   3.71618904)
  (1898.28800000,   3.53525464)
  (1898.37100000,   3.35525646)
  (1898.45500000,   3.17620528)
  (1898.53800000,   2.99811187)
  (1898.62300000,   2.82098696)
  (1898.70700000,   2.64484130)
  (1898.79000000,   2.46968557)
  (1898.87400000,   2.29553049)
  (1898.95800000,   2.12238673)
  (1899.04200000,   1.95026494)
  (1899.12300000,   1.77917577)
  (1899.20400000,   1.60912983)
  (1899.28800000,   1.44013772)
  (1899.37100000,   1.27221001)
  (1899.45500000,   1.10535728)
  (1899.53800000,   0.93959005)
  (1899.62300000,   0.77491884)
  (1899.70700000,   0.61135413)
  (1899.79000000,   0.44890641)
  (1899.87400000,   0.28758612)
  (1899.95800000,   0.12740368)
  (1900.04200000,  -0.03163051)
  (1900.12300000,  -0.18950607)
  (1900.20400000,  -0.34621266)
  (1900.28800000,  -0.50173995)
  (1900.37100000,  -0.65607763)
  (1900.45500000,  -0.80921545)
  (1900.53800000,  -0.96114314)
  (1900.62300000,  -1.11185050)
  (1900.70700000,  -1.26132733)
  (1900.79000000,  -1.40956347)
  (1900.87400000,  -1.55654878)
  (1900.95800000,  -1.70227315)
  (1901.04200000,  -1.84672652)
  (1901.12300000,  -1.98989883)
  (1901.20400000,  -2.13178006)
  (1901.28800000,  -2.27236024)
  (1901.37100000,  -2.41162940)
  (1901.45500000,  -2.54957762)
  (1901.53800000,  -2.68619501)
  (1901.62300000,  -2.82147171)
  (1901.70700000,  -2.95539790)
  (1901.79000000,  -3.08796378)
  (1901.87400000,  -3.21915959)
  (1901.95800000,  -3.34897560)
  (1902.04200000,  -3.47740213)
  (1902.12300000,  -3.60442953)
  (1902.20400000,  -3.73004816)
  (1902.28800000,  -3.85424845)
  (1902.37100000,  -3.97702084)
  (1902.45500000,  -4.09835584)
  (1902.53800000,  -4.21824395)
  (1902.62300000,  -4.33667574)
  (1902.70700000,  -4.45364183)
  (1902.79000000,  -4.56913283)
  (1902.87400000,  -4.68313944)
  (1902.95800000,  -4.79565237)
  (1903.04200000,  -4.90666237)
  (1903.12300000,  -5.01616025)
  (1903.20400000,  -5.12413683)
  (1903.28800000,  -5.23058301)
  (1903.37100000,  -5.33548969)
  (1903.45500000,  -5.43884784)
  (1903.53800000,  -5.54064846)
  (1903.62300000,  -5.64088260)
  (1903.70700000,  -5.73954135)
  (1903.79000000,  -5.83661583)
  (1903.87400000,  -5.93209722)
  (1903.95800000,  -6.02597675)
  (1904.04200000,  -6.11824567)
  (1904.12400000,  -6.20889529)
  (1904.20600000,  -6.29791696)
  (1904.29000000,  -6.38530210)
  (1904.37300000,  -6.47104213)
  (1904.45600000,  -6.55512856)
  (1904.54000000,  -6.63755292)
  (1904.62400000,  -6.71830679)
  (1904.70800000,  -6.79738182)
  (1904.79100000,  -6.87476968)
  (1904.87400000,  -6.95046209)
  (1904.95800000,  -7.02445085)
  (1905.04200000,  -7.09672777)
  (1905.12300000,  -7.16728474)
  (1905.20400000,  -7.23611367)
  (1905.28800000,  -7.30320655)
  (1905.37100000,  -7.36855540)
  (1905.45500000,  -7.43215230)
  (1905.53800000,  -7.49398938)
  (1905.62300000,  -7.55405882)
  (1905.70700000,  -7.61235286)
  (1905.79000000,  -7.66886377)
  (1905.87400000,  -7.72358390)
  (1905.95800000,  -7.77650564)
  (1906.04200000,  -7.82762143)
  (1906.12300000,  -7.87692378)
  (1906.20400000,  -7.92440522)
  (1906.28800000,  -7.97005838)
  (1906.37100000,  -8.01387591)
  (1906.45500000,  -8.05585052)
  (1906.53800000,  -8.09597500)
  (1906.62300000,  -8.13424217)
  (1906.70700000,  -8.17064491)
  (1906.79000000,  -8.20517617)
  (1906.87400000,  -8.23782894)
  (1906.95800000,  -8.26859628)
  (1907.04200000,  -8.29747130)
  (1907.12300000,  -8.32444717)
  (1907.20400000,  -8.34951712)
  (1907.28800000,  -8.37267444)
  (1907.37100000,  -8.39391247)
  (1907.45500000,  -8.41322462)
  (1907.53800000,  -8.43060435)
  (1907.62300000,  -8.44604519)
  (1907.70700000,  -8.45954072)
  (1907.79000000,  -8.47108458)
  (1907.87400000,  -8.48067048)
  (1907.95800000,  -8.48829220)
  (1908.04200000,  -8.49394354)
  (1908.12400000,  -8.49761842)
  (1908.20600000,  -8.49931076)
  (1908.29000000,  -8.49901460)
  (1908.37300000,  -8.49672401)
  (1908.45600000,  -8.49243311)
  (1908.54000000,  -8.48613613)
  (1908.62400000,  -8.47782731)
  (1908.70800000,  -8.46750100)
  (1908.79100000,  -8.45515157)
  (1908.87400000,  -8.44077350)
  (1908.95800000,  -8.42436130)
  (1909.04200000,  -8.40590956)
  (1909.12300000,  -8.38541293)
  (1909.20400000,  -8.36286612)
  (1909.28800000,  -8.33826392)
  (1909.37100000,  -8.31160118)
  (1909.45500000,  -8.28287281)
  (1909.53800000,  -8.25207379)
  (1909.62300000,  -8.21919916)
  (1909.70700000,  -8.18424405)
  (1909.79000000,  -8.14720364)
  (1909.87400000,  -8.10807316)
  (1909.95800000,  -8.06684795)
  (1910.04200000,  -8.02352338)
  (1910.12300000,  -7.97809490)
  (1910.20400000,  -7.93055804)
  (1910.28800000,  -7.88090839)
  (1910.37100000,  -7.82914160)
  (1910.45500000,  -7.77525340)
  (1910.53800000,  -7.71923958)
  (1910.62300000,  -7.66109602)
  (1910.70700000,  -7.60081865)
  (1910.79000000,  -7.53840348)
  (1910.87400000,  -7.47384657)
  (1910.95800000,  -7.40714409)
  (1911.04200000,  -7.33829224)
  (1911.12300000,  -7.26728731)
  (1911.20400000,  -7.19412566)
  (1911.28800000,  -7.11880373)
  (1911.37100000,  -7.04131801)
  (1911.45500000,  -6.96166508)
  (1911.53800000,  -6.87984158)
  (1911.62300000,  -6.79584423)
  (1911.70700000,  -6.70966982)
  (1911.79000000,  -6.62131522)
  (1911.87400000,  -6.53077735)
  (1911.95800000,  -6.43805322)
  (1912.04200000,  -6.34313993)
  (1912.12400000,  -6.24603461)
  (1912.20600000,  -6.14673449)
  (1912.29000000,  -6.04523689)
  (1912.37300000,  -5.94153917)
  (1912.45600000,  -5.83563877)
  (1912.54000000,  -5.72753323)
  (1912.62400000,  -5.61722014)
  (1912.70800000,  -5.50469717)
  (1912.79100000,  -5.38996207)
  (1912.87400000,  -5.27301265)
  (1912.95800000,  -5.15384681)
  (1913.04200000,  -5.03246252)
  (1913.12300000,  -4.90885783)
  (1913.20400000,  -4.78303086)
  (1913.28800000,  -4.65497980)
  (1913.37100000,  -4.52470293)
  (1913.45500000,  -4.39219858)
  (1913.53800000,  -4.25746520)
  (1913.62300000,  -4.12050126)
  (1913.70700000,  -3.98130535)
  (1913.79000000,  -3.83987613)
  (1913.87400000,  -3.69621231)
  (1913.95800000,  -3.55031270)
  (1914.04200000,  -3.40217619)
  (1914.12300000,  -3.25180172)
  (1914.20400000,  -3.09918834)
  (1914.28800000,  -2.94433515)
  (1914.37100000,  -2.78724134)
  (1914.45500000,  -2.62790619)
  (1914.53800000,  -2.46632902)
  (1914.62300000,  -2.30250926)
  (1914.70700000,  -2.13644640)
  (1914.79000000,  -1.96814003)
  (1914.87400000,  -1.79758978)
  (1914.95800000,  -1.62479540)
  (1915.04200000,  -1.44975669)
  (1915.12300000,  -1.27247353)
  (1915.20400000,  -1.09294588)
  (1915.28800000,  -0.91117380)
  (1915.37100000,  -0.72715739)
  (1915.45500000,  -0.54089685)
  (1915.53800000,  -0.35239246)
  (1915.62300000,  -0.16164457)
  (1915.70700000,   0.03134639)
  (1915.79000000,   0.22657991)
  (1915.87400000,   0.42405540)
  (1915.95800000,   0.62377219)
  (1916.04200000,   0.82572954)
  (1916.12400000,   1.02992662)
  (1916.20600000,   1.23636254)
  (1916.29000000,   1.44503631)
  (1916.37300000,   1.65594688)
  (1916.45600000,   1.86909311)
  (1916.54000000,   2.08447378)
  (1916.62400000,   2.30208759)
  (1916.70800000,   2.52193317)
  (1916.79100000,   2.74400908)
  (1916.87400000,   2.96831377)
  (1916.95800000,   3.19484565)
  (1917.04200000,   3.42360302)
  (1917.12300000,   3.65458411)
  (1917.20400000,   3.88778708)
  (1917.28800000,   4.12321000)
  (1917.37100000,   4.36085088)
  (1917.45500000,   4.60070762)
  (1917.53800000,   4.84277808)
  (1917.62300000,   5.08706000)
  (1917.70700000,   5.33355107)
  (1917.79000000,   5.58224889)
  (1917.87400000,   5.83315100)
  (1917.95800000,   6.08625483)
  (1918.04200000,   6.34155775)
  (1918.12300000,   6.59905705)
  (1918.20400000,   6.85874994)
  (1918.28800000,   7.12063356)
  (1918.37100000,   7.38470495)
  (1918.45500000,   7.65096110)
  (1918.53800000,   7.91939889)
  (1918.62300000,   8.19001515)
  (1918.70700000,   8.46280662)
  (1918.79000000,   8.73776995)
  (1918.87400000,   9.01490174)
  (1918.95800000,   9.29419848)
  (1919.04200000,   9.57565661)
  (1919.12300000,   9.85927248)
  (1919.20400000,  10.14504235)
  (1919.28800000,  10.43296243)
  (1919.37100000,  10.72302882)
  (1919.45500000,  11.01523757)
  (1919.53800000,  11.30958464)
  (1919.62300000,  11.60606591)
  (1919.70700000,  11.90467719)
  (1919.79000000,  12.20541420)
  (1919.87400000,  12.50827261)
  (1919.95800000,  12.81324797)
  (1920.04200000,  13.12033580)
  (1920.12400000,  13.42953151)
  (1920.20600000,  13.74083045)
  (1920.29000000,  14.05422787)
  (1920.37300000,  14.36971899)
  (1920.45600000,  14.68729890)
  (1920.54000000,  15.00696265)
  (1920.62400000,  15.32870519)
  (1920.70800000,  15.65252142)
  (1920.79100000,  15.97840614)
  (1920.87400000,  16.30635409)
  (1920.95800000,  16.63635993)
  (1921.04200000,  16.96841823)
  (1921.12300000,  17.30252351)
  (1921.20400000,  17.63867020)
  (1921.28800000,  17.97685265)
  (1921.37100000,  18.31706514)
  (1921.45500000,  18.65930189)
  (1921.53800000,  19.00355702)
  (1921.62300000,  19.34982460)
  (1921.70700000,  19.69809860)
  (1921.79000000,  20.04837293)
  (1921.87400000,  20.40064144)
  (1921.95800000,  20.75489787)
  (1922.04200000,  21.11113593)
  (1922.12300000,  21.46934921)
  (1922.20400000,  21.82953127)
  (1922.28800000,  22.19167557)
  (1922.37100000,  22.55577550)
  (1922.45500000,  22.92182439)
  (1922.53800000,  23.28981549)
  (1922.62300000,  23.65974197)
  (1922.70700000,  24.03159693)
  (1922.79000000,  24.40537341)
  (1922.87400000,  24.78106437)
  (1922.95800000,  25.15866269)
  (1923.04200000,  25.53816120)
  (1923.12300000,  25.91955264)
  (1923.20400000,  26.30282969)
  (1923.28800000,  26.68798494)
  (1923.37100000,  27.07501094)
  (1923.45500000,  27.46390014)
  (1923.53800000,  27.85464495)
  (1923.62300000,  28.24723767)
  (1923.70700000,  28.64167058)
  (1923.79000000,  29.03793584)
  (1923.87400000,  29.43602557)
  (1923.95800000,  29.83593183)
  (1924.04200000,  30.23764659)
  (1924.12400000,  30.64116175)
  (1924.20600000,  31.04646915)
  (1924.29000000,  31.45356057)
  (1924.37300000,  31.86242772)
  (1924.45600000,  32.27306222)
  (1924.54000000,  32.68545565)
  (1924.62400000,  33.09959952)
  (1924.70800000,  33.51548525)
  (1924.79100000,  33.93310421)
  (1924.87400000,  34.35244771)
  (1924.95800000,  34.77350699)
  (1925.04200000,  35.19627321)
  (1925.12300000,  35.62073748)
  (1925.20400000,  36.04689085)
  (1925.28800000,  36.47472428)
  (1925.37100000,  36.90422869)
  (1925.45500000,  37.33539493)
  (1925.53800000,  37.76821378)
  (1925.62300000,  38.20267595)
  (1925.70700000,  38.63877210)
  (1925.79000000,  39.07649283)
  (1925.87400000,  39.51582866)
  (1925.95800000,  39.95677006)
  (1926.04200000,  40.39930744)
  (1926.12300000,  40.84343114)
  (1926.20400000,  41.28913143)
  (1926.28800000,  41.73639854)
  (1926.37100000,  42.18522262)
  (1926.45500000,  42.63559378)
  (1926.53800000,  43.08750204)
  (1926.62300000,  43.54093740)
  (1926.70700000,  43.99588976)
  (1926.79000000,  44.45234898)
  (1926.87400000,  44.91030486)
  (1926.95800000,  45.36974713)
  (1927.04200000,  45.83066549)
  (1927.12300000,  46.29304956)
  (1927.20400000,  46.75688889)
  (1927.28800000,  47.22217300)
  (1927.37100000,  47.68889133)
  (1927.45500000,  48.15703329)
  (1927.53800000,  48.62658820)
  (1927.62300000,  49.09754535)
  (1927.70700000,  49.56989397)
  (1927.79000000,  50.04362321)
  (1927.87400000,  50.51872220)
  (1927.95800000,  50.99518000)
  (1928.04200000,  51.47298562)
  (1928.12400000,  51.95212799)
  (1928.20600000,  52.43259603)
  (1928.29000000,  52.91437857)
  (1928.37300000,  53.39746441)
  (1928.45600000,  53.88184228)
  (1928.54000000,  54.36750087)
  (1928.62400000,  54.85442882)
  (1928.70800000,  55.34261471)
  (1928.79100000,  55.83204707)
  (1928.87400000,  56.32271438)
  (1928.95800000,  56.81460507)
  (1929.04200000,  57.30770753)
  (1929.12300000,  57.80201008)
  (1929.20400000,  58.29750101)
  (1929.28800000,  58.79416855)
  (1929.37100000,  59.29200089)
  (1929.45500000,  59.79098615)
  (1929.53800000,  60.29111244)
  (1929.62300000,  60.79236779)
  (1929.70700000,  61.29474020)
  (1929.79000000,  61.79821761)
  (1929.87400000,  62.30278793)
  (1929.95800000,  62.80843901)
  (1930.04200000,  63.31515867)
  (1930.12300000,  63.82293467)
  (1930.20400000,  64.33175474)
  (1930.28800000,  64.84160654)
  (1930.37100000,  65.35247773)
  (1930.45500000,  65.86435588)
  (1930.53800000,  66.37722854)
  (1930.62300000,  66.89108323)
  (1930.70700000,  67.40590740)
  (1930.79000000,  67.92168848)
  (1930.87400000,  68.43841384)
  (1930.95800000,  68.95607083)
  (1931.04200000,  69.47464676)
  (1931.12300000,  69.99412887)
  (1931.20400000,  70.51450439)
  (1931.28800000,  71.03576049)
  (1931.37100000,  71.55788434)
  (1931.45500000,  72.08086302)
  (1931.53800000,  72.60468360)
  (1931.62300000,  73.12933312)
  (1931.70700000,  73.65479857)
  (1931.79000000,  74.18106690)
  (1931.87400000,  74.70812504)
  (1931.95800000,  75.23595987)
  (1932.04200000,  75.76455823)
  (1932.12400000,  76.29390695)
  (1932.20600000,  76.82399281)
  (1932.29000000,  77.35480254)
  (1932.37300000,  77.88632287)
  (1932.45600000,  78.41854048)
  (1932.54000000,  78.95144202)
  (1932.62400000,  79.48501409)
  (1932.70800000,  80.01924329)
  (1932.79100000,  80.55411617)
  (1932.87400000,  81.08961926)
  (1932.95800000,  81.62573904)
  (1933.04200000,  82.16246198)
  (1933.12300000,  82.69977452)
  (1933.20400000,  83.23766305)
  (1933.28800000,  83.77611396)
  (1933.37100000,  84.31511360)
  (1933.45500000,  84.85464828)
  (1933.53800000,  85.39470430)
  (1933.62300000,  85.93526793)
  (1933.70700000,  86.47632542)
  (1933.79000000,  87.01786297)
  (1933.87400000,  87.55986679)
  (1933.95800000,  88.10232303)
  (1934.04200000,  88.64521784)
  (1934.12300000,  89.18853734)
  (1934.20400000,  89.73226763)
  (1934.28800000,  90.27639477)
  (1934.37100000,  90.82090483)
  (1934.45500000,  91.36578382)
  (1934.53800000,  91.91101776)
  (1934.62300000,  92.45659264)
  (1934.70700000,  93.00249442)
  (1934.79000000,  93.54870905)
  (1934.87400000,  94.09522246)
  (1934.95800000,  94.64202055)
  (1935.04200000,  95.18908921)
  (1935.12300000,  95.73641433)
  (1935.20400000,  96.28398175)
  (1935.28800000,  96.83177731)
  (1935.37100000,  97.37978684)
  (1935.45500000,  97.92799613)
  (1935.53800000,  98.47639099)
  (1935.62300000,  99.02495718)
  (1935.70700000,  99.57368046)
  (1935.79000000, 100.12254659)
  (1935.87400000, 100.67154130)
  (1935.95800000, 101.22065030)
  (1936.04200000, 101.76985930)
  (1936.12400000, 102.31915401)
  (1936.20600000, 102.86852009)
  (1936.29000000, 103.41794323)
  (1936.37300000, 103.96740909)
  (1936.45600000, 104.51690333)
  (1936.54000000, 105.06641157)
  (1936.62400000, 105.61591946)
  (1936.70800000, 106.16541262)
  (1936.79100000, 106.71487667)
  (1936.87400000, 107.26429721)
  (1936.95800000, 107.81365986)
  (1937.04200000, 108.36295020)
  (1937.12300000, 108.91215382)
  (1937.20400000, 109.46125631)
  (1937.28800000, 110.01024325)
  (1937.37100000, 110.55910020)
  (1937.45500000, 111.10781275)
  (1937.53800000, 111.65636645)
  (1937.62300000, 112.20474687)
  (1937.70700000, 112.75293956)
  (1937.79000000, 113.30093009)
  (1937.87400000, 113.84870402)
  (1937.95800000, 114.39624689)
  (1938.04200000, 114.94354427)
  (1938.12300000, 115.49058170)
  (1938.20400000, 116.03734474)
  (1938.28800000, 116.58381895)
  (1938.37100000, 117.12998989)
  (1938.45500000, 117.67584311)
  (1938.53800000, 118.22136417)
  (1938.62300000, 118.76653864)
  (1938.70700000, 119.31135209)
  (1938.79000000, 119.85579008)
  (1938.87400000, 120.39983820)
  (1938.95800000, 120.94348201)
  (1939.04200000, 121.48670712)
  (1939.12300000, 122.02949911)
  (1939.20400000, 122.57184357)
  (1939.28800000, 123.11372612)
  (1939.37100000, 123.65513236)
  (1939.45500000, 124.19604791)
  (1939.53800000, 124.73645841)
  (1939.62300000, 125.27634948)
  (1939.70700000, 125.81570679)
  (1939.79000000, 126.35451597)
  (1939.87400000, 126.89276270)
  (1939.95800000, 127.43043266)
  (1940.04200000, 127.96751153)
  (1940.12400000, 128.50398502)
  (1940.20600000, 129.03983883)
  (1940.29000000, 129.57505870)
  (1940.37300000, 130.10963036)
  (1940.45600000, 130.64353957)
  (1940.54000000, 131.17677208)
  (1940.62400000, 131.70931369)
  (1940.70800000, 132.24115019)
  (1940.79100000, 132.77226739)
  (1940.87400000, 133.30265113)
  (1940.95800000, 133.83228724)
  (1941.04200000, 134.36116159)
  (1941.12300000, 134.88926007)
  (1941.20400000, 135.41656856)
  (1941.28800000, 135.94307300)
  (1941.37100000, 136.46875931)
  (1941.45500000, 136.99361345)
  (1941.53800000, 137.51762140)
  (1941.62300000, 138.04076915)
  (1941.70700000, 138.56304273)
  (1941.79000000, 139.08442818)
  (1941.87400000, 139.60491155)
  (1941.95800000, 140.12447894)
  (1942.04200000, 140.64311644)
  (1942.12300000, 141.16081020)
  (1942.20400000, 141.67754637)
  (1942.28800000, 142.19331112)
  (1942.37100000, 142.70809067)
  (1942.45500000, 143.22187124)
  (1942.53800000, 143.73463910)
  (1942.62300000, 144.24638051)
  (1942.70700000, 144.75708180)
  (1942.79000000, 145.26672931)
  (1942.87400000, 145.77530939)
  (1942.95800000, 146.28280844)
  (1943.04200000, 146.78921289)
  (1943.12300000, 147.29450918)
  (1943.20400000, 147.79868380)
  (1943.28800000, 148.30172326)
  (1943.37100000, 148.80361411)
  (1943.45500000, 149.30434291)
  (1943.53800000, 149.80389627)
  (1943.62300000, 150.30226083)
  (1943.70700000, 150.79942326)
  (1943.79000000, 151.29537026)
  (1943.87400000, 151.79008858)
  (1943.95800000, 152.28356497)
  (1944.04200000, 152.77578625)
  (1944.12400000, 153.26673926)
  (1944.20600000, 153.75641086)
  (1944.29000000, 154.24478798)
  (1944.37300000, 154.73185756)
  (1944.45600000, 155.21760658)
  (1944.54000000, 155.70202207)
  (1944.62400000, 156.18509108)
  (1944.70800000, 156.66680072)
  (1944.79100000, 157.14713811)
  (1944.87400000, 157.62609043)
  (1944.95800000, 158.10364489)
  (1945.04200000, 158.57978876)
  (1945.12300000, 159.05450932)
  (1945.20400000, 159.52779390)
  (1945.28800000, 159.99962989)
  (1945.37100000, 160.47000469)
  (1945.45500000, 160.93890578)
  (1945.53800000, 161.40632065)
  (1945.62300000, 161.87223685)
  (1945.70700000, 162.33664196)
  (1945.79000000, 162.79952362)
  (1945.87400000, 163.26086950)
  (1945.95800000, 163.72066732)
  (1946.04200000, 164.17890486)
  (1946.12300000, 164.63556992)
  (1946.20400000, 165.09065035)
  (1946.28800000, 165.54413407)
  (1946.37100000, 165.99600902)
  (1946.45500000, 166.44626320)
  (1946.53800000, 166.89488466)
  (1946.62300000, 167.34186148)
  (1946.70700000, 167.78718182)
  (1946.79000000, 168.23083385)
  (1946.87400000, 168.67280583)
  (1946.95800000, 169.11308603)
  (1947.04200000, 169.55166280)
  (1947.12300000, 169.98852453)
  (1947.20400000, 170.42365966)
  (1947.28800000, 170.85705668)
  (1947.37100000, 171.28870413)
  (1947.45500000, 171.71859060)
  (1947.53800000, 172.14670476)
  (1947.62300000, 172.57303529)
  (1947.70700000, 172.99757096)
  (1947.79000000, 173.42030056)
  (1947.87400000, 173.84121296)
  (1947.95800000, 174.26029708)
  (1948.04200000, 174.67754188)
  (1948.12400000, 175.09293640)
  (1948.20600000, 175.50646971)
  (1948.29000000, 175.91813095)
  (1948.37300000, 176.32790932)
  (1948.45600000, 176.73579405)
  (1948.54000000, 177.14177447)
  (1948.62400000, 177.54583994)
  (1948.70800000, 177.94797987)
  (1948.79100000, 178.34818375)
  (1948.87400000, 178.74644112)
  (1948.95800000, 179.14274157)
  (1949.04200000, 179.53707477)
  (1949.12300000, 179.92943042)
  (1949.20400000, 180.31979830)
  (1949.28800000, 180.70816826)
  (1949.37100000, 181.09453018)
  (1949.45500000, 181.47887403)
  (1949.53800000, 181.86118983)
  (1949.62300000, 182.24146765)
  (1949.70700000, 182.61969763)
  (1949.79000000, 182.99587000)
  (1949.87400000, 183.36997500)
  (1949.95800000, 183.74200298)
  (1950.04200000, 184.11194432)
  (1950.12300000, 184.47978949)
  (1950.20400000, 184.84552901)
  (1950.28800000, 185.20915346)
  (1950.37100000, 185.57065349)
  (1950.45500000, 185.93001983)
  (1950.53800000, 186.28724324)
  (1950.62300000, 186.64231458)
  (1950.70700000, 186.99522476)
  (1950.79000000, 187.34596476)
  (1950.87400000, 187.69452562)
  (1950.95800000, 188.04089845)
  (1951.04200000, 188.38507444)
  (1951.12300000, 188.72704483)
  (1951.20400000, 189.06680093)
  (1951.28800000, 189.40433413)
  (1951.37100000, 189.73963588)
  (1951.45500000, 190.07269769)
  (1951.53800000, 190.40351116)
  (1951.62300000, 190.73206794)
  (1951.70700000, 191.05835975)
  (1951.79000000, 191.38237840)
  (1951.87400000, 191.70411574)
  (1951.95800000, 192.02356372)
  (1952.04200000, 192.34071435)
  (1952.12400000, 192.65555969)
  (1952.20600000, 192.96809191)
  (1952.29000000, 193.27830321)
  (1952.37300000, 193.58618589)
  (1952.45600000, 193.89173232)
  (1952.54000000, 194.19493493)
  (1952.62400000, 194.49578623)
  (1952.70800000, 194.79427880)
  (1952.79100000, 195.09040529)
  (1952.87400000, 195.38415843)
  (1952.95800000, 195.67553102)
  (1953.04200000, 195.96451593)
  (1953.12300000, 196.25110612)
  (1953.20400000, 196.53529460)
  (1953.28800000, 196.81707447)
  (1953.37100000, 197.09643889)
  (1953.45500000, 197.37338113)
  (1953.53800000, 197.64789448)
  (1953.62300000, 197.91997236)
  (1953.70700000, 198.18960823)
  (1953.79000000, 198.45679564)
  (1953.87400000, 198.72152821)
  (1953.95800000, 198.98379963)
  (1954.04200000, 199.24360370)
  (1954.12300000, 199.50093424)
  (1954.20400000, 199.75578520)
  (1954.28800000, 200.00815058)
  (1954.37100000, 200.25802446)
  (1954.45500000, 200.50540099)
  (1954.53800000, 200.75027443)
  (1954.62300000, 200.99263907)
  (1954.70700000, 201.23248932)
  (1954.79000000, 201.46981963)
  (1954.87400000, 201.70462457)
  (1954.95800000, 201.93689876)
  (1955.04200000, 202.16663690)
  (1955.12300000, 202.39383378)
  (1955.20400000, 202.61848426)
  (1955.28800000, 202.84058328)
  (1955.37100000, 203.06012586)
  (1955.45500000, 203.27710711)
  (1955.53800000, 203.49152220)
  (1955.62300000, 203.70336640)
  (1955.70700000, 203.91263504)
  (1955.79000000, 204.11932355)
  (1955.87400000, 204.32342741)
  (1955.95800000, 204.52494223)
  (1956.04200000, 204.72386364)
  (1956.12400000, 204.92018740)
  (1956.20600000, 205.11390933)
  (1956.29000000, 205.30502532)
  (1956.37300000, 205.49353137)
  (1956.45600000, 205.67942354)
  (1956.54000000, 205.86269797)
  (1956.62400000, 206.04335088)
  (1956.70800000, 206.22137860)
  (1956.79100000, 206.39677751)
  (1956.87400000, 206.56954407)
  (1956.95800000, 206.73967485)
  (1957.04200000, 206.90716647)
  (1957.12300000, 207.07201566)
  (1957.20400000, 207.23421921)
  (1957.28800000, 207.39377401)
  (1957.37100000, 207.55067702)
  (1957.45500000, 207.70492528)
  (1957.53800000, 207.85651593)
  (1957.62300000, 208.00544616)
  (1957.70700000, 208.15171329)
  (1957.79000000, 208.29531467)
  (1957.87400000, 208.43624778)
  (1957.95800000, 208.57451015)
  (1958.04200000, 208.71009940)
  (1958.12300000, 208.84301325)
  (1958.20400000, 208.97324948)
  (1958.28800000, 209.10080597)
  (1958.37100000, 209.22568067)
  (1958.45500000, 209.34787162)
  (1958.53800000, 209.46737694)
  (1958.62300000, 209.58419484)
  (1958.70700000, 209.69832362)
  (1958.79000000, 209.80976163)
  (1958.87400000, 209.91850733)
  (1958.95800000, 210.02455927)
  (1959.04200000, 210.12791607)
  (1959.12300000, 210.22857643)
  (1959.20400000, 210.32653914)
  (1959.28800000, 210.42180307)
  (1959.37100000, 210.51436719)
  (1959.45500000, 210.60423052)
  (1959.53800000, 210.69139220)
  (1959.62300000, 210.77585142)
  (1959.70700000, 210.85760748)
  (1959.79000000, 210.93665976)
  (1959.87400000, 211.01300771)
  (1959.95800000, 211.08665086)
  (1960.04200000, 211.15758885)
  (1960.12400000, 211.22582139)
  (1960.20600000, 211.29134825)
  (1960.29000000, 211.35416933)
  (1960.37300000, 211.41428457)
  (1960.45600000, 211.47169402)
  (1960.54000000, 211.52639780)
  (1960.62400000, 211.57839612)
  (1960.70800000, 211.62768927)
  (1960.79100000, 211.67427763)
  (1960.87400000, 211.71816166)
  (1960.95800000, 211.75934189)
  (1961.04200000, 211.79781896)
  (1961.12300000, 211.83359357)
  (1961.20400000, 211.86666650)
  (1961.28800000, 211.89703864)
  (1961.37100000, 211.92471095)
  (1961.45500000, 211.94968445)
  (1961.53800000, 211.97196028)
  (1961.62300000, 211.99153963)
  (1961.70700000, 212.00842381)
  (1961.79000000, 212.02261417)
  (1961.87400000, 212.03411218)
  (1961.95800000, 212.04291936)
  (1962.04200000, 212.04903734)
  (1962.12300000, 212.05246782)
  (1962.20400000, 212.05321257)
  (1962.28800000, 212.05127348)
  (1962.37100000, 212.04665247)
  (1962.45500000, 212.03935159)
  (1962.53800000, 212.02937294)
  (1962.62300000, 212.01671872)
  (1962.70700000, 212.00139119)
  (1962.79000000, 211.98339273)
  (1962.87400000, 211.96272575)
  (1962.95800000, 211.93939280)
  (1963.04200000, 211.91339645)
  (1963.12300000, 211.88473940)
  (1963.20400000, 211.85342441)
  (1963.28800000, 211.81945432)
  (1963.37100000, 211.78283205)
  (1963.45500000, 211.74356061)
  (1963.53800000, 211.70164309)
  (1963.62300000, 211.65708264)
  (1963.70700000, 211.60988252)
  (1963.79000000, 211.56004605)
  (1963.87400000, 211.50757663)
  (1963.95800000, 211.45247776)
  (1964.04200000, 211.39475299)
  (1964.12400000, 211.33440597)
  (1964.20600000, 211.27144043)
  (1964.29000000, 211.20586016)
  (1964.37300000, 211.13766905)
  (1964.45600000, 211.06687106)
  (1964.54000000, 210.99347022)
  (1964.62400000, 210.91747066)
  (1964.70800000, 210.83887658)
  (1964.79100000, 210.75769223)
  (1964.87400000, 210.67392199)
  (1964.95800000, 210.58757027)
  (1965.04200000, 210.49864159)
  (1965.12300000, 210.40714052)
  (1965.20400000, 210.31307174)
  (1965.28800000, 210.21643997)
  (1965.37100000, 210.11725004)
  (1965.45500000, 210.01550684)
  (1965.53800000, 209.91121534)
  (1965.62300000, 209.80438057)
  (1965.70700000, 209.69500767)
  (1965.79000000, 209.58310182)
  (1965.87400000, 209.46866831)
  (1965.95800000, 209.35171247)
  (1966.04200000, 209.23223973)
  (1966.12300000, 209.11025559)
  (1966.20400000, 208.98576562)
  (1966.28800000, 208.85877547)
  (1966.37100000, 208.72929085)
  (1966.45500000, 208.59731757)
  (1966.53800000, 208.46286149)
  (1966.62300000, 208.32592854)
  (1966.70700000, 208.18652476)
  (1966.79000000, 208.04465622)
  (1966.87400000, 207.90032909)
  (1966.95800000, 207.75354960)
  (1967.04200000, 207.60432406)
  (1967.12300000, 207.45265884)
  (1967.20400000, 207.29856039)
  (1967.28800000, 207.14203525)
  (1967.37100000, 206.98308998)
  (1967.45500000, 206.82173128)
  (1967.53800000, 206.65796585)
  (1967.62300000, 206.49180052)
  (1967.70700000, 206.32324215)
  (1967.79000000, 206.15229769)
  (1967.87400000, 205.97897415)
  (1967.95800000, 205.80327863)
  (1968.04200000, 205.62521826)
  (1968.12400000, 205.44480027)
  (1968.20600000, 205.26203196)
  (1968.29000000, 205.07692067)
  (1968.37300000, 204.88947385)
  (1968.45600000, 204.69969897)
  (1968.54000000, 204.50760360)
  (1968.62400000, 204.31319537)
  (1968.70800000, 204.11648198)
  (1968.79100000, 203.91747118)
  (1968.87400000, 203.71617080)
  (1968.95800000, 203.51258874)
  (1969.04200000, 203.30673296)
  (1969.12300000, 203.09861147)
  (1969.20400000, 202.88823236)
  (1969.28800000, 202.67560380)
  (1969.37100000, 202.46073400)
  (1969.45500000, 202.24363123)
  (1969.53800000, 202.02430385)
  (1969.62300000, 201.80276025)
  (1969.70700000, 201.57900892)
  (1969.79000000, 201.35305839)
  (1969.87400000, 201.12491725)
  (1969.95800000, 200.89459416)
  (1970.04200000, 200.66209784)
  (1970.12300000, 200.42743707)
  (1970.20400000, 200.19062069)
  (1970.28800000, 199.95165761)
  (1970.37100000, 199.71055678)
  (1970.45500000, 199.46732723)
  (1970.53800000, 199.22197805)
  (1970.62300000, 198.97451836)
  (1970.70700000, 198.72495737)
  (1970.79000000, 198.47330435)
  (1970.87400000, 198.21956860)
  (1970.95800000, 197.96375949)
  (1971.04200000, 197.70588647)
  (1971.12300000, 197.44595902)
  (1971.20400000, 197.18398668)
  (1971.28800000, 196.91997906)
  (1971.37100000, 196.65394580)
  (1971.45500000, 196.38589664)
  (1971.53800000, 196.11584132)
  (1971.62300000, 195.84378968)
  (1971.70700000, 195.56975159)
  (1971.79000000, 195.29373698)
  (1971.87400000, 195.01575584)
  (1971.95800000, 194.73581821)
  (1972.04200000, 194.45393417)
  (1972.12400000, 194.17011387)
  (1972.20600000, 193.88436750)
  (1972.29000000, 193.59670531)
  (1972.37300000, 193.30713760)
  (1972.45600000, 193.01567471)
  (1972.54000000, 192.72232705)
  (1972.62400000, 192.42710507)
  (1972.70800000, 192.13001926)
  (1972.79100000, 191.83108017)
  (1972.87400000, 191.53029841)
  (1972.95800000, 191.22768461)
  (1973.04200000, 190.92324947)
  (1973.12300000, 190.61700373)
  (1973.20400000, 190.30895819)
  (1973.28800000, 189.99912367)
  (1973.37100000, 189.68751105)
  (1973.45500000, 189.37413127)
  (1973.53800000, 189.05899531)
  (1973.62300000, 188.74211417)
  (1973.70700000, 188.42349892)
  (1973.79000000, 188.10316067)
  (1973.87400000, 187.78111057)
  (1973.95800000, 187.45735982)
  (1974.04200000, 187.13191965)
  (1974.12300000, 186.80480135)
  (1974.20400000, 186.47601623)
  (1974.28800000, 186.14557567)
  (1974.37100000, 185.81349107)
  (1974.45500000, 185.47977387)
  (1974.53800000, 185.14443557)
  (1974.62300000, 184.80748769)
  (1974.70700000, 184.46894180)
  (1974.79000000, 184.12880950)
  (1974.87400000, 183.78710244)
  (1974.95800000, 183.44383230)
  (1975.04200000, 183.09901080)
  (1975.12300000, 182.75264971)
  (1975.20400000, 182.40476081)
  (1975.28800000, 182.05535594)
  (1975.37100000, 181.70444697)
  (1975.45500000, 181.35204580)
  (1975.53800000, 180.99816436)
  (1975.62300000, 180.64281464)
  (1975.70700000, 180.28600863)
  (1975.79000000, 179.92775839)
  (1975.87400000, 179.56807598)
  (1975.95800000, 179.20697351)
  (1976.04200000, 178.84446312)
  (1976.12400000, 178.48055698)
  (1976.20600000, 178.11526730)
  (1976.29000000, 177.74860631)
  (1976.37300000, 177.38058628)
  (1976.45600000, 177.01121949)
  (1976.54000000, 176.64051828)
  (1976.62400000, 176.26849500)
  (1976.70800000, 175.89516203)
  (1976.79100000, 175.52053178)
  (1976.87400000, 175.14461669)
  (1976.95800000, 174.76742922)
  (1977.04200000, 174.38898187)
  (1977.12300000, 174.00928716)
  (1977.20400000, 173.62835763)
  (1977.28800000, 173.24620585)
  (1977.37100000, 172.86284442)
  (1977.45500000, 172.47828596)
  (1977.53800000, 172.09254311)
  (1977.62300000, 171.70562853)
  (1977.70700000, 171.31755493)
  (1977.79000000, 170.92833501)
  (1977.87400000, 170.53798150)
  (1977.95800000, 170.14650717)
  (1978.04200000, 169.75392478)
  (1978.12300000, 169.36024715)
  (1978.20400000, 168.96548709)
  (1978.28800000, 168.56965743)
  (1978.37100000, 168.17277104)
  (1978.45500000, 167.77484079)
  (1978.53800000, 167.37587958)
  (1978.62300000, 166.97590032)
  (1978.70700000, 166.57491593)
  (1978.79000000, 166.17293937)
  (1978.87400000, 165.76998361)
  (1978.95800000, 165.36606161)
  (1979.04200000, 164.96118637)
  (1979.12300000, 164.55537090)
  (1979.20400000, 164.14862823)
  (1979.28800000, 163.74097140)
  (1979.37100000, 163.33241345)
  (1979.45500000, 162.92296745)
  (1979.53800000, 162.51264647)
  (1979.62300000, 162.10146361)
  (1979.70700000, 161.68943197)
  (1979.79000000, 161.27656465)
  (1979.87400000, 160.86287478)
  (1979.95800000, 160.44837549)
  (1980.04200000, 160.03307992)
  (1980.12400000, 159.61700122)
  (1980.20600000, 159.20015256)
  (1980.29000000, 158.78254709)
  (1980.37300000, 158.36419799)
  (1980.45600000, 157.94511845)
  (1980.54000000, 157.52532166)
  (1980.62400000, 157.10482080)
  (1980.70800000, 156.68362909)
  (1980.79100000, 156.26175971)
  (1980.87400000, 155.83922590)
  (1980.95800000, 155.41604085)
  (1981.04200000, 154.99221779)
  (1981.12300000, 154.56776995)
  (1981.20400000, 154.14271053)
  (1981.28800000, 153.71705278)
  (1981.37100000, 153.29080992)
  (1981.45500000, 152.86399517)
  (1981.53800000, 152.43662178)
  (1981.62300000, 152.00870297)
  (1981.70700000, 151.58025197)
  (1981.79000000, 151.15128201)
  (1981.87400000, 150.72180632)
  (1981.95800000, 150.29183813)
  (1982.04200000, 149.86139066)
  (1982.12300000, 149.43047713)
  (1982.20400000, 148.99911078)
  (1982.28800000, 148.56730480)
  (1982.37100000, 148.13507241)
  (1982.45500000, 147.70242683)
  (1982.53800000, 147.26938125)
  (1982.62300000, 146.83594887)
  (1982.70700000, 146.40214288)
  (1982.79000000, 145.96797646)
  (1982.87400000, 145.53346279)
  (1982.95800000, 145.09861505)
  (1983.04200000, 144.66344640)
  (1983.12300000, 144.22796998)
  (1983.20400000, 143.79219894)
  (1983.28800000, 143.35614643)
  (1983.37100000, 142.91982556)
  (1983.45500000, 142.48324945)
  (1983.53800000, 142.04643121)
  (1983.62300000, 141.60938392)
  (1983.70700000, 141.17212068)
  (1983.79000000, 140.73465455)
  (1983.87400000, 140.29699858)
  (1983.95800000, 139.85916583)
  (1984.04200000, 139.42116932)
  (1984.12400000, 138.98302206)
  (1984.20600000, 138.54473706)
  (1984.29000000, 138.10632731)
  (1984.37300000, 137.66780578)
  (1984.45600000, 137.22918542)
  (1984.54000000, 136.79047917)
  (1984.62400000, 136.35169995)
  (1984.70800000, 135.91286067)
  (1984.79100000, 135.47397421)
  (1984.87400000, 135.03505344)
  (1984.95800000, 134.59611121)
  (1985.04200000, 134.15716036)
  (1985.12300000, 133.71821368)
  (1985.20400000, 133.27928398)
  (1985.28800000, 132.84038402)
  (1985.37100000, 132.40152654)
  (1985.45500000, 131.96272429)
  (1985.53800000, 131.52398996)
  (1985.62300000, 131.08533623)
  (1985.70700000, 130.64677577)
  (1985.79000000, 130.20832122)
  (1985.87400000, 129.76998517)
  (1985.95800000, 129.33178023)
  (1986.04200000, 128.89371896)
  (1986.12300000, 128.45581389)
  (1986.20400000, 128.01807754)
  (1986.28800000, 127.58052239)
  (1986.37100000, 127.14316092)
  (1986.45500000, 126.70600554)
  (1986.53800000, 126.26906867)
  (1986.62300000, 125.83236268)
  (1986.70700000, 125.39589992)
  (1986.79000000, 124.95969272)
  (1986.87400000, 124.52375337)
  (1986.95800000, 124.08809413)
  (1987.04200000, 123.65272724)
  (1987.12300000, 123.21766489)
  (1987.20400000, 122.78291925)
  (1987.28800000, 122.34850248)
  (1987.37100000, 121.91442666)
  (1987.45500000, 121.48070390)
  (1987.53800000, 121.04734621)
  (1987.62300000, 120.61436562)
  (1987.70700000, 120.18177411)
  (1987.79000000, 119.74958361)
  (1987.87400000, 119.31780604)
  (1987.95800000, 118.88645326)
  (1988.04200000, 118.45553713)
  (1988.12400000, 118.02506944)
  (1988.20600000, 117.59506196)
  (1988.29000000, 117.16552642)
  (1988.37300000, 116.73647451)
  (1988.45600000, 116.30791791)
  (1988.54000000, 115.87986821)
  (1988.62400000, 115.45233701)
  (1988.70800000, 115.02533585)
  (1988.79100000, 114.59887623)
  (1988.87400000, 114.17296963)
  (1988.95800000, 113.74762745)
  (1989.04200000, 113.32286110)
  (1989.12300000, 112.89868192)
  (1989.20400000, 112.47510120)
  (1989.28800000, 112.05213022)
  (1989.37100000, 111.62978020)
  (1989.45500000, 111.20806231)
  (1989.53800000, 110.78698770)
  (1989.62300000, 110.36656746)
  (1989.70700000, 109.94681264)
  (1989.79000000, 109.52773424)
  (1989.87400000, 109.10934324)
  (1989.95800000, 108.69165056)
  (1990.04200000, 108.27466706)
  (1990.12300000, 107.85840358)
  (1990.20400000, 107.44287091)
  (1990.28800000, 107.02807978)
  (1990.37100000, 106.61404089)
  (1990.45500000, 106.20076489)
  (1990.53800000, 105.78826236)
  (1990.62300000, 105.37654388)
  (1990.70700000, 104.96561994)
  (1990.79000000, 104.55550099)
  (1990.87400000, 104.14619746)
  (1990.95800000, 103.73771970)
  (1991.04200000, 103.33007801)
  (1991.12300000, 102.92328267)
  (1991.20400000, 102.51734388)
  (1991.28800000, 102.11227181)
  (1991.37100000, 101.70807657)
  (1991.45500000, 101.30476822)
  (1991.53800000, 100.90235677)
  (1991.62300000, 100.50085218)
  (1991.70700000, 100.10026436)
  (1991.79000000,  99.70060316)
  (1991.87400000,  99.30187838)
  (1991.95800000,  98.90409978)
  (1992.04200000,  98.50727705)
  (1992.12400000,  98.11141983)
  (1992.20600000,  97.71653772)
  (1992.29000000,  97.32264026)
  (1992.37300000,  96.92973691)
  (1992.45600000,  96.53783711)
  (1992.54000000,  96.14695024)
  (1992.62400000,  95.75708560)
  (1992.70800000,  95.36825246)
  (1992.79100000,  94.98046003)
  (1992.87400000,  94.59371745)
  (1992.95800000,  94.20803382)
  (1993.04200000,  93.82341817)
  (1993.12300000,  93.43987949)
  (1993.20400000,  93.05742668)
  (1993.28800000,  92.67606863)
  (1993.37100000,  92.29581413)
  (1993.45500000,  91.91667192)
  (1993.53800000,  91.53865071)
  (1993.62300000,  91.16175913)
  (1993.70700000,  90.78600573)
  (1993.79000000,  90.41139904)
  (1993.87400000,  90.03794750)
  (1993.95800000,  89.66565952)
  (1994.04200000,  89.29454341)
  (1994.12300000,  88.92460746)
  (1994.20400000,  88.55585988)
  (1994.28800000,  88.18830881)
  (1994.37100000,  87.82196235)
  (1994.45500000,  87.45682852)
  (1994.53800000,  87.09291529)
  (1994.62300000,  86.73023056)
  (1994.70700000,  86.36878218)
  (1994.79000000,  86.00857792)
  (1994.87400000,  85.64962551)
  (1994.95800000,  85.29193259)
  (1995.04200000,  84.93550675)
  (1995.12300000,  84.58035553)
  (1995.20400000,  84.22648638)
  (1995.28800000,  83.87390672)
  (1995.37100000,  83.52262386)
  (1995.45500000,  83.17264509)
  (1995.53800000,  82.82397761)
  (1995.62300000,  82.47662856)
  (1995.70700000,  82.13060502)
  (1995.79000000,  81.78591400)
  (1995.87400000,  81.44256245)
  (1995.95800000,  81.10055725)
  (1996.04200000,  80.75990521)
  (1996.12400000,  80.42061308)
  (1996.20600000,  80.08268755)
  (1996.29000000,  79.74613523)
  (1996.37300000,  79.41096268)
  (1996.45600000,  79.07717637)
  (1996.54000000,  78.74478271)
  (1996.62400000,  78.41378807)
  (1996.70800000,  78.08419872)
  (1996.79100000,  77.75602087)
  (1996.87400000,  77.42926068)
  (1996.95800000,  77.10392421)
  (1997.04200000,  76.78001748)
  (1997.12300000,  76.45754644)
  (1997.20400000,  76.13651694)
  (1997.28800000,  75.81693481)
  (1997.37100000,  75.49880577)
  (1997.45500000,  75.18213550)
  (1997.53800000,  74.86692959)
  (1997.62300000,  74.55319357)
  (1997.70700000,  74.24093289)
  (1997.79000000,  73.93015296)
  (1997.87400000,  73.62085909)
  (1997.95800000,  73.31305653)
  (1998.04200000,  73.00675047)
  (1998.12300000,  72.70194601)
  (1998.20400000,  72.39864819)
  (1998.28800000,  72.09686199)
  (1998.37100000,  71.79659230)
  (1998.45500000,  71.49784395)
  (1998.53800000,  71.20062171)
  (1998.62300000,  70.90493025)
  (1998.70700000,  70.61077421)
  (1998.79000000,  70.31815811)
  (1998.87400000,  70.02708644)
  (1998.95800000,  69.73756361)
  (1999.04200000,  69.44959393)
  (1999.12300000,  69.16318168)
  (1999.20400000,  68.87833105)
  (1999.28800000,  68.59504614)
  (1999.37100000,  68.31333100)
  (1999.45500000,  68.03318962)
  (1999.53800000,  67.75462589)
  (1999.62300000,  67.47764364)
  (1999.70700000,  67.20224662)
  (1999.79000000,  66.92843853)
  (1999.87400000,  66.65622298)
  (1999.95800000,  66.38560351)
  (2000.04200000,  66.11658358)
  (2000.12400000,  65.84916660)
  (2000.20600000,  65.58335589)
  (2000.29000000,  65.31915469)
  (2000.37300000,  65.05656619)
  (2000.45600000,  64.79559349)
  (2000.54000000,  64.53623963)
  (2000.62400000,  64.27850757)
  (2000.70800000,  64.02240019)
  (2000.79100000,  63.76792030)
  (2000.87400000,  63.51507066)
  (2000.95800000,  63.26385393)
  (2001.04200000,  63.01427270)
  (2001.12300000,  62.76632950)
  (2001.20400000,  62.52002678)
  (2001.28800000,  62.27536691)
  (2001.37100000,  62.03235220)
  (2001.45500000,  61.79098487)
  (2001.53800000,  61.55126710)
  (2001.62300000,  61.31320095)
  (2001.70700000,  61.07678845)
  (2001.79000000,  60.84203152)
  (2001.87400000,  60.60893204)
  (2001.95800000,  60.37749180)
  (2002.04200000,  60.14771251)
  (2002.12300000,  59.91959582)
  (2002.20400000,  59.69314331)
  (2002.28800000,  59.46835646)
  (2002.37100000,  59.24523672)
  (2002.45500000,  59.02378542)
  (2002.53800000,  58.80400386)
  (2002.62300000,  58.58589324)
  (2002.70700000,  58.36945469)
  (2002.79000000,  58.15468927)
  (2002.87400000,  57.94159797)
  (2002.95800000,  57.73018171)
  (2003.04200000,  57.52044133)
  (2003.12300000,  57.31237759)
  (2003.20400000,  57.10599121)
  (2003.28800000,  56.90128278)
  (2003.37100000,  56.69825288)
  (2003.45500000,  56.49690198)
  (2003.53800000,  56.29723048)
  (2003.62300000,  56.09923872)
  (2003.70700000,  55.90292695)
  (2003.79000000,  55.70829537)
  (2003.87400000,  55.51534410)
  (2003.95800000,  55.32407317)
  (2004.04200000,  55.13448256)
  (2004.12400000,  54.94657216)
  (2004.20600000,  54.76034182)
  (2004.29000000,  54.57579127)
  (2004.37300000,  54.39292020)
  (2004.45600000,  54.21172824)
  (2004.54000000,  54.03221490)
  (2004.62400000,  53.85437968)
  (2004.70800000,  53.67822195)
  (2004.79100000,  53.50374105)
  (2004.87400000,  53.33093623)
  (2004.95800000,  53.15980668)
  (2005.04200000,  52.99035150)
  (2005.12300000,  52.82256974)
  (2005.20400000,  52.65646037)
  (2005.28800000,  52.49202228)
  (2005.37100000,  52.32925431)
  (2005.45500000,  52.16815521)
  (2005.53800000,  52.00872368)
  (2005.62300000,  51.85095832)
  (2005.70700000,  51.69485769)
  (2005.79000000,  51.54042026)
  (2005.87400000,  51.38764444)
  (2005.95800000,  51.23652858)
  (2006.04200000,  51.08707093)
  (2006.12300000,  50.93926969)
  (2006.20400000,  50.79312300)
  (2006.28800000,  50.64862891)
  (2006.37100000,  50.50578542)
  (2006.45500000,  50.36459045)
  (2006.53800000,  50.22504186)
  (2006.62300000,  50.08713742)
  (2006.70700000,  49.95087485)
  (2006.79000000,  49.81625181)
  (2006.87400000,  49.68326587)
  (2006.95800000,  49.55191455)
  (2007.04200000,  49.42219529)
  (2007.12300000,  49.29410547)
  (2007.20400000,  49.16764240)
  (2007.28800000,  49.04280332)
  (2007.37100000,  48.91958541)
  (2007.45500000,  48.79798578)
  (2007.53800000,  48.67800147)
  (2007.62300000,  48.55962946)
  (2007.70700000,  48.44286665)
  (2007.79000000,  48.32770990)
  (2007.87400000,  48.21415598)
  (2007.95800000,  48.10220160)
  (2008.04200000,  47.99184342)
  (2008.12400000,  47.88307800)
  (2008.20600000,  47.77590188)
  (2008.29000000,  47.67031150)
  (2008.37300000,  47.56630326)
  (2008.45600000,  47.46387346)
  (2008.54000000,  47.36301839)
  (2008.62400000,  47.26373422)
  (2008.70800000,  47.16601710)
  (2008.79100000,  47.06986309)
  (2008.87400000,  46.97526820)
  (2008.95800000,  46.88222836)
  (2009.04200000,  46.79073947)
  (2009.12300000,  46.70079734)
  (2009.20400000,  46.61239772)
  (2009.28800000,  46.52553630)
  (2009.37100000,  46.44020873)
  (2009.45500000,  46.35641056)
  (2009.53800000,  46.27413731)
  (2009.62300000,  46.19338442)
  (2009.70700000,  46.11414729)
  (2009.79000000,  46.03642124)
  (2009.87400000,  45.96020153)
  (2009.95800000,  45.88548337)
  (2010.04200000,  45.81226192)
  (2010.12300000,  45.74053224)
  (2010.20400000,  45.67028939)
  (2010.28800000,  45.60152832)
  (2010.37100000,  45.53424394)
  (2010.45500000,  45.46843111)
  (2010.53800000,  45.40408463)
  (2010.62300000,  45.34119922)
  (2010.70700000,  45.27976958)
  (2010.79000000,  45.21979031)
  (2010.87400000,  45.16125599)
  (2010.95800000,  45.10416113)
  (2011.04200000,  45.04850017)
  (2011.12300000,  44.99426752)
  (2011.20400000,  44.94145751)
  (2011.28800000,  44.89006443)
  (2011.37100000,  44.84008252)
  (2011.45500000,  44.79150593)
  (2011.53800000,  44.74432881)
  (2011.62300000,  44.69854521)
  (2011.70700000,  44.65414914)
  (2011.79000000,  44.61113458)
  (2011.87400000,  44.56949541)
  (2011.95800000,  44.52922550)
  (2012.04200000,  44.49031864)
  (2012.12400000,  44.45276859)
  (2012.20600000,  44.41656904)
  (2012.29000000,  44.38171363)
  (2012.37300000,  44.34819596)
  (2012.45600000,  44.31600957)
  (2012.54000000,  44.28514795)
  (2012.62400000,  44.25560455)
  (2012.70800000,  44.22737275)
  (2012.79100000,  44.20044590)
  (2012.87400000,  44.17481729)
  (2012.95800000,  44.15048016)
  (2013.04200000,  44.12742771)
  (2013.12300000,  44.10565308)
  (2013.20400000,  44.08514938)
  (2013.28800000,  44.06590964)
  (2013.37100000,  44.04792689)
  (2013.45500000,  44.03119407)
  (2013.53800000,  44.01570410)
  (2013.62300000,  44.00144984)
  (2013.70700000,  43.98842410)
  (2013.79000000,  43.97661966)
  (2013.87400000,  43.96602926)
  (2013.95800000,  43.95664557)
  (2014.04200000,  43.94846122)
  (2014.12300000,  43.94146883)
  (2014.20400000,  43.93566093)
  (2014.28800000,  43.93103003)
  (2014.37100000,  43.92756861)
  (2014.45500000,  43.92526908)
  (2014.53800000,  43.92412382)
  (2014.62300000,  43.92412518)
  (2014.70700000,  43.92526544)
  (2014.79000000,  43.92753687)
  (2014.87400000,  43.93093168)
  (2014.95800000,  43.93544205)
  (2015.04200000,  43.94106011)
  (2015.12300000,  43.94777795)
  (2015.20400000,  43.95558765)
  (2015.28800000,  43.96448121)
  (2015.37100000,  43.97445061)
  (2015.45500000,  43.98548780)
  (2015.53800000,  43.99758467)
  (2015.62300000,  44.01073311)
  (2015.70700000,  44.02492494)
  (2015.79000000,  44.04015195)
  (2015.87400000,  44.05640590)
  (2015.95800000,  44.07367851)
  (2016.04200000,  44.09196148)
  (2016.12400000,  44.11124646)
  (2016.20600000,  44.13152506)
  (2016.28800000,  44.15278887)
  (2016.37300000,  44.17502944)
  (2016.45500000,  44.19823829)
  (2016.54000000,  44.22240691)
  (2016.62400000,  44.24752674)
  (2016.70600000,  44.27358922)
  (2016.79100000,  44.30058572)
  (2016.87300000,  44.32850762)
  (2016.95800000,  44.35734623)
  (2017.04200000,  44.38709286)
  (2017.12200000,  44.41773877)
  (2017.20400000,  44.44927520)
  (2017.28600000,  44.48169337)
  (2017.37100000,  44.51498445)
  (2017.45300000,  44.54913961)
  (2017.53800000,  44.58414995)
  (2017.62300000,  44.62000659)
  (2017.70500000,  44.65670059)
  (2017.79000000,  44.69422300)
  (2017.87300000,  44.73256484)
  (2017.95800000,  44.77171710)
  (2018.04200000,  44.81167076)
  (2018.12200000,  44.85241675)
  (2018.20400000,  44.89394599)
  (2018.28600000,  44.93624938)
  (2018.37100000,  44.97931780)
  (2018.45300000,  45.02314209)
  (2018.53800000,  45.06771308)
  (2018.62300000,  45.11302157)
  (2018.70500000,  45.15905835)
  (2018.79000000,  45.20581418)
  (2018.87300000,  45.25327980)
  (2018.95800000,  45.30144593)
  (2019.04200000,  45.35030328)
  (2019.12200000,  45.39984251)
  (2019.20400000,  45.45005431)
  (2019.28600000,  45.50092930)
  (2019.37100000,  45.55245812)
  (2019.45300000,  45.60463137)
  (2019.53800000,  45.65743965)
  (2019.62300000,  45.71087353)
  (2019.70500000,  45.76492356)
  (2019.79000000,  45.81958029)
  (2019.87300000,  45.87483424)
  (2019.95800000,  45.93067593)
  (2020.04200000,  45.98709585)
  (2020.12400000,  46.04408448)
  (2020.20600000,  46.10163230)
  (2020.28800000,  46.15972975)
  (2020.37300000,  46.21836729)
  (2020.45500000,  46.27753534)
  (2020.54000000,  46.33722431)
  (2020.62400000,  46.39742462)
  (2020.70600000,  46.45812667)
  (2020.79100000,  46.51932083)
  (2020.87300000,  46.58099748)
  (2020.95800000,  46.64314700)
  (2021.04200000,  46.70575972)
  (2021.12200000,  46.76882602)
  (2021.20400000,  46.83233621)
  (2021.28600000,  46.89628064)
]
