%=============================================================================
% Daniel J. Greenhoe 
% Sunspot eigen synthesis vector data using 105 coefficients
% File suitable for use with LaTeX PStricks
% For an example, see "sunspots_eigen_syn.tex"
% This file auto-generated using "sunspots.R" --- hand-editing not recommended
% Total RMS synthesis error using 105 coefficients =   0.49901885
%=============================================================================
[
  (1854.62300000,  44.53770069)
  (1854.70700000,  41.25823433)
  (1854.79000000,  36.78829808)
  (1854.87400000,  31.75767907)
  (1854.95800000,  26.74631291)
  (1855.04200000,  22.30203290)
  (1855.12300000,  18.81065775)
  (1855.20400000,  16.35978449)
  (1855.28800000,  14.76194687)
  (1855.37100000,  13.64769332)
  (1855.45500000,  12.36982681)
  (1855.53800000,  10.45916227)
  (1855.62300000,   7.72008458)
  (1855.70700000,   4.38552999)
  (1855.79000000,   0.99907478)
  (1855.87400000,  -1.77573480)
  (1855.95800000,  -3.47156195)
  (1856.04200000,  -3.78169953)
  (1856.12400000,  -2.79181160)
  (1856.20600000,  -0.76699362)
  (1856.29000000,   1.67055926)
  (1856.37300000,   3.84124082)
  (1856.45600000,   5.46021892)
  (1856.54000000,   6.34253700)
  (1856.62400000,   6.57525837)
  (1856.70800000,   6.68067802)
  (1856.79100000,   7.07347629)
  (1856.87400000,   8.10462125)
  (1856.95800000,  10.18070895)
  (1857.04200000,  13.26082161)
  (1857.12300000,  17.13490934)
  (1857.20400000,  21.38257652)
  (1857.28800000,  25.67943693)
  (1857.37100000,  29.62365716)
  (1857.45500000,  33.16658336)
  (1857.53800000,  36.60238915)
  (1857.62300000,  40.31745363)
  (1857.70700000,  44.76935783)
  (1857.79000000,  50.31231579)
  (1857.87400000,  57.01936864)
  (1857.95800000,  64.70039591)
  (1858.04200000,  72.84285202)
  (1858.12300000,  80.83260104)
  (1858.20400000,  88.23868141)
  (1858.28800000,  94.96079312)
  (1858.37100000, 101.04680079)
  (1858.45500000, 106.69905808)
  (1858.53800000, 112.52455653)
  (1858.62300000, 118.95687538)
  (1858.70700000, 126.13102156)
  (1858.79000000, 134.04747988)
  (1858.87400000, 142.36943303)
  (1858.95800000, 150.51757850)
  (1859.04200000, 157.85803293)
  (1859.12300000, 164.06400300)
  (1859.20400000, 169.02585011)
  (1859.28800000, 172.93668680)
  (1859.37100000, 176.07904318)
  (1859.45500000, 178.89104482)
  (1859.53800000, 181.76295016)
  (1859.62300000, 184.97415290)
  (1859.70700000, 188.35581971)
  (1859.79000000, 191.55263534)
  (1859.87400000, 194.20882965)
  (1859.95800000, 196.07041949)
  (1860.04200000, 196.88957231)
  (1860.12400000, 196.74710116)
  (1860.20600000, 196.00185830)
  (1860.29000000, 194.86486531)
  (1860.37300000, 193.62095223)
  (1860.45600000, 192.47122514)
  (1860.54000000, 191.24121205)
  (1860.62400000, 189.63617242)
  (1860.70800000, 187.40651961)
  (1860.79100000, 184.29172922)
  (1860.87400000, 180.30581502)
  (1860.95800000, 175.74579484)
  (1861.04200000, 170.92502085)
  (1861.12300000, 166.34380881)
  (1861.20400000, 162.43951503)
  (1861.28800000, 159.39216677)
  (1861.37100000, 156.99409696)
  (1861.45500000, 154.87745772)
  (1861.53800000, 152.44878270)
  (1861.62300000, 149.28346299)
  (1861.70700000, 145.08927123)
  (1861.79000000, 139.81092440)
  (1861.87400000, 133.81633146)
  (1861.95800000, 127.78402556)
  (1862.04200000, 122.54189613)
  (1862.12300000, 118.59735122)
  (1862.20400000, 116.15072926)
  (1862.28800000, 115.10181167)
  (1862.37100000, 114.83770280)
  (1862.45500000, 114.55719907)
  (1862.53800000, 113.49117732)
  (1862.62300000, 111.19322496)
  (1862.70700000, 107.50454724)
  (1862.79000000, 102.87120249)
  (1862.87400000,  98.01417299)
  (1862.95800000,  93.70219377)
  (1863.04200000,  90.61015899)
  (1863.12300000,  89.10942468)
  (1863.20400000,  89.10823171)
  (1863.28800000,  90.28877431)
  (1863.37100000,  91.98196564)
  (1863.45500000,  93.46848449)
  (1863.53800000,  94.28258536)
  (1863.62300000,  94.27077287)
  (1863.70700000,  93.39501727)
  (1863.79000000,  91.92967508)
  (1863.87400000,  90.42409381)
  (1863.95800000,  89.21224033)
  (1864.04200000,  88.41491781)
  (1864.12400000,  87.96683030)
  (1864.20600000,  87.77544329)
  (1864.29000000,  87.61919626)
  (1864.37300000,  87.26621330)
  (1864.45600000,  86.58345310)
  (1864.54000000,  85.52883175)
  (1864.62400000,  84.27365056)
  (1864.70800000,  82.91532436)
  (1864.79100000,  81.54871354)
  (1864.87400000,  79.98178914)
  (1864.95800000,  78.10252198)
  (1865.04200000,  75.60428113)
  (1865.12300000,  72.26959542)
  (1865.20400000,  68.15661718)
  (1865.28800000,  63.55598263)
  (1865.37100000,  58.84356425)
  (1865.45500000,  54.60244431)
  (1865.53800000,  51.38689112)
  (1865.62300000,  49.49820585)
  (1865.70700000,  48.82003872)
  (1865.79000000,  48.91079617)
  (1865.87400000,  48.98250870)
  (1865.95800000,  48.33984081)
  (1866.04200000,  46.36855527)
  (1866.12300000,  42.78116065)
  (1866.20400000,  37.82849099)
  (1866.28800000,  32.14833589)
  (1866.37100000,  26.53758295)
  (1866.45500000,  21.82904383)
  (1866.53800000,  18.67232452)
  (1866.62300000,  17.20452396)
  (1866.70700000,  17.07175723)
  (1866.79000000,  17.53267843)
  (1866.87400000,  17.72910864)
  (1866.95800000,  17.02827574)
  (1867.04200000,  15.00895274)
  (1867.12300000,  11.79471421)
  (1867.20400000,   7.83340938)
  (1867.28800000,   4.01268615)
  (1867.37100000,   1.28410531)
  (1867.45500000,   0.24563316)
  (1867.53800000,   1.19728911)
  (1867.62300000,   3.97310684)
  (1867.70700000,   8.13767799)
  (1867.79000000,  13.07496534)
  (1867.87400000,  18.24877221)
  (1867.95800000,  23.28416754)
  (1868.04200000,  28.09175820)
  (1868.12400000,  32.80228833)
  (1868.20600000,  37.63858777)
  (1868.29000000,  42.92736754)
  (1868.37300000,  48.78428155)
  (1868.45600000,  55.14569206)
  (1868.54000000,  61.80890866)
  (1868.62400000,  68.64141650)
  (1868.70800000,  75.41463862)
  (1868.79100000,  81.92568583)
  (1868.87400000,  88.19009083)
  (1868.95800000,  94.53074141)
  (1869.04200000, 101.18185378)
  (1869.12300000, 108.19298897)
  (1869.20400000, 115.57255694)
  (1869.28800000, 123.20841727)
  (1869.37100000, 130.68165691)
  (1869.45500000, 137.81228912)
  (1869.53800000, 144.25563857)
  (1869.62300000, 149.93658843)
  (1869.70700000, 155.07671838)
  (1869.79000000, 160.07985413)
  (1869.87400000, 165.54027204)
  (1869.95800000, 172.05320135)
  (1870.04200000, 179.81760203)
  (1870.12300000, 188.51021889)
  (1870.20400000, 197.75200679)
  (1870.28800000, 206.73851187)
  (1870.37100000, 214.63279801)
  (1870.45500000, 220.76186604)
  (1870.53800000, 224.93128751)
  (1870.62300000, 227.33120377)
  (1870.70700000, 228.44931059)
  (1870.79000000, 228.96250976)
  (1870.87400000, 229.41608752)
  (1870.95800000, 230.09165398)
  (1871.04200000, 231.00636263)
  (1871.12300000, 231.78752640)
  (1871.20400000, 231.79097259)
  (1871.28800000, 230.48854728)
  (1871.37100000, 227.60657423)
  (1871.45500000, 223.06342388)
  (1871.53800000, 217.11340198)
  (1871.62300000, 210.47592394)
  (1871.70700000, 203.82450231)
  (1871.79000000, 197.75221999)
  (1871.87400000, 192.62508840)
  (1871.95800000, 188.40257872)
  (1872.04200000, 184.75310102)
  (1872.12400000, 181.26594638)
  (1872.20600000, 177.53810018)
  (1872.29000000, 173.28639035)
  (1872.37300000, 168.59719747)
  (1872.45600000, 163.74615119)
  (1872.54000000, 159.09340307)
  (1872.62400000, 155.16319114)
  (1872.70800000, 152.20859161)
  (1872.79100000, 150.04683612)
  (1872.87400000, 148.27832962)
  (1872.95800000, 146.46443622)
  (1873.04200000, 143.97997420)
  (1873.12300000, 140.38049633)
  (1873.20400000, 135.62891372)
  (1873.28800000, 130.01999945)
  (1873.37100000, 124.02084170)
  (1873.45500000, 118.22875280)
  (1873.53800000, 113.05505396)
  (1873.62300000, 108.65312739)
  (1873.70700000, 104.92546611)
  (1873.79000000, 101.47833734)
  (1873.87400000,  97.81541402)
  (1873.95800000,  93.60902018)
  (1874.04200000,  88.80321820)
  (1874.12300000,  83.46841720)
  (1874.20400000,  77.91451463)
  (1874.28800000,  72.74934106)
  (1874.37100000,  68.40886236)
  (1874.45500000,  65.05049118)
  (1874.53800000,  62.64532917)
  (1874.62300000,  60.91760519)
  (1874.70700000,  59.43128174)
  (1874.79000000,  57.77380832)
  (1874.87400000,  55.60769021)
  (1874.95800000,  52.77657641)
  (1875.04200000,  49.48788141)
  (1875.12300000,  46.00833827)
  (1875.20400000,  42.70805190)
  (1875.28800000,  39.88835104)
  (1875.37100000,  37.51731437)
  (1875.45500000,  35.28576860)
  (1875.53800000,  32.83012505)
  (1875.62300000,  29.93960604)
  (1875.70700000,  26.38331833)
  (1875.79000000,  22.18478005)
  (1875.87400000,  17.72823982)
  (1875.95800000,  13.53704960)
  (1876.04200000,  10.22701805)
  (1876.12400000,   8.30437391)
  (1876.20600000,   7.77931206)
  (1876.29000000,   8.48455795)
  (1876.37300000,   9.94468607)
  (1876.45600000,  11.48608184)
  (1876.54000000,  12.35956744)
  (1876.62400000,  12.29705564)
  (1876.70800000,  11.38499960)
  (1876.79100000,   9.98500931)
  (1876.87400000,   8.80230827)
  (1876.95800000,   8.51093834)
  (1877.04200000,   9.60720220)
  (1877.12300000,  12.10562779)
  (1877.20400000,  15.64048907)
  (1877.28800000,  19.50727875)
  (1877.37100000,  22.78538985)
  (1877.45500000,  24.62691995)
  (1877.53800000,  24.62805157)
  (1877.62300000,  22.67452272)
  (1877.70700000,  19.32147442)
  (1877.79000000,  15.26248435)
  (1877.87400000,  11.20859650)
  (1877.95800000,   7.84962047)
  (1878.04200000,   5.69925627)
  (1878.12300000,   4.60657982)
  (1878.20400000,   4.14191839)
  (1878.28800000,   3.87114054)
  (1878.37100000,   3.31346282)
  (1878.45500000,   2.22965464)
  (1878.53800000,   0.74462861)
  (1878.62300000,  -0.91126192)
  (1878.70700000,  -2.34712638)
  (1878.79000000,  -3.20796376)
  (1878.87400000,  -3.37154198)
  (1878.95800000,  -2.83568749)
  (1879.04200000,  -1.57180690)
  (1879.12300000,   0.06496447)
  (1879.20400000,   1.85243327)
  (1879.28800000,   3.77707261)
  (1879.37100000,   5.92831259)
  (1879.45500000,   8.53925448)
  (1879.53800000,  11.65970334)
  (1879.62300000,  15.44749018)
  (1879.70700000,  19.75452982)
  (1879.79000000,  24.19562258)
  (1879.87400000,  28.35917834)
  (1879.95800000,  31.89008232)
  (1880.04200000,  34.51473210)
  (1880.12400000,  36.17639345)
  (1880.20600000,  37.15842079)
  (1880.29000000,  38.00791328)
  (1880.37300000,  39.50736022)
  (1880.45600000,  42.24004322)
  (1880.54000000,  46.34851516)
  (1880.62400000,  51.79743000)
  (1880.70800000,  58.13851978)
  (1880.79100000,  64.53667706)
  (1880.87400000,  70.09949271)
  (1880.95800000,  74.27129429)
  (1881.04200000,  76.70642074)
  (1881.12300000,  77.68242946)
  (1881.20400000,  77.82898414)
  (1881.28800000,  78.00745225)
  (1881.37100000,  79.09684681)
  (1881.45500000,  81.60678903)
  (1881.53800000,  85.52270023)
  (1881.62300000,  90.37205637)
  (1881.70700000,  95.40435086)
  (1881.79000000,  99.74835303)
  (1881.87400000, 102.63253943)
  (1881.95800000, 103.75344781)
  (1882.04200000, 103.26252234)
  (1882.12300000, 101.65699951)
  (1882.20400000,  99.65239228)
  (1882.28800000,  97.97344357)
  (1882.37100000,  97.16037575)
  (1882.45500000,  97.36732054)
  (1882.53800000,  98.42186749)
  (1882.62300000,  99.92041429)
  (1882.70700000, 101.47124084)
  (1882.79000000, 102.79962372)
  (1882.87400000, 103.72113991)
  (1882.95800000, 104.24497131)
  (1883.04200000, 104.61816338)
  (1883.12300000, 105.08683804)
  (1883.20400000, 105.68409536)
  (1883.28800000, 106.50011173)
  (1883.37100000, 107.47476994)
  (1883.45500000, 108.38547336)
  (1883.53800000, 108.99715252)
  (1883.62300000, 109.31297508)
  (1883.70700000, 109.42035888)
  (1883.79000000, 109.55631645)
  (1883.87400000, 109.99677822)
  (1883.95800000, 110.94680903)
  (1884.04200000, 112.50919911)
  (1884.12400000, 114.56272288)
  (1884.20600000, 116.62231520)
  (1884.29000000, 118.21555237)
  (1884.37300000, 118.78127708)
  (1884.45600000, 117.95142992)
  (1884.54000000, 115.70927549)
  (1884.62400000, 112.39798055)
  (1884.70800000, 108.68195118)
  (1884.79100000, 105.14665907)
  (1884.87400000, 102.49319949)
  (1884.95800000, 100.96069307)
  (1885.04200000, 100.40640656)
  (1885.12300000, 100.25461559)
  (1885.20400000,  99.77578773)
  (1885.28800000,  98.22038146)
  (1885.37100000,  95.11923054)
  (1885.45500000,  90.49477908)
  (1885.53800000,  84.60811012)
  (1885.62300000,  78.15954302)
  (1885.70700000,  72.02186411)
  (1885.79000000,  66.78423059)
  (1885.87400000,  62.71883223)
  (1885.95800000,  59.70018020)
  (1886.04200000,  57.38881060)
  (1886.12300000,  55.20464887)
  (1886.20400000,  52.64323842)
  (1886.28800000,  49.40845690)
  (1886.37100000,  45.43085468)
  (1886.45500000,  41.12932781)
  (1886.53800000,  36.92414764)
  (1886.62300000,  33.25972528)
  (1886.70700000,  30.43838200)
  (1886.79000000,  28.60348965)
  (1886.87400000,  27.47431916)
  (1886.95800000,  26.69852408)
  (1887.04200000,  25.93944446)
  (1887.12300000,  24.74175342)
  (1887.20400000,  22.98292793)
  (1887.28800000,  20.80788016)
  (1887.37100000,  18.59391205)
  (1887.45500000,  16.73106008)
  (1887.53800000,  15.50398263)
  (1887.62300000,  14.98189232)
  (1887.70700000,  14.94243136)
  (1887.79000000,  15.01146132)
  (1887.87400000,  14.67803266)
  (1887.95800000,  13.56380488)
  (1888.04200000,  11.50239399)
  (1888.12400000,   8.74109779)
  (1888.20600000,   5.67871806)
  (1888.29000000,   2.94197127)
  (1888.37300000,   1.14945579)
  (1888.45600000,   0.55500030)
  (1888.54000000,   0.98031615)
  (1888.62400000,   2.09849975)
  (1888.70800000,   3.34447884)
  (1888.79100000,   4.19165323)
  (1888.87400000,   4.23386479)
  (1888.95800000,   3.34834861)
  (1889.04200000,   1.83735860)
  (1889.12300000,   0.27253553)
  (1889.20400000,  -0.75011481)
  (1889.28800000,  -0.94075717)
  (1889.37100000,  -0.09243574)
  (1889.45500000,   1.59790735)
  (1889.53800000,   3.64342863)
  (1889.62300000,   5.55218505)
  (1889.70700000,   6.90239350)
  (1889.79000000,   7.38804747)
  (1889.87400000,   7.07496722)
  (1889.95800000,   6.33032254)
  (1890.04200000,   5.74037690)
  (1890.12300000,   5.75099058)
  (1890.20400000,   6.69059112)
  (1890.28800000,   8.42972018)
  (1890.37100000,  10.71786500)
  (1890.45500000,  13.19665741)
  (1890.53800000,  15.39309054)
  (1890.62300000,  17.12186171)
  (1890.70700000,  18.51135535)
  (1890.79000000,  20.01885727)
  (1890.87400000,  22.09665903)
  (1890.95800000,  25.32580547)
  (1891.04200000,  30.01161978)
  (1891.12300000,  36.09389018)
  (1891.20400000,  43.19680622)
  (1891.28800000,  50.65294985)
  (1891.37100000,  57.82673320)
  (1891.45500000,  64.08095319)
  (1891.53800000,  69.14436974)
  (1891.62300000,  73.11105912)
  (1891.70700000,  76.38816477)
  (1891.79000000,  79.66253789)
  (1891.87400000,  83.50919531)
  (1891.95800000,  88.19837495)
  (1892.04200000,  93.85057627)
  (1892.12400000, 100.19480849)
  (1892.20600000, 106.48589076)
  (1892.29000000, 111.99706721)
  (1892.37300000, 116.23674696)
  (1892.45600000, 118.99700368)
  (1892.54000000, 120.42520645)
  (1892.62400000, 121.01322029)
  (1892.70800000, 121.42564291)
  (1892.79100000, 122.30808691)
  (1892.87400000, 124.17327347)
  (1892.95800000, 127.10558909)
  (1893.04200000, 130.82716104)
  (1893.12300000, 134.91377315)
  (1893.20400000, 138.80822216)
  (1893.28800000, 142.08488413)
  (1893.37100000, 144.57153924)
  (1893.45500000, 146.40118609)
  (1893.53800000, 147.81107166)
  (1893.62300000, 149.11563115)
  (1893.70700000, 150.54706798)
  (1893.79000000, 152.01834524)
  (1893.87400000, 153.27318455)
  (1893.95800000, 153.99987130)
  (1894.04200000, 153.87459705)
  (1894.12300000, 152.76905679)
  (1894.20400000, 150.70687122)
  (1894.28800000, 147.97180916)
  (1894.37100000, 144.98552554)
  (1894.45500000, 142.22312353)
  (1894.53800000, 139.71542230)
  (1894.62300000, 137.28513675)
  (1894.70700000, 134.74262932)
  (1894.79000000, 131.74455035)
  (1894.87400000, 127.79856200)
  (1894.95800000, 122.69559813)
  (1895.04200000, 116.61742114)
  (1895.12300000, 110.09788473)
  (1895.20400000, 103.90133148)
  (1895.28800000,  98.79050735)
  (1895.37100000,  95.25726372)
  (1895.45500000,  93.50000328)
  (1895.53800000,  93.30713682)
  (1895.62300000,  93.98108092)
  (1895.70700000,  94.59066137)
  (1895.79000000,  94.26236770)
  (1895.87400000,  92.49984181)
  (1895.95800000,  89.14963131)
  (1896.04200000,  84.59102405)
  (1896.12400000,  79.54793132)
  (1896.20600000,  74.79985321)
  (1896.29000000,  71.12942558)
  (1896.37300000,  68.89337992)
  (1896.45600000,  68.07617076)
  (1896.54000000,  68.06133972)
  (1896.62400000,  68.12394540)
  (1896.70800000,  67.39995721)
  (1896.79100000,  65.39974365)
  (1896.87400000,  62.01884543)
  (1896.95800000,  57.57183270)
  (1897.04200000,  52.70665543)
  (1897.12300000,  48.21921473)
  (1897.20400000,  44.73623301)
  (1897.28800000,  42.60172356)
  (1897.37100000,  41.80947405)
  (1897.45500000,  42.15938468)
  (1897.53800000,  43.17703282)
  (1897.62300000,  44.39747625)
  (1897.70700000,  45.54505999)
  (1897.79000000,  46.59522657)
  (1897.87400000,  47.49846421)
  (1897.95800000,  48.32793046)
  (1898.04200000,  49.22300678)
  (1898.12300000,  50.20081362)
  (1898.20400000,  51.13334296)
  (1898.28800000,  51.72801252)
  (1898.37100000,  51.58582946)
  (1898.45500000,  50.56072738)
  (1898.53800000,  48.65401869)
  (1898.62300000,  46.01971360)
  (1898.70700000,  42.97069522)
  (1898.79000000,  39.98136528)
  (1898.87400000,  37.35351381)
  (1898.95800000,  35.20085094)
  (1899.04200000,  33.34487794)
  (1899.12300000,  31.31414725)
  (1899.20400000,  28.58382356)
  (1899.28800000,  24.86542893)
  (1899.37100000,  20.08929896)
  (1899.45500000,  14.54772394)
  (1899.53800000,   8.81365876)
  (1899.62300000,   3.66244407)
  (1899.70700000,  -0.06973437)
  (1899.79000000,  -1.77185229)
  (1899.87400000,  -1.38234277)
  (1899.95800000,   0.53711451)
  (1900.04200000,   3.17697929)
  (1900.12300000,   5.67886089)
  (1900.20400000,   7.25030213)
  (1900.28800000,   7.51081906)
  (1900.37100000,   6.50544643)
  (1900.45500000,   4.73488279)
  (1900.53800000,   2.89686627)
  (1900.62300000,   1.75165057)
  (1900.70700000,   1.78442823)
  (1900.79000000,   3.13605451)
  (1900.87400000,   5.41973537)
  (1900.95800000,   7.95395690)
  (1901.04200000,   9.96371718)
  (1901.12300000,  10.98131537)
  (1901.20400000,  10.76369288)
  (1901.28800000,   9.32324518)
  (1901.37100000,   6.99253584)
  (1901.45500000,   4.49608141)
  (1901.53800000,   2.48112918)
  (1901.62300000,   1.33984394)
  (1901.70700000,   1.17319049)
  (1901.79000000,   1.78479855)
  (1901.87400000,   2.79260548)
  (1901.95800000,   3.78089955)
  (1902.04200000,   4.42647353)
  (1902.12300000,   4.68495007)
  (1902.20400000,   4.79138961)
  (1902.28800000,   5.02449661)
  (1902.37100000,   5.72034799)
  (1902.45500000,   7.15559940)
  (1902.53800000,   9.27332237)
  (1902.62300000,  11.78500474)
  (1902.70700000,  14.26525058)
  (1902.79000000,  16.35375995)
  (1902.87400000,  17.70085259)
  (1902.95800000,  18.26872086)
  (1903.04200000,  18.28862639)
  (1903.12300000,  18.32059111)
  (1903.20400000,  18.82280062)
  (1903.28800000,  20.16505262)
  (1903.37100000,  22.51169000)
  (1903.45500000,  25.71468376)
  (1903.53800000,  29.37707233)
  (1903.62300000,  32.94670613)
  (1903.70700000,  36.04616782)
  (1903.79000000,  38.44768060)
  (1903.87400000,  40.39949928)
  (1903.95800000,  42.17122606)
  (1904.04200000,  44.41525156)
  (1904.12400000,  47.69696876)
  (1904.20600000,  52.29236761)
  (1904.29000000,  58.07127308)
  (1904.37300000,  64.62938074)
  (1904.45600000,  71.31565326)
  (1904.54000000,  77.57490986)
  (1904.62400000,  82.87444582)
  (1904.70800000,  87.02291023)
  (1904.79100000,  90.22991930)
  (1904.87400000,  93.05641809)
  (1904.95800000,  96.02098368)
  (1905.04200000,  99.40555327)
  (1905.12300000, 103.32684730)
  (1905.20400000, 107.44132874)
  (1905.28800000, 111.21680486)
  (1905.37100000, 114.05316068)
  (1905.45500000, 115.50821274)
  (1905.53800000, 115.37647939)
  (1905.62300000, 113.84220503)
  (1905.70700000, 111.37661992)
  (1905.79000000, 108.73972862)
  (1905.87400000, 106.62036507)
  (1905.95800000, 105.42801252)
  (1906.04200000, 105.13742109)
  (1906.12300000, 105.42724257)
  (1906.20400000, 105.72859326)
  (1906.28800000, 105.37819307)
  (1906.37100000, 103.94186280)
  (1906.45500000, 101.32474289)
  (1906.53800000,  97.79280585)
  (1906.62300000,  93.86643504)
  (1906.70700000,  90.28475125)
  (1906.79000000,  87.72198147)
  (1906.87400000,  86.53648915)
  (1906.95800000,  86.62735093)
  (1907.04200000,  87.60458600)
  (1907.12300000,  88.89965442)
  (1907.20400000,  89.89270311)
  (1907.28800000,  90.07153719)
  (1907.37100000,  89.21596127)
  (1907.45500000,  87.53195572)
  (1907.53800000,  85.47128759)
  (1907.62300000,  83.61823449)
  (1907.70700000,  82.44677482)
  (1907.79000000,  82.32895435)
  (1907.87400000,  83.16112743)
  (1907.95800000,  84.65696007)
  (1908.04200000,  86.42074638)
  (1908.12400000,  88.01410647)
  (1908.20600000,  89.14556092)
  (1908.29000000,  89.74661337)
  (1908.37300000,  89.90746378)
  (1908.45600000,  89.89216803)
  (1908.54000000,  89.91735119)
  (1908.62400000,  90.05317035)
  (1908.70800000,  90.15550956)
  (1908.79100000,  90.04484465)
  (1908.87400000,  89.49349420)
  (1908.95800000,  88.28853964)
  (1909.04200000,  86.36013756)
  (1909.12300000,  83.95608438)
  (1909.20400000,  81.53614614)
  (1909.28800000,  79.46381464)
  (1909.37100000,  77.95377235)
  (1909.45500000,  76.94510569)
  (1909.53800000,  76.06706335)
  (1909.62300000,  74.79962046)
  (1909.70700000,  72.57386174)
  (1909.79000000,  68.81241573)
  (1909.87400000,  63.49168855)
  (1909.95800000,  56.94382349)
  (1910.04200000,  49.80997540)
  (1910.12300000,  43.02420075)
  (1910.20400000,  37.42287517)
  (1910.28800000,  33.44832269)
  (1910.37100000,  31.14182955)
  (1910.45500000,  30.32311506)
  (1910.53800000,  30.20270856)
  (1910.62300000,  29.79544619)
  (1910.70700000,  28.24894071)
  (1910.79000000,  25.04563293)
  (1910.87400000,  20.26106720)
  (1910.95800000,  14.51116008)
  (1911.04200000,   8.55522842)
  (1911.12300000,   3.39610773)
  (1911.20400000,  -0.19104127)
  (1911.28800000,  -1.83372168)
  (1911.37100000,  -1.68188138)
  (1911.45500000,  -0.23923973)
  (1911.53800000,   1.65659880)
  (1911.62300000,   3.15090464)
  (1911.70700000,   3.64991797)
  (1911.79000000,   3.07600825)
  (1911.87400000,   1.64621628)
  (1911.95800000,  -0.14605511)
  (1912.04200000,  -1.69782290)
  (1912.12400000,  -2.58255953)
  (1912.20600000,  -2.53173241)
  (1912.29000000,  -1.61087691)
  (1912.37300000,  -0.16896593)
  (1912.45600000,   1.37425687)
  (1912.54000000,   2.76138381)
  (1912.62400000,   3.76122170)
  (1912.70800000,   4.37680777)
  (1912.79100000,   4.70840394)
  (1912.87400000,   4.88315476)
  (1912.95800000,   4.88944656)
  (1913.04200000,   4.68342236)
  (1913.12300000,   4.16446058)
  (1913.20400000,   3.20905514)
  (1913.28800000,   1.72744288)
  (1913.37100000,  -0.31141724)
  (1913.45500000,  -2.69073837)
  (1913.53800000,  -4.99877042)
  (1913.62300000,  -6.64105174)
  (1913.70700000,  -7.15901461)
  (1913.79000000,  -6.36573067)
  (1913.87400000,  -4.28703606)
  (1913.95800000,  -1.33030464)
  (1914.04200000,   1.76553299)
  (1914.12300000,   4.51588143)
  (1914.20400000,   6.51849974)
  (1914.28800000,   7.70304512)
  (1914.37100000,   8.34997426)
  (1914.45500000,   9.14764857)
  (1914.53800000,  10.85684935)
  (1914.62300000,  14.18923043)
  (1914.70700000,  19.44471899)
  (1914.79000000,  26.41696377)
  (1914.87400000,  34.54343164)
  (1914.95800000,  42.88569498)
  (1915.04200000,  50.40971977)
  (1915.12300000,  56.32767275)
  (1915.20400000,  60.33443660)
  (1915.28800000,  62.66602830)
  (1915.37100000,  63.87399665)
  (1915.45500000,  64.84953687)
  (1915.53800000,  66.48365918)
  (1915.62300000,  69.31993113)
  (1915.70700000,  73.44170266)
  (1915.79000000,  78.64368498)
  (1915.87400000,  84.33923544)
  (1915.95800000,  89.85211440)
  (1916.04200000,  94.68649509)
  (1916.12400000,  98.60626206)
  (1916.20600000, 101.67800117)
  (1916.29000000, 104.41451496)
  (1916.37300000, 107.26657818)
  (1916.45600000, 110.61232341)
  (1916.54000000, 114.82627677)
  (1916.62400000, 119.87556647)
  (1916.70800000, 125.46403118)
  (1916.79100000, 131.15784253)
  (1916.87400000, 136.56020620)
  (1916.95800000, 141.35349611)
  (1917.04200000, 145.49939156)
  (1917.12300000, 149.18701468)
  (1917.20400000, 152.56641769)
  (1917.28800000, 155.89428932)
  (1917.37100000, 159.15470066)
  (1917.45500000, 162.16081114)
  (1917.53800000, 164.62853262)
  (1917.62300000, 166.03972128)
  (1917.70700000, 166.10126045)
  (1917.79000000, 164.72756981)
  (1917.87400000, 162.26065480)
  (1917.95800000, 159.20372464)
  (1918.04200000, 156.07831310)
  (1918.12300000, 153.32719379)
  (1918.20400000, 151.30028595)
  (1918.28800000, 149.97828134)
  (1918.37100000, 148.98890991)
  (1918.45500000, 147.85938846)
  (1918.53800000, 146.08683302)
  (1918.62300000, 143.27843391)
  (1918.70700000, 139.46227272)
  (1918.79000000, 134.93834956)
  (1918.87400000, 130.22848020)
  (1918.95800000, 125.94785778)
  (1919.04200000, 122.49882497)
  (1919.12300000, 119.96392076)
  (1919.20400000, 118.24999029)
  (1919.28800000, 116.88916543)
  (1919.37100000, 115.23823647)
  (1919.45500000, 112.66738250)
  (1919.53800000, 108.86345810)
  (1919.62300000, 103.91719149)
  (1919.70700000,  98.15584709)
  (1919.79000000,  92.07157910)
  (1919.87400000,  86.31741715)
  (1919.95800000,  81.40468149)
  (1920.04200000,  77.56446041)
  (1920.12400000,  74.64967506)
  (1920.20600000,  72.20383435)
  (1920.29000000,  69.68539651)
  (1920.37300000,  66.60912303)
  (1920.45600000,  62.82105148)
  (1920.54000000,  58.61782177)
  (1920.62400000,  54.57253786)
  (1920.70800000,  51.27737781)
  (1920.79100000,  49.24550324)
  (1920.87400000,  48.70052095)
  (1920.95800000,  49.45648211)
  (1921.04200000,  50.96722921)
  (1921.12300000,  52.47589503)
  (1921.20400000,  53.33008199)
  (1921.28800000,  53.09793141)
  (1921.37100000,  51.65680434)
  (1921.45500000,  49.30424407)
  (1921.53800000,  46.45872248)
  (1921.62300000,  43.68075385)
  (1921.70700000,  41.35161570)
  (1921.79000000,  39.62634510)
  (1921.87400000,  38.33789838)
  (1921.95800000,  37.15284483)
  (1922.04200000,  35.47794576)
  (1922.12300000,  32.81621815)
  (1922.20400000,  29.05217272)
  (1922.28800000,  24.33965123)
  (1922.37100000,  19.01916938)
  (1922.45500000,  13.73093300)
  (1922.53800000,   8.91057650)
  (1922.62300000,   5.03812765)
  (1922.70700000,   2.29107507)
  (1922.79000000,   0.51910881)
  (1922.87400000,  -0.53443210)
  (1922.95800000,  -1.08633349)
  (1923.04200000,  -1.44109880)
  (1923.12300000,  -1.55044928)
  (1923.20400000,  -1.23456716)
  (1923.28800000,  -0.26673708)
  (1923.37100000,   1.49208406)
  (1923.45500000,   4.08850048)
  (1923.53800000,   7.36700912)
  (1923.62300000,  10.89264841)
  (1923.70700000,  14.13262033)
  (1923.79000000,  16.55122081)
  (1923.87400000,  18.06285463)
  (1923.95800000,  18.84259307)
  (1924.04200000,  19.25320043)
  (1924.12400000,  19.78217321)
  (1924.20600000,  20.93405935)
  (1924.29000000,  23.09124414)
  (1924.37300000,  26.28246448)
  (1924.45600000,  30.09755119)
  (1924.54000000,  33.93628663)
  (1924.62400000,  37.15748952)
  (1924.70800000,  39.17975892)
  (1924.79100000,  39.83554905)
  (1924.87400000,  39.40308974)
  (1924.95800000,  38.55247704)
  (1925.04200000,  38.11990598)
  (1925.12300000,  38.97396401)
  (1925.20400000,  41.83640274)
  (1925.28800000,  46.84304906)
  (1925.37100000,  53.64504833)
  (1925.45500000,  61.30991384)
  (1925.53800000,  68.88538129)
  (1925.62300000,  75.63045426)
  (1925.70700000,  80.93487659)
  (1925.79000000,  84.69470837)
  (1925.87400000,  87.20005668)
  (1925.95800000,  89.18018709)
  (1926.04200000,  91.41935527)
  (1926.12300000,  94.31535101)
  (1926.20400000,  98.18093495)
  (1926.28800000, 102.84232450)
  (1926.37100000, 107.81472066)
  (1926.45500000, 112.40921867)
  (1926.53800000, 116.12683327)
  (1926.62300000, 118.74079308)
  (1926.70700000, 120.20474443)
  (1926.79000000, 120.80405974)
  (1926.87400000, 120.87225500)
  (1926.95800000, 120.84751654)
  (1927.04200000, 120.99949825)
  (1927.12300000, 121.38052731)
  (1927.20400000, 121.96807457)
  (1927.28800000, 122.70135835)
  (1927.37100000, 123.45099458)
  (1927.45500000, 124.19173552)
  (1927.53800000, 125.10521182)
  (1927.62300000, 126.34147784)
  (1927.70700000, 128.07506331)
  (1927.79000000, 130.26492643)
  (1927.87400000, 132.73532943)
  (1927.95800000, 135.03837341)
  (1928.04200000, 136.63658988)
  (1928.12400000, 137.09467916)
  (1928.20600000, 136.13574254)
  (1928.29000000, 133.91432112)
  (1928.37300000, 130.71182704)
  (1928.45600000, 127.21136037)
  (1928.54000000, 124.15557497)
  (1928.62400000, 122.13259303)
  (1928.70800000, 121.34070156)
  (1928.79100000, 121.46924960)
  (1928.87400000, 121.93296703)
  (1928.95800000, 121.99304285)
  (1929.04200000, 120.98726547)
  (1929.12300000, 118.34305484)
  (1929.20400000, 113.94645968)
  (1929.28800000, 108.24158145)
  (1929.37100000, 102.08934546)
  (1929.45500000,  96.45960357)
  (1929.53800000,  92.17752163)
  (1929.62300000,  89.64624742)
  (1929.70700000,  88.80766925)
  (1929.79000000,  89.08289633)
  (1929.87400000,  89.71168820)
  (1929.95800000,  89.87247437)
  (1930.04200000,  88.84923073)
  (1930.12300000,  86.29666436)
  (1930.20400000,  82.30571072)
  (1930.28800000,  77.40053984)
  (1930.37100000,  72.37759526)
  (1930.45500000,  67.74716358)
  (1930.53800000,  63.85792891)
  (1930.62300000,  60.79666147)
  (1930.70700000,  58.43742123)
  (1930.79000000,  56.28257579)
  (1930.87400000,  53.91596978)
  (1930.95800000,  51.01416658)
  (1931.04200000,  47.45127412)
  (1931.12300000,  43.41509993)
  (1931.20400000,  39.32209564)
  (1931.28800000,  35.53249140)
  (1931.37100000,  32.28539200)
  (1931.45500000,  29.64122695)
  (1931.53800000,  27.48583325)
  (1931.62300000,  25.65741787)
  (1931.70700000,  23.95053371)
  (1931.79000000,  22.07252889)
  (1931.87400000,  20.02587192)
  (1931.95800000,  18.10380525)
  (1932.04200000,  16.59219569)
  (1932.12400000,  15.72218964)
  (1932.20600000,  15.70823128)
  (1932.29000000,  16.38253305)
  (1932.37300000,  17.28443489)
  (1932.45600000,  18.00180098)
  (1932.54000000,  17.98189144)
  (1932.62400000,  16.91799227)
  (1932.70800000,  14.77179209)
  (1932.79100000,  11.98785166)
  (1932.87400000,   9.16592696)
  (1932.95800000,   6.88523050)
  (1933.04200000,   5.58292917)
  (1933.12300000,   5.48568297)
  (1933.20400000,   6.25871345)
  (1933.28800000,   7.38357960)
  (1933.37100000,   8.29805383)
  (1933.45500000,   8.39539373)
  (1933.53800000,   7.35621260)
  (1933.62300000,   5.30048446)
  (1933.70700000,   2.68383935)
  (1933.79000000,   0.18245929)
  (1933.87400000,  -1.42547636)
  (1933.95800000,  -1.79504580)
  (1934.04200000,  -0.80892625)
  (1934.12300000,   1.34372672)
  (1934.20400000,   4.11383582)
  (1934.28800000,   6.88925456)
  (1934.37100000,   9.19686129)
  (1934.45500000,  10.66054401)
  (1934.53800000,  11.44701796)
  (1934.62300000,  12.11703201)
  (1934.70700000,  13.24372723)
  (1934.79000000,  15.28163972)
  (1934.87400000,  18.48345947)
  (1934.95800000,  22.94325952)
  (1935.04200000,  28.38043919)
  (1935.12300000,  34.24833651)
  (1935.20400000,  39.96019534)
  (1935.28800000,  45.19826500)
  (1935.37100000,  49.98587906)
  (1935.45500000,  54.59838507)
  (1935.53800000,  59.52234089)
  (1935.62300000,  65.25785027)
  (1935.70700000,  72.10312434)
  (1935.79000000,  80.09722377)
  (1935.87400000,  88.94598150)
  (1935.95800000,  98.12218346)
  (1936.04200000, 107.05023854)
  (1936.12400000, 115.10920040)
  (1936.20600000, 122.05079074)
  (1936.29000000, 127.95405756)
  (1936.37300000, 133.20356976)
  (1936.45600000, 138.18946058)
  (1936.54000000, 143.34125960)
  (1936.62400000, 148.92337663)
  (1936.70800000, 155.00763744)
  (1936.79100000, 161.45998249)
  (1936.87400000, 167.78149167)
  (1936.95800000, 173.50575584)
  (1937.04200000, 178.23474430)
  (1937.12300000, 181.86509776)
  (1937.20400000, 184.52876037)
  (1937.28800000, 186.59528761)
  (1937.37100000, 188.52553096)
  (1937.45500000, 190.59148484)
  (1937.53800000, 192.89392622)
  (1937.62300000, 195.27311834)
  (1937.70700000, 197.46853091)
  (1937.79000000, 198.99738231)
  (1937.87400000, 199.56212341)
  (1937.95800000, 199.10539460)
  (1938.04200000, 197.84005980)
  (1938.12300000, 196.13769483)
  (1938.20400000, 194.43207198)
  (1938.28800000, 193.02135264)
  (1938.37100000, 191.99737861)
  (1938.45500000, 190.99257251)
  (1938.53800000, 189.53245904)
  (1938.62300000, 187.06279045)
  (1938.70700000, 183.26747096)
  (1938.79000000, 178.07719804)
  (1938.87400000, 171.84288172)
  (1938.95800000, 165.27092512)
  (1939.04200000, 159.17050711)
  (1939.12300000, 154.28169629)
  (1939.20400000, 150.98081364)
  (1939.28800000, 149.26490441)
  (1939.37100000, 148.53065845)
  (1939.45500000, 147.99923906)
  (1939.53800000, 146.96982270)
  (1939.62300000, 144.94166646)
  (1939.70700000, 141.83695226)
  (1939.79000000, 137.85443326)
  (1939.87400000, 133.56324902)
  (1939.95800000, 129.72469146)
  (1940.04200000, 127.11272689)
  (1940.12400000, 126.03372629)
  (1940.20600000, 126.38222788)
  (1940.29000000, 127.65169455)
  (1940.37300000, 129.03742205)
  (1940.45600000, 129.70387895)
  (1940.54000000, 128.93027571)
  (1940.62400000, 126.37872359)
  (1940.70800000, 122.13300706)
  (1940.79100000, 116.61372949)
  (1940.87400000, 110.51163827)
  (1940.95800000, 104.59762216)
  (1941.04200000,  99.38607686)
  (1941.12300000,  95.03849972)
  (1941.20400000,  91.35554993)
  (1941.28800000,  88.07208332)
  (1941.37100000,  84.90560485)
  (1941.45500000,  81.57455114)
  (1941.53800000,  77.83672233)
  (1941.62300000,  73.78316307)
  (1941.70700000,  69.81623144)
  (1941.79000000,  66.15080327)
  (1941.87400000,  62.95708137)
  (1941.95800000,  60.27899025)
  (1942.04200000,  57.94275111)
  (1942.12300000,  55.81434065)
  (1942.20400000,  53.84205237)
  (1942.28800000,  51.85288712)
  (1942.37100000,  49.96095124)
  (1942.45500000,  48.39176607)
  (1942.53800000,  47.35884860)
  (1942.62300000,  46.99101838)
  (1942.70700000,  47.19261074)
  (1942.79000000,  47.50310866)
  (1942.87400000,  47.37248003)
  (1942.95800000,  46.28368951)
  (1943.04200000,  43.70362062)
  (1943.12300000,  39.52376267)
  (1943.20400000,  34.03068751)
  (1943.28800000,  27.84963314)
  (1943.37100000,  21.77384378)
  (1943.45500000,  16.71568831)
  (1943.53800000,  13.31863623)
  (1943.62300000,  11.79550175)
  (1943.70700000,  11.73043733)
  (1943.79000000,  12.53292661)
  (1943.87400000,  13.35649769)
  (1943.95800000,  13.33102335)
  (1944.04200000,  12.13188675)
  (1944.12400000,   9.83942130)
  (1944.20600000,   6.91358264)
  (1944.29000000,   4.24788346)
  (1944.37300000,   2.82565013)
  (1944.45600000,   3.20709869)
  (1944.54000000,   5.54128004)
  (1944.62400000,   9.60105924)
  (1944.70800000,  14.76708505)
  (1944.79100000,  20.25204181)
  (1944.87400000,  25.25924307)
  (1944.95800000,  29.24805749)
  (1945.04200000,  32.14347582)
  (1945.12300000,  34.31697619)
  (1945.20400000,  36.33861432)
  (1945.28800000,  38.81036343)
  (1945.37100000,  42.31919670)
  (1945.45500000,  47.03978671)
  (1945.53800000,  52.93503353)
  (1945.62300000,  59.77017364)
  (1945.70700000,  67.28151042)
  (1945.79000000,  75.00209947)
  (1945.87400000,  82.76697135)
  (1945.95800000,  90.67059228)
  (1946.04200000,  98.92969238)
  (1946.12300000, 107.80261458)
  (1946.20400000, 117.42372030)
  (1946.28800000, 127.69883526)
  (1946.37100000, 138.46276582)
  (1946.45500000, 149.31339705)
  (1946.53800000, 159.84697963)
  (1946.62300000, 169.68297703)
  (1946.70700000, 178.65696859)
  (1946.79000000, 186.78715523)
  (1946.87400000, 194.31621528)
  (1946.95800000, 201.56915836)
  (1947.04200000, 208.76146869)
  (1947.12300000, 215.70231131)
  (1947.20400000, 222.03243043)
  (1947.28800000, 227.27074083)
  (1947.37100000, 230.95655314)
  (1947.45500000, 232.71704677)
  (1947.53800000, 232.46335737)
  (1947.62300000, 230.47270682)
  (1947.70700000, 227.31888717)
  (1947.79000000, 223.88970798)
  (1947.87400000, 220.81193113)
  (1947.95800000, 218.59666326)
  (1948.04200000, 217.34580402)
  (1948.12400000, 216.81370016)
  (1948.20600000, 216.48506843)
  (1948.29000000, 215.75109587)
  (1948.37300000, 214.20465903)
  (1948.45600000, 211.69460086)
  (1948.54000000, 208.47538475)
  (1948.62400000, 204.98306717)
  (1948.70800000, 201.87209292)
  (1948.79100000, 199.70854286)
  (1948.87400000, 198.67672232)
  (1948.95800000, 198.62066686)
  (1949.04200000, 199.13139483)
  (1949.12300000, 199.51928432)
  (1949.20400000, 199.06973143)
  (1949.28800000, 197.35769090)
  (1949.37100000, 194.23258146)
  (1949.45500000, 189.97399225)
  (1949.53800000, 185.00807957)
  (1949.62300000, 179.91058018)
  (1949.70700000, 175.27435046)
  (1949.79000000, 171.27504580)
  (1949.87400000, 167.76527257)
  (1949.95800000, 164.23223777)
  (1950.04200000, 160.30380317)
  (1950.12300000, 155.49493488)
  (1950.20400000, 149.63566659)
  (1950.28800000, 143.00015799)
  (1950.37100000, 136.12772466)
  (1950.45500000, 129.72334732)
  (1950.53800000, 124.24280574)
  (1950.62300000, 120.03555258)
  (1950.70700000, 117.22192153)
  (1950.79000000, 115.34924519)
  (1950.87400000, 113.81599272)
  (1950.95800000, 111.87925214)
  (1951.04200000, 109.11537566)
  (1951.12300000, 105.45721545)
  (1951.20400000, 101.09395520)
  (1951.28800000,  96.43191997)
  (1951.37100000,  91.96155131)
  (1951.45500000,  88.10963094)
  (1951.53800000,  84.97444295)
  (1951.62300000,  82.39282824)
  (1951.70700000,  80.05185756)
  (1951.79000000,  77.49427425)
  (1951.87400000,  74.32229409)
  (1951.95800000,  70.39895688)
  (1952.04200000,  65.89054250)
  (1952.12400000,  61.12232394)
  (1952.20600000,  56.42720626)
  (1952.29000000,  52.09876258)
  (1952.37300000,  48.49089820)
  (1952.45600000,  45.59918083)
  (1952.54000000,  43.22568211)
  (1952.62400000,  40.96651780)
  (1952.70800000,  38.48990799)
  (1952.79100000,  35.72577752)
  (1952.87400000,  32.74894467)
  (1952.95800000,  29.79947423)
  (1953.04200000,  27.20543696)
  (1953.12300000,  25.42356043)
  (1953.20400000,  24.48810954)
  (1953.28800000,  24.21656655)
  (1953.37100000,  24.20138786)
  (1953.45500000,  23.81727156)
  (1953.53800000,  22.47036453)
  (1953.62300000,  19.97403518)
  (1953.70700000,  16.28583714)
  (1953.79000000,  11.87288113)
  (1953.87400000,   7.39069876)
  (1953.95800000,   3.55270956)
  (1954.04200000,   1.01380332)
  (1954.12300000,   0.05916800)
  (1954.20400000,   0.41801942)
  (1954.28800000,   1.53565008)
  (1954.37100000,   2.69070327)
  (1954.45500000,   3.29077793)
  (1954.53800000,   2.98098321)
  (1954.62300000,   1.88539784)
  (1954.70700000,   0.48713406)
  (1954.79000000,  -0.38127313)
  (1954.87400000,   0.18810627)
  (1954.95800000,   2.90291753)
  (1955.04200000,   8.15504361)
  (1955.12300000,  15.81636481)
  (1955.20400000,  25.34000040)
  (1955.28800000,  35.88281740)
  (1955.37100000,  46.58824270)
  (1955.45500000,  56.84932666)
  (1955.53800000,  66.33303636)
  (1955.62300000,  75.13355016)
  (1955.70700000,  83.74924668)
  (1955.79000000,  92.80409569)
  (1955.87400000, 102.72858531)
  (1955.95800000, 113.72750449)
  (1956.04200000, 125.66487149)
  (1956.12400000, 138.15285956)
  (1956.20600000, 150.72991691)
  (1956.29000000, 162.99707665)
  (1956.37300000, 174.79133457)
  (1956.45600000, 186.07970893)
  (1956.54000000, 196.86631867)
  (1956.62400000, 207.26978367)
  (1956.70800000, 217.38259045)
  (1956.79100000, 227.14146529)
  (1956.87400000, 236.33671244)
  (1956.95800000, 244.64120564)
  (1957.04200000, 251.95739579)
  (1957.12300000, 258.28560548)
  (1957.20400000, 263.76063043)
  (1957.28800000, 268.73299258)
  (1957.37100000, 273.64645972)
  (1957.45500000, 278.79099984)
  (1957.53800000, 284.36206489)
  (1957.62300000, 290.14049308)
  (1957.70700000, 295.58972512)
  (1957.79000000, 300.06233896)
  (1957.87400000, 302.89781126)
  (1957.95800000, 303.56482072)
  (1958.04200000, 302.05729945)
  (1958.12300000, 298.79530501)
  (1958.20400000, 294.50498853)
  (1958.28800000, 290.00102825)
  (1958.37100000, 286.16761599)
  (1958.45500000, 283.51438736)
  (1958.53800000, 282.18591540)
  (1958.62300000, 281.66483402)
  (1958.70700000, 281.16057539)
  (1958.79000000, 279.76205115)
  (1958.87400000, 276.63209191)
  (1958.95800000, 271.53271734)
  (1959.04200000, 264.58228514)
  (1959.12300000, 256.41819851)
  (1959.20400000, 247.98637420)
  (1959.28800000, 240.16694988)
  (1959.37100000, 233.60887594)
  (1959.45500000, 228.56935214)
  (1959.53800000, 224.78806081)
  (1959.62300000, 221.54504278)
  (1959.70700000, 218.17645874)
  (1959.79000000, 214.06202776)
  (1959.87400000, 208.65785853)
  (1959.95800000, 201.96634393)
  (1960.04200000, 194.27496072)
  (1960.12400000, 186.03708937)
  (1960.20600000, 177.81505733)
  (1960.29000000, 170.03109765)
  (1960.37300000, 162.81491935)
  (1960.45600000, 156.17854690)
  (1960.54000000, 149.92530135)
  (1960.62400000, 143.76594775)
  (1960.70800000, 137.53324246)
  (1960.79100000, 131.29970179)
  (1960.87400000, 125.17280681)
  (1960.95800000, 119.32059663)
  (1961.04200000, 113.93362527)
  (1961.12300000, 109.06588935)
  (1961.20400000, 104.53079873)
  (1961.28800000,  99.93409253)
  (1961.37100000,  94.99223132)
  (1961.45500000,  89.50484135)
  (1961.53800000,  83.46649672)
  (1961.62300000,  77.22455565)
  (1961.70700000,  71.24042689)
  (1961.79000000,  66.14647101)
  (1961.87400000,  62.40030696)
  (1961.95800000,  60.14400408)
  (1962.04200000,  59.04463679)
  (1962.12300000,  58.70297023)
  (1962.20400000,  58.36403217)
  (1962.28800000,  57.27998357)
  (1962.37100000,  55.05259828)
  (1962.45500000,  51.64059603)
  (1962.53800000,  47.38502236)
  (1962.62300000,  43.02115537)
  (1962.70700000,  39.37756572)
  (1962.79000000,  37.17914572)
  (1962.87400000,  36.65280143)
  (1962.95800000,  37.58604724)
  (1963.04200000,  39.37984857)
  (1963.12300000,  41.23797867)
  (1963.20400000,  42.46364960)
  (1963.28800000,  42.49675972)
  (1963.37100000,  41.12254762)
  (1963.45500000,  38.53114805)
  (1963.53800000,  35.30605627)
  (1963.62300000,  32.02453335)
  (1963.70700000,  29.31600852)
  (1963.79000000,  27.52922284)
  (1963.87400000,  26.54944956)
  (1963.95800000,  25.93006183)
  (1964.04200000,  25.14381860)
  (1964.12400000,  23.64497629)
  (1964.20600000,  21.16227770)
  (1964.29000000,  17.73639135)
  (1964.37300000,  13.65603417)
  (1964.45600000,   9.57498736)
  (1964.54000000,   6.16706570)
  (1964.62400000,   3.88999459)
  (1964.70800000,   2.83435749)
  (1964.79100000,   2.83604650)
  (1964.87400000,   3.51325745)
  (1964.95800000,   4.45093485)
  (1965.04200000,   5.31603061)
  (1965.12300000,   6.16300721)
  (1965.20400000,   7.09901605)
  (1965.28800000,   8.48647244)
  (1965.37100000,  10.80426133)
  (1965.45500000,  14.33905142)
  (1965.53800000,  19.12221102)
  (1965.62300000,  24.88745479)
  (1965.70700000,  30.95314375)
  (1965.79000000,  36.82761065)
  (1965.87400000,  42.18006798)
  (1965.95800000,  46.77967119)
  (1966.04200000,  50.64332199)
  (1966.12300000,  54.13266634)
  (1966.20400000,  57.64557315)
  (1966.28800000,  61.52997443)
  (1966.37100000,  66.16126828)
  (1966.45500000,  71.44202640)
  (1966.53800000,  77.02206031)
  (1966.62300000,  82.50193353)
  (1966.70700000,  87.47755347)
  (1966.79000000,  91.70346569)
  (1966.87400000,  95.20896314)
  (1966.95800000,  98.19972856)
  (1967.04200000, 101.14620874)
  (1967.12300000, 104.62818886)
  (1967.20400000, 109.00673770)
  (1967.28800000, 114.27088449)
  (1967.37100000, 120.09972234)
  (1967.45500000, 126.07549939)
  (1967.53800000, 131.66079333)
  (1967.62300000, 136.40868843)
  (1967.70700000, 140.11582328)
  (1967.79000000, 142.96519995)
  (1967.87400000, 145.32907266)
  (1967.95800000, 147.71262841)
  (1968.04200000, 150.51065722)
  (1968.12400000, 153.76829637)
  (1968.20600000, 157.25135153)
  (1968.29000000, 160.50938108)
  (1968.37300000, 162.81137123)
  (1968.45600000, 163.67296067)
  (1968.54000000, 162.85492565)
  (1968.62400000, 160.54223884)
  (1968.70800000, 157.27763139)
  (1968.79100000, 153.92712884)
  (1968.87400000, 151.34070117)
  (1968.95800000, 150.07311448)
  (1969.04200000, 150.24664723)
  (1969.12300000, 151.61944753)
  (1969.20400000, 153.67498465)
  (1969.28800000, 155.63886316)
  (1969.37100000, 156.79321181)
  (1969.45500000, 156.69791265)
  (1969.53800000, 155.41203345)
  (1969.62300000, 153.35482857)
  (1969.70700000, 151.13698036)
  (1969.79000000, 149.40985949)
  (1969.87400000, 148.68979365)
  (1969.95800000, 149.10443913)
  (1970.04200000, 150.41121904)
  (1970.12300000, 152.18217186)
  (1970.20400000, 153.70307275)
  (1970.28800000, 154.30973659)
  (1970.37100000, 153.56025025)
  (1970.45500000, 151.42674515)
  (1970.53800000, 148.11746192)
  (1970.62300000, 144.05606711)
  (1970.70700000, 139.61806013)
  (1970.79000000, 135.14263983)
  (1970.87400000, 130.82007011)
  (1970.95800000, 126.70743662)
  (1971.04200000, 122.66429512)
  (1971.12300000, 118.65663668)
  (1971.20400000, 114.64396701)
  (1971.28800000, 110.67952281)
  (1971.37100000, 107.04940588)
  (1971.45500000, 104.11200081)
  (1971.53800000, 102.11121377)
  (1971.62300000, 100.89360744)
  (1971.70700000, 100.21809707)
  (1971.79000000,  99.65434444)
  (1971.87400000,  98.77590785)
  (1971.95800000,  97.21942440)
  (1972.04200000,  94.88314960)
  (1972.12400000,  91.96008019)
  (1972.20600000,  89.16828910)
  (1972.29000000,  87.03414408)
  (1972.37300000,  86.06616052)
  (1972.45600000,  86.35772915)
  (1972.54000000,  87.68725155)
  (1972.62400000,  89.36692612)
  (1972.70800000,  90.46721927)
  (1972.79100000,  90.10356869)
  (1972.87400000,  87.73928860)
  (1972.95800000,  83.37452265)
  (1973.04200000,  77.38932595)
  (1973.12300000,  70.70401632)
  (1973.20400000,  64.40414898)
  (1973.28800000,  59.50002435)
  (1973.37100000,  56.48864293)
  (1973.45500000,  55.43253922)
  (1973.53800000,  55.88468289)
  (1973.62300000,  57.03230099)
  (1973.70700000,  57.85395097)
  (1973.79000000,  57.60325054)
  (1973.87400000,  55.96162468)
  (1973.95800000,  52.99249682)
  (1974.04200000,  49.21517027)
  (1974.12300000,  45.43532703)
  (1974.20400000,  42.38824754)
  (1974.28800000,  40.58622842)
  (1974.37100000,  40.16767563)
  (1974.45500000,  40.88193733)
  (1974.53800000,  42.14045925)
  (1974.62300000,  43.23022725)
  (1974.70700000,  43.49898860)
  (1974.79000000,  42.71381929)
  (1974.87400000,  40.90096947)
  (1974.95800000,  38.19408275)
  (1975.04200000,  34.80396964)
  (1975.12300000,  31.15900864)
  (1975.20400000,  27.56808595)
  (1975.28800000,  24.15947799)
  (1975.37100000,  20.85386898)
  (1975.45500000,  17.59507483)
  (1975.53800000,  14.33965892)
  (1975.62300000,  11.24886956)
  (1975.70700000,   8.57320250)
  (1975.79000000,   6.58083820)
  (1975.87400000,   5.49500913)
  (1975.95800000,   5.42027797)
  (1976.04200000,   6.16203048)
  (1976.12400000,   7.37982832)
  (1976.20600000,   8.70938828)
  (1976.29000000,   9.65168423)
  (1976.37300000,   9.85865038)
  (1976.45600000,   9.38898215)
  (1976.54000000,   8.71503910)
  (1976.62400000,   8.52882097)
  (1976.70800000,   9.47500203)
  (1976.79100000,  11.99055196)
  (1976.87400000,  16.06641093)
  (1976.95800000,  21.40632316)
  (1977.04200000,  27.34870683)
  (1977.12300000,  33.02100109)
  (1977.20400000,  37.64628934)
  (1977.28800000,  40.86323614)
  (1977.37100000,  42.70845937)
  (1977.45500000,  43.80175937)
  (1977.53800000,  45.03976786)
  (1977.62300000,  47.31970312)
  (1977.70700000,  51.27546669)
  (1977.79000000,  57.33080806)
  (1977.87400000,  65.29289361)
  (1977.95800000,  74.52307122)
  (1978.04200000,  84.21247167)
  (1978.12300000,  93.62253331)
  (1978.20400000, 102.31885926)
  (1978.28800000, 110.26542140)
  (1978.37100000, 117.61547308)
  (1978.45500000, 124.84643090)
  (1978.53800000, 132.57362912)
  (1978.62300000, 141.27223884)
  (1978.70700000, 150.99483524)
  (1978.79000000, 161.53012161)
  (1978.87400000, 172.38729638)
  (1978.95800000, 182.90247888)
  (1979.04200000, 192.42310444)
  (1979.12300000, 200.57487341)
  (1979.20400000, 207.31857762)
  (1979.28800000, 212.85930162)
  (1979.37100000, 217.57522426)
  (1979.45500000, 221.95296702)
  (1979.53800000, 226.14690849)
  (1979.62300000, 230.18936634)
  (1979.70700000, 233.70189178)
  (1979.79000000, 236.32386943)
  (1979.87400000, 237.71853979)
  (1979.95800000, 237.89131716)
  (1980.04200000, 237.01243823)
  (1980.12400000, 235.46580937)
  (1980.20600000, 233.79257324)
  (1980.29000000, 232.39254929)
  (1980.37300000, 231.55778926)
  (1980.45600000, 231.26739936)
  (1980.54000000, 231.21212864)
  (1980.62400000, 230.84420511)
  (1980.70800000, 229.69117932)
  (1980.79100000, 227.58969242)
  (1980.87400000, 224.52777700)
  (1980.95800000, 220.77565504)
  (1981.04200000, 216.83066244)
  (1981.12300000, 213.23904111)
  (1981.20400000, 210.41590906)
  (1981.28800000, 208.58931175)
  (1981.37100000, 207.42581049)
  (1981.45500000, 206.35841535)
  (1981.53800000, 204.96904496)
  (1981.62300000, 202.90556982)
  (1981.70700000, 199.80234822)
  (1981.79000000, 195.73570034)
  (1981.87400000, 191.07297123)
  (1981.95800000, 186.37219268)
  (1982.04200000, 182.11508739)
  (1982.12300000, 178.60214021)
  (1982.20400000, 175.80282324)
  (1982.28800000, 173.42937441)
  (1982.37100000, 170.99446209)
  (1982.45500000, 167.91683112)
  (1982.53800000, 163.85126476)
  (1982.62300000, 158.77309172)
  (1982.70700000, 152.94504658)
  (1982.79000000, 146.91106301)
  (1982.87400000, 141.27574238)
  (1982.95800000, 136.48903871)
  (1983.04200000, 132.59184291)
  (1983.12300000, 129.33721624)
  (1983.20400000, 126.21289707)
  (1983.28800000, 122.50048422)
  (1983.37100000, 117.72133163)
  (1983.45500000, 111.72195408)
  (1983.53800000, 104.70344065)
  (1983.62300000,  97.23658094)
  (1983.70700000,  90.03168584)
  (1983.79000000,  83.69704241)
  (1983.87400000,  78.67342871)
  (1983.95800000,  75.10831499)
  (1984.04200000,  72.53760549)
  (1984.12400000,  70.24461783)
  (1984.20600000,  67.68964502)
  (1984.29000000,  64.38119401)
  (1984.37300000,  60.07054989)
  (1984.45600000,  54.98224583)
  (1984.54000000,  49.56692621)
  (1984.62400000,  44.42573626)
  (1984.70800000,  40.14435145)
  (1984.79100000,  36.93855734)
  (1984.87400000,  34.82901993)
  (1984.95800000,  33.50146035)
  (1985.04200000,  32.49430609)
  (1985.12300000,  31.28781301)
  (1985.20400000,  29.40918474)
  (1985.28800000,  26.82177572)
  (1985.37100000,  23.60066752)
  (1985.45500000,  20.07657047)
  (1985.53800000,  16.67260918)
  (1985.62300000,  13.80948839)
  (1985.70700000,  11.56737012)
  (1985.79000000,   9.87298123)
  (1985.87400000,   8.60997446)
  (1985.95800000,   7.41488717)
  (1986.04200000,   6.11669298)
  (1986.12300000,   4.63608975)
  (1986.20400000,   3.17585814)
  (1986.28800000,   2.08351704)
  (1986.37100000,   1.76217378)
  (1986.45500000,   2.34017060)
  (1986.53800000,   3.73971744)
  (1986.62300000,   5.72972765)
  (1986.70700000,   7.87660022)
  (1986.79000000,   9.68164245)
  (1986.87400000,  11.01456551)
  (1986.95800000,  11.86627079)
  (1987.04200000,  12.52503336)
  (1987.12300000,  13.55558932)
  (1987.20400000,  15.67943113)
  (1987.28800000,  19.39899296)
  (1987.37100000,  24.83166300)
  (1987.45500000,  31.72002872)
  (1987.53800000,  39.42460963)
  (1987.62300000,  47.27113518)
  (1987.70700000,  54.53210871)
  (1987.79000000,  60.65971972)
  (1987.87400000,  65.63896855)
  (1987.95800000,  69.98532447)
  (1988.04200000,  74.40026177)
  (1988.12400000,  79.79252620)
  (1988.20600000,  86.84479928)
  (1988.29000000,  95.85637353)
  (1988.37300000, 106.55619547)
  (1988.45600000, 118.30749708)
  (1988.54000000, 130.17846649)
  (1988.62400000, 141.28564468)
  (1988.70800000, 150.95554135)
  (1988.79100000, 158.90037726)
  (1988.87400000, 165.28962459)
  (1988.95800000, 170.62999612)
  (1989.04200000, 175.63317034)
  (1989.12300000, 180.73876898)
  (1989.20400000, 186.19801666)
  (1989.28800000, 192.06728520)
  (1989.37100000, 197.96232032)
  (1989.45500000, 203.46372954)
  (1989.53800000, 208.19114158)
  (1989.62300000, 211.90066459)
  (1989.70700000, 214.40275105)
  (1989.79000000, 215.95753411)
  (1989.87400000, 216.89469712)
  (1989.95800000, 217.53428041)
  (1990.04200000, 218.17012546)
  (1990.12300000, 218.83394738)
  (1990.20400000, 219.50475049)
  (1990.28800000, 220.05768173)
  (1990.37100000, 220.37639698)
  (1990.45500000, 220.28835926)
  (1990.53800000, 219.90640860)
  (1990.62300000, 219.56251782)
  (1990.70700000, 219.45738688)
  (1990.79000000, 219.78903546)
  (1990.87400000, 220.57288531)
  (1990.95800000, 221.50336675)
  (1991.04200000, 222.14512833)
  (1991.12300000, 221.88394573)
  (1991.20400000, 220.25376617)
  (1991.28800000, 216.93063126)
  (1991.37100000, 212.19600729)
  (1991.45500000, 206.47848676)
  (1991.53800000, 200.44248849)
  (1991.62300000, 194.74791983)
  (1991.70700000, 189.83290795)
  (1991.79000000, 185.75986830)
  (1991.87400000, 182.07854297)
  (1991.95800000, 178.27322044)
  (1992.04200000, 173.60152726)
  (1992.12400000, 167.54758707)
  (1992.20600000, 160.02899289)
  (1992.29000000, 151.34379447)
  (1992.37300000, 142.11789949)
  (1992.45600000, 133.20119076)
  (1992.54000000, 125.32133586)
  (1992.62400000, 119.04427661)
  (1992.70800000, 114.51696731)
  (1992.79100000, 111.39096266)
  (1992.87400000, 109.01454513)
  (1992.95800000, 106.80066367)
  (1993.04200000, 104.09367262)
  (1993.12300000, 100.45190438)
  (1993.20400000,  95.90426894)
  (1993.28800000,  90.77822211)
  (1993.37100000,  85.48943017)
  (1993.45500000,  80.51873491)
  (1993.53800000,  76.26498102)
  (1993.62300000,  72.81734725)
  (1993.70700000,  69.99368602)
  (1993.79000000,  67.35107985)
  (1993.87400000,  64.47137880)
  (1993.95800000,  61.05077940)
  (1994.04200000,  57.03274218)
  (1994.12300000,  52.56951455)
  (1994.20400000,  48.01746685)
  (1994.28800000,  43.86628000)
  (1994.37100000,  40.41195731)
  (1994.45500000,  37.66937918)
  (1994.53800000,  35.48697414)
  (1994.62300000,  33.59793244)
  (1994.70700000,  31.63367841)
  (1994.79000000,  29.28954757)
  (1994.87400000,  26.62092808)
  (1994.95800000,  23.93512871)
  (1995.04200000,  21.65648809)
  (1995.12300000,  20.34353668)
  (1995.20400000,  20.14968200)
  (1995.28800000,  21.06379882)
  (1995.37100000,  22.74892558)
  (1995.45500000,  24.51227078)
  (1995.53800000,  25.61099256)
  (1995.62300000,  25.67586292)
  (1995.70700000,  24.45615763)
  (1995.79000000,  21.99811460)
  (1995.87400000,  18.79710648)
  (1995.95800000,  15.51049230)
  (1996.04200000,  12.75005498)
  (1996.12400000,  10.85427667)
  (1996.20600000,   9.77636369)
  (1996.29000000,   9.23155926)
  (1996.37300000,   8.85111618)
  (1996.45600000,   8.20605842)
  (1996.54000000,   6.91828546)
  (1996.62400000,   5.07997086)
  (1996.70800000,   2.93523258)
  (1996.79100000,   1.01981903)
  (1996.87400000,  -0.09605565)
  (1996.95800000,   0.12895925)
  (1997.04200000,   2.04303755)
  (1997.12300000,   5.36421188)
  (1997.20400000,   9.77505072)
  (1997.28800000,  14.82895721)
  (1997.37100000,  19.97186365)
  (1997.45500000,  24.83363506)
  (1997.53800000,  29.39991381)
  (1997.62300000,  33.80225226)
  (1997.70700000,  38.44638612)
  (1997.79000000,  43.75804181)
  (1997.87400000,  49.91104300)
  (1997.95800000,  56.91047981)
  (1998.04200000,  64.45601724)
  (1998.12300000,  71.75357093)
  (1998.20400000,  78.16876147)
  (1998.28800000,  83.37892413)
  (1998.37100000,  87.30476769)
  (1998.45500000,  90.10834542)
  (1998.53800000,  92.47493107)
  (1998.62300000,  95.01176602)
  (1998.70700000,  98.30546410)
  (1998.79000000, 102.63721459)
  (1998.87400000, 107.89404455)
  (1998.95800000, 113.62487885)
  (1999.04200000, 119.26783803)
  (1999.12300000, 124.21400511)
  (1999.20400000, 128.10949512)
  (1999.28800000, 130.91783619)
  (1999.37100000, 133.05880324)
  (1999.45500000, 135.04002236)
  (1999.53800000, 137.36348161)
  (1999.62300000, 140.62416279)
  (1999.70700000, 144.92497372)
  (1999.79000000, 150.00406624)
  (1999.87400000, 155.33629876)
  (1999.95800000, 160.45695769)
  (2000.04200000, 164.77806946)
  (2000.12400000, 167.99892483)
  (2000.20600000, 170.14977367)
  (2000.29000000, 171.44785569)
  (2000.37300000, 172.32320398)
  (2000.45600000, 173.17101250)
  (2000.54000000, 174.10457685)
  (2000.62400000, 175.18470782)
  (2000.70800000, 176.37618839)
  (2000.79100000, 177.45280684)
  (2000.87400000, 178.09045795)
  (2000.95800000, 178.21437399)
  (2001.04200000, 178.03471481)
  (2001.12300000, 177.77372969)
  (2001.20400000, 177.85649384)
  (2001.28800000, 178.57543585)
  (2001.37100000, 179.91780862)
  (2001.45500000, 181.66153084)
  (2001.53800000, 183.39028293)
  (2001.62300000, 184.56486433)
  (2001.70700000, 184.82790975)
  (2001.79000000, 183.94898198)
  (2001.87400000, 181.90768967)
  (2001.95800000, 179.18724588)
  (2002.04200000, 176.42940909)
  (2002.12300000, 174.07495004)
  (2002.20400000, 172.46127708)
  (2002.28800000, 171.64738691)
  (2002.37100000, 171.26149419)
  (2002.45500000, 170.58506237)
  (2002.53800000, 168.83236052)
  (2002.62300000, 165.35615499)
  (2002.70700000, 159.80337313)
  (2002.79000000, 152.36892593)
  (2002.87400000, 143.62790596)
  (2002.95800000, 134.46852075)
  (2003.04200000, 125.90246859)
  (2003.12300000, 118.73695191)
  (2003.20400000, 113.18439556)
  (2003.28800000, 109.13248084)
  (2003.37100000, 106.16235706)
  (2003.45500000, 103.50888396)
  (2003.53800000, 100.40526958)
  (2003.62300000,  96.56086775)
  (2003.70700000,  91.95411137)
  (2003.79000000,  86.83690717)
  (2003.87400000,  81.80754620)
  (2003.95800000,  77.42414359)
  (2004.04200000,  74.07794037)
  (2004.12400000,  71.97513429)
  (2004.20600000,  70.99490139)
  (2004.29000000,  70.72304288)
  (2004.37300000,  70.72317698)
  (2004.45600000,  70.62656371)
  (2004.54000000,  70.09699813)
  (2004.62400000,  69.17311590)
  (2004.70800000,  67.98050507)
  (2004.79100000,  66.55885569)
  (2004.87400000,  64.98915023)
  (2004.95800000,  63.32474853)
  (2005.04200000,  61.43024504)
  (2005.12300000,  59.04207314)
  (2005.20400000,  56.06715678)
  (2005.28800000,  52.53803021)
  (2005.37100000,  48.59939830)
  (2005.45500000,  44.61802854)
  (2005.53800000,  40.99345070)
  (2005.62300000,  38.04480850)
  (2005.70700000,  36.02639646)
  (2005.79000000,  34.84902923)
  (2005.87400000,  34.09501585)
  (2005.95800000,  33.03217883)
  (2006.04200000,  31.25007546)
  (2006.12300000,  28.37573267)
  (2006.20400000,  24.29359325)
  (2006.28800000,  19.39883000)
  (2006.37100000,  14.46166820)
  (2006.45500000,  10.32984635)
  (2006.53800000,   7.70443977)
  (2006.62300000,   6.97735303)
  (2006.70700000,   7.83244660)
  (2006.79000000,   9.81453910)
  (2006.87400000,  11.99700266)
  (2006.95800000,  13.53513917)
  (2007.04200000,  13.89843892)
  (2007.12300000,  12.84992088)
  (2007.20400000,  10.47988423)
  (2007.28800000,   7.45542098)
  (2007.37100000,   4.68618688)
  (2007.45500000,   2.89849737)
  (2007.53800000,   2.42415099)
  (2007.62300000,   3.36930356)
  (2007.70700000,   5.41405742)
  (2007.79000000,   7.94956038)
  (2007.87400000,  10.22825842)
  (2007.95800000,  11.68946956)
  (2008.04200000,  11.99881234)
  (2008.12400000,  11.15291787)
  (2008.20600000,   9.49378895)
  (2008.29000000,   7.49190168)
  (2008.37300000,   5.65517449)
  (2008.45600000,   4.26327713)
  (2008.54000000,   3.44844280)
  (2008.62400000,   3.04150928)
  (2008.70800000,   2.79961073)
  (2008.79100000,   2.31121071)
  (2008.87400000,   1.35500841)
  (2008.95800000,   0.06392777)
  (2009.04200000,  -1.34166792)
  (2009.12300000,  -2.50903521)
  (2009.20400000,  -3.26361359)
  (2009.28800000,  -3.43588407)
  (2009.37100000,  -3.06545855)
  (2009.45500000,  -2.37668742)
  (2009.53800000,  -1.66705525)
  (2009.62300000,  -1.24797932)
  (2009.70700000,  -1.14909543)
  (2009.79000000,  -1.11263446)
  (2009.87400000,  -0.78400116)
  (2009.95800000,   0.29074010)
  (2010.04200000,   2.54728799)
  (2010.12300000,   6.10697309)
  (2010.20400000,  10.68837729)
  (2010.28800000,  15.94287248)
  (2010.37100000,  21.23689416)
  (2010.45500000,  26.02826792)
  (2010.53800000,  29.89752864)
  (2010.62300000,  32.75733101)
  (2010.70700000,  34.91826879)
  (2010.79000000,  37.03643321)
  (2010.87400000,  39.64838863)
  (2010.95800000,  43.14585333)
  (2011.04200000,  47.71771590)
  (2011.12300000,  53.19178971)
  (2011.20400000,  58.98674705)
  (2011.28800000,  64.54546563)
  (2011.37100000,  69.22555417)
  (2011.45500000,  72.71741472)
  (2011.53800000,  74.98524066)
  (2011.62300000,  76.43122536)
  (2011.70700000,  77.64914264)
  (2011.79000000,  79.18800463)
  (2011.87400000,  81.38364212)
  (2011.95800000,  84.23107861)
  (2012.04200000,  87.55729384)
  (2012.12400000,  90.93615416)
  (2012.20600000,  93.81636943)
  (2012.29000000,  95.58937197)
  (2012.37300000,  96.13539220)
  (2012.45600000,  95.73623114)
  (2012.54000000,  94.72769750)
  (2012.62400000,  93.62057476)
  (2012.70800000,  92.97637051)
  (2012.79100000,  93.08963085)
  (2012.87400000,  93.85541398)
  (2012.95800000,  95.05042206)
  (2013.04200000,  96.17318491)
  (2013.12300000,  96.77158195)
  (2013.20400000,  96.60084441)
  (2013.28800000,  95.66652184)
  (2013.37100000,  94.23034529)
  (2013.45500000,  92.93365651)
  (2013.53800000,  92.29481095)
  (2013.62300000,  92.76115512)
  (2013.70700000,  94.47774396)
  (2013.79000000,  97.26576158)
  (2013.87400000, 100.51917371)
  (2013.95800000, 103.65742354)
  (2014.04200000, 106.18038838)
  (2014.12300000, 107.66839002)
  (2014.20400000, 108.07233696)
  (2014.28800000, 107.66582416)
  (2014.37100000, 106.91139729)
  (2014.45500000, 106.16932277)
  (2014.53800000, 105.58747219)
  (2014.62300000, 105.22746381)
  (2014.70700000, 104.83692618)
  (2014.79000000, 104.15279912)
  (2014.87400000, 102.80914080)
  (2014.95800000, 100.52355403)
  (2015.04200000,  97.27876208)
  (2015.12300000,  93.35824567)
  (2015.20400000,  88.99267335)
  (2015.28800000,  84.49972708)
  (2015.37100000,  80.21138163)
  (2015.45500000,  76.16921143)
  (2015.53800000,  72.33127162)
  (2015.62300000,  68.56384268)
  (2015.70700000,  64.56415466)
  (2015.79000000,  60.24319926)
  (2015.87400000,  55.83072190)
  (2015.95800000,  51.52198600)
  (2016.04200000,  47.74439249)
  (2016.12400000,  44.98238118)
  (2016.20600000,  43.36877035)
  (2016.28800000,  42.80778653)
  (2016.37300000,  42.97543941)
  (2016.45500000,  43.32069336)
  (2016.54000000,  43.04527141)
  (2016.62400000,  41.62577549)
  (2016.70600000,  38.89945052)
  (2016.79100000,  35.14759297)
  (2016.87300000,  30.85325159)
  (2016.95800000,  26.71273670)
  (2017.04200000,  23.33916144)
  (2017.12200000,  21.24035624)
  (2017.20400000,  20.47434263)
  (2017.28600000,  20.63337878)
  (2017.37100000,  20.98425649)
  (2017.45300000,  20.87522314)
  (2017.53800000,  19.71866764)
  (2017.62300000,  17.16399887)
  (2017.70500000,  13.53589866)
  (2017.79000000,   9.42157741)
  (2017.87300000,   5.46783813)
  (2017.95800000,   2.43390067)
  (2018.04200000,   0.91560576)
  (2018.12200000,   1.10441587)
  (2018.20400000,   2.66160931)
  (2018.28600000,   5.00813227)
  (2018.37100000,   7.40711529)
  (2018.45300000,   9.23498967)
  (2018.53800000,  10.12989323)
  (2018.62300000,   9.94968425)
  (2018.70500000,   8.89155149)
  (2018.79000000,   7.43920457)
  (2018.87300000,   5.84776195)
  (2018.95800000,   4.39383022)
  (2019.04200000,   3.13008646)
  (2019.12200000,   2.03126840)
  (2019.20400000,   0.83100898)
  (2019.28600000,  -0.46368912)
  (2019.37100000,  -1.82223784)
  (2019.45300000,  -3.37592532)
  (2019.53800000,  -4.90449227)
  (2019.62300000,  -6.24132211)
  (2019.70500000,  -7.38498054)
  (2019.79000000,  -8.18331901)
  (2019.87300000,  -8.65214510)
  (2019.95800000,  -9.05217199)
  (2020.04200000,  -9.47152130)
  (2020.12400000,  -9.98526966)
  (2020.20600000, -10.40669632)
  (2020.28800000, -10.51465112)
  (2020.37300000,  -9.96907241)
  (2020.45500000,  -8.34397447)
  (2020.54000000,  -5.27491521)
  (2020.62400000,  -0.67364967)
  (2020.70600000,   5.27446073)
  (2020.79100000,  11.82647569)
  (2020.87300000,  18.12433644)
  (2020.95800000,  23.44590165)
  (2021.04200000,  27.25880820)
  (2021.12200000,  29.44692896)
  (2021.20400000,  30.23969413)
  (2021.28600000,  30.00450356)
]
