%=============================================================================
% Daniel J. Greenhoe 
% Sunspot data file suitable for use with LaTeX PStricks / pst-plot
% For an example, see "sunspots_walsh_synth.tex"
% This file auto-generated using "sunspots.R" --- hand-editing not recommended
% Total RMS synthesis error using 225 coefficients =   0.49284014
% Basis vector length = 2048
%=============================================================================
[
  (1850.70700000, 131.82677872)
  (1850.79000000, 131.82677872)
  (1850.87400000, 131.82677872)
  (1850.95800000, 131.82677872)
  (1851.04200000, 131.82677872)
  (1851.12300000, 131.82677872)
  (1851.20400000, 131.82677872)
  (1851.28800000, 131.82677872)
  (1851.37100000, 121.42522525)
  (1851.45500000, 121.42522525)
  (1851.53800000, 121.42522525)
  (1851.62300000, 121.42522525)
  (1851.70700000, 121.42522525)
  (1851.79000000, 121.42522525)
  (1851.87400000, 121.42522525)
  (1851.95800000, 121.42522525)
  (1852.04200000,  99.18998672)
  (1852.12400000,  99.18998672)
  (1852.20600000,  99.18998672)
  (1852.29000000,  99.18998672)
  (1852.37300000,  99.18998672)
  (1852.45600000,  99.18998672)
  (1852.54000000,  99.18998672)
  (1852.62400000,  99.18998672)
  (1852.70800000,  96.76602223)
  (1852.79100000,  96.76602223)
  (1852.87400000,  96.76602223)
  (1852.95800000,  96.76602223)
  (1853.04200000,  96.76602223)
  (1853.12300000,  96.76602223)
  (1853.20400000,  96.76602223)
  (1853.28800000,  96.76602223)
  (1853.37100000,  62.61723195)
  (1853.45500000,  62.61723195)
  (1853.53800000,  62.61723195)
  (1853.62300000,  62.61723195)
  (1853.70700000,  62.61723195)
  (1853.79000000,  62.61723195)
  (1853.87400000,  62.61723195)
  (1853.95800000,  62.61723195)
  (1854.04200000,  43.74939614)
  (1854.12300000,  43.74939614)
  (1854.20400000,  43.74939614)
  (1854.28800000,  43.74939614)
  (1854.37100000,  43.74939614)
  (1854.45500000,  43.74939614)
  (1854.53800000,  43.74939614)
  (1854.62300000,  43.74939614)
  (1854.70700000,  20.27261231)
  (1854.79000000,  20.27261231)
  (1854.87400000,  20.27261231)
  (1854.95800000,  20.27261231)
  (1855.04200000,  20.27261231)
  (1855.12300000,  20.27261231)
  (1855.20400000,  20.27261231)
  (1855.28800000,  20.27261231)
  (1855.37100000,  11.73337680)
  (1855.45500000,  11.73337680)
  (1855.53800000,  11.73337680)
  (1855.62300000,  11.73337680)
  (1855.70700000,  11.73337680)
  (1855.79000000,  11.73337680)
  (1855.87400000,  11.73337680)
  (1855.95800000,  11.73337680)
  (1856.04200000,   5.08648664)
  (1856.12400000,   5.08648664)
  (1856.20600000,   5.08648664)
  (1856.29000000,   5.08648664)
  (1856.37300000,   5.08648664)
  (1856.45600000,   5.08648664)
  (1856.54000000,   5.08648664)
  (1856.62400000,   5.08648664)
  (1856.70800000,   7.93970882)
  (1856.79100000,   7.93970882)
  (1856.87400000,   7.93970882)
  (1856.95800000,   7.93970882)
  (1857.04200000,   7.93970882)
  (1857.12300000,   7.93970882)
  (1857.20400000,   7.93970882)
  (1857.28800000,   7.93970882)
  (1857.37100000,  57.07289429)
  (1857.45500000,  57.07289429)
  (1857.53800000,  57.07289429)
  (1857.62300000,  57.07289429)
  (1857.70700000,  57.07289429)
  (1857.79000000,  57.07289429)
  (1857.87400000,  57.07289429)
  (1857.95800000,  57.07289429)
  (1858.04200000,  84.75702256)
  (1858.12300000,  84.75702256)
  (1858.20400000,  84.75702256)
  (1858.28800000,  84.75702256)
  (1858.37100000,  84.75702256)
  (1858.45500000,  84.75702256)
  (1858.53800000,  84.75702256)
  (1858.62300000,  84.75702256)
  (1858.70700000, 157.96826218)
  (1858.79000000, 157.96826218)
  (1858.87400000, 157.96826218)
  (1858.95800000, 157.96826218)
  (1859.04200000, 157.96826218)
  (1859.12300000, 157.96826218)
  (1859.20400000, 157.96826218)
  (1859.28800000, 157.96826218)
  (1859.37100000, 187.87132248)
  (1859.45500000, 187.87132248)
  (1859.53800000, 187.87132248)
  (1859.62300000, 187.87132248)
  (1859.70700000, 187.87132248)
  (1859.79000000, 187.87132248)
  (1859.87400000, 187.87132248)
  (1859.95800000, 187.87132248)
  (1860.04200000, 192.25604527)
  (1860.12400000, 192.25604527)
  (1860.20600000, 192.25604527)
  (1860.29000000, 192.25604527)
  (1860.37300000, 192.25604527)
  (1860.45600000, 192.25604527)
  (1860.54000000, 192.25604527)
  (1860.62400000, 192.25604527)
  (1860.70800000, 172.04822381)
  (1860.79100000, 172.04822381)
  (1860.87400000, 172.04822381)
  (1860.95800000, 172.04822381)
  (1861.04200000, 172.04822381)
  (1861.12300000, 172.04822381)
  (1861.20400000, 172.04822381)
  (1861.28800000, 172.04822381)
  (1861.37100000, 137.25028447)
  (1861.45500000, 137.25028447)
  (1861.53800000, 137.25028447)
  (1861.62300000, 137.25028447)
  (1861.70700000, 137.25028447)
  (1861.79000000, 137.25028447)
  (1861.87400000, 137.25028447)
  (1861.95800000, 137.25028447)
  (1862.04200000, 128.32471704)
  (1862.12300000, 128.32471704)
  (1862.20400000, 128.32471704)
  (1862.28800000, 128.32471704)
  (1862.37100000, 128.32471704)
  (1862.45500000, 128.32471704)
  (1862.53800000, 128.32471704)
  (1862.62300000, 128.32471704)
  (1862.70700000,  93.37354509)
  (1862.79000000,  93.37354509)
  (1862.87400000,  93.37354509)
  (1862.95800000,  93.37354509)
  (1863.04200000,  93.37354509)
  (1863.12300000,  93.37354509)
  (1863.20400000,  93.37354509)
  (1863.28800000,  93.37354509)
  (1863.37100000,  79.81199466)
  (1863.45500000,  79.81199466)
  (1863.53800000,  79.81199466)
  (1863.62300000,  79.81199466)
  (1863.70700000,  79.81199466)
  (1863.79000000,  79.81199466)
  (1863.87400000,  79.81199466)
  (1863.95800000,  79.81199466)
  (1864.04200000,  94.12639703)
  (1864.12400000,  94.12639703)
  (1864.20600000,  94.12639703)
  (1864.29000000,  94.12639703)
  (1864.37300000,  94.12639703)
  (1864.45600000,  94.12639703)
  (1864.54000000,  94.12639703)
  (1864.62400000,  94.12639703)
  (1864.70800000,  77.18361683)
  (1864.79100000,  77.18361683)
  (1864.87400000,  77.18361683)
  (1864.95800000,  77.18361683)
  (1865.04200000,  77.18361683)
  (1865.12300000,  77.18361683)
  (1865.20400000,  77.18361683)
  (1865.28800000,  77.18361683)
  (1865.37100000,  42.40414796)
  (1865.45500000,  42.40414796)
  (1865.53800000,  42.40414796)
  (1865.62300000,  42.40414796)
  (1865.70700000,  42.40414796)
  (1865.79000000,  42.40414796)
  (1865.87400000,  42.40414796)
  (1865.95800000,  42.40414796)
  (1866.04200000,  41.60145672)
  (1866.12300000,  41.60145672)
  (1866.20400000,  41.60145672)
  (1866.28800000,  41.60145672)
  (1866.37100000,  41.60145672)
  (1866.45500000,  41.60145672)
  (1866.53800000,  41.60145672)
  (1866.62300000,  41.60145672)
  (1866.70700000,  14.01174451)
  (1866.79000000,  14.01174451)
  (1866.87400000,  14.01174451)
  (1866.95800000,  14.01174451)
  (1867.04200000,  14.01174451)
  (1867.12300000,  14.01174451)
  (1867.20400000,  14.01174451)
  (1867.28800000,  14.01174451)
  (1867.37100000,   6.47693071)
  (1867.45500000,   6.47693071)
  (1867.53800000,   6.47693071)
  (1867.62300000,   6.47693071)
  (1867.70700000,   6.47693071)
  (1867.79000000,   6.47693071)
  (1867.87400000,   6.47693071)
  (1867.95800000,   6.47693071)
  (1868.04200000,  49.65994427)
  (1868.12400000,  49.65994427)
  (1868.20600000,  49.65994427)
  (1868.29000000,  49.65994427)
  (1868.37300000,  49.65994427)
  (1868.45600000,  49.65994427)
  (1868.54000000,  49.65994427)
  (1868.62400000,  49.65994427)
  (1868.70800000,  87.54719751)
  (1868.79100000,  87.54719751)
  (1868.87400000,  87.54719751)
  (1868.95800000,  87.54719751)
  (1869.04200000,  87.54719751)
  (1869.12300000,  87.54719751)
  (1869.20400000,  87.54719751)
  (1869.28800000,  87.54719751)
  (1869.37100000, 150.59493594)
  (1869.45500000, 150.59493594)
  (1869.53800000, 150.59493594)
  (1869.62300000, 150.59493594)
  (1869.70700000, 150.59493594)
  (1869.79000000, 150.59493594)
  (1869.87400000, 150.59493594)
  (1869.95800000, 150.59493594)
  (1870.04200000, 232.39855235)
  (1870.12300000, 232.39855235)
  (1870.20400000, 232.39855235)
  (1870.28800000, 232.39855235)
  (1870.37100000, 232.39855235)
  (1870.45500000, 232.39855235)
  (1870.53800000, 232.39855235)
  (1870.62300000, 232.39855235)
  (1870.70700000, 239.90695029)
  (1870.79000000, 239.90695029)
  (1870.87400000, 239.90695029)
  (1870.95800000, 239.90695029)
  (1871.04200000, 239.90695029)
  (1871.12300000, 239.90695029)
  (1871.20400000, 239.90695029)
  (1871.28800000, 239.90695029)
  (1871.37100000, 167.98348373)
  (1871.45500000, 167.98348373)
  (1871.53800000, 167.98348373)
  (1871.62300000, 167.98348373)
  (1871.70700000, 167.98348373)
  (1871.79000000, 167.98348373)
  (1871.87400000, 167.98348373)
  (1871.95800000, 167.98348373)
  (1872.04200000, 174.05747997)
  (1872.12400000, 174.05747997)
  (1872.20600000, 174.05747997)
  (1872.29000000, 174.05747997)
  (1872.37300000, 174.05747997)
  (1872.45600000, 174.05747997)
  (1872.54000000, 174.05747997)
  (1872.62400000, 174.05747997)
  (1872.70800000, 166.24798253)
  (1872.79100000, 166.24798253)
  (1872.87400000, 166.24798253)
  (1872.95800000, 166.24798253)
  (1873.04200000, 166.24798253)
  (1873.12300000, 166.24798253)
  (1873.20400000, 166.24798253)
  (1873.28800000, 166.24798253)
  (1873.37100000,  90.50412256)
  (1873.45500000,  90.50412256)
  (1873.53800000,  90.50412256)
  (1873.62300000,  90.50412256)
  (1873.70700000,  90.50412256)
  (1873.79000000,  90.50412256)
  (1873.87400000,  90.50412256)
  (1873.95800000,  90.50412256)
  (1874.04200000,  85.71924080)
  (1874.12300000,  85.71924080)
  (1874.20400000,  85.71924080)
  (1874.28800000,  85.71924080)
  (1874.37100000,  85.71924080)
  (1874.45500000,  85.71924080)
  (1874.53800000,  85.71924080)
  (1874.62300000,  85.71924080)
  (1874.70700000,  44.85752073)
  (1874.79000000,  44.85752073)
  (1874.87400000,  44.85752073)
  (1874.95800000,  44.85752073)
  (1875.04200000,  44.85752073)
  (1875.12300000,  44.85752073)
  (1875.20400000,  44.85752073)
  (1875.28800000,  44.85752073)
  (1875.37100000,  17.35500148)
  (1875.45500000,  17.35500148)
  (1875.53800000,  17.35500148)
  (1875.62300000,  17.35500148)
  (1875.70700000,  17.35500148)
  (1875.79000000,  17.35500148)
  (1875.87400000,  17.35500148)
  (1875.95800000,  17.35500148)
  (1876.04200000,  16.98879102)
  (1876.12400000,  16.98879102)
  (1876.20600000,  16.98879102)
  (1876.29000000,  16.98879102)
  (1876.37300000,  16.98879102)
  (1876.45600000,  16.98879102)
  (1876.54000000,  16.98879102)
  (1876.62400000,  16.98879102)
  (1876.70800000,  16.85310019)
  (1876.79100000,  16.85310019)
  (1876.87400000,  16.85310019)
  (1876.95800000,  16.85310019)
  (1877.04200000,  16.85310019)
  (1877.12300000,  16.85310019)
  (1877.20400000,  16.85310019)
  (1877.28800000,  16.85310019)
  (1877.37100000,  13.63696953)
  (1877.45500000,  13.63696953)
  (1877.53800000,  13.63696953)
  (1877.62300000,  13.63696953)
  (1877.70700000,  13.63696953)
  (1877.79000000,  13.63696953)
  (1877.87400000,  13.63696953)
  (1877.95800000,  13.63696953)
  (1878.04200000,   2.99499048)
  (1878.12300000,   2.99499048)
  (1878.20400000,   2.99499048)
  (1878.28800000,   2.99499048)
  (1878.37100000,   2.99499048)
  (1878.45500000,   2.99499048)
  (1878.53800000,   2.99499048)
  (1878.62300000,   2.99499048)
  (1878.70700000,  -1.59177234)
  (1878.79000000,  -1.59177234)
  (1878.87400000,  -1.59177234)
  (1878.95800000,  -1.59177234)
  (1879.04200000,  -1.59177234)
  (1879.12300000,  -1.59177234)
  (1879.20400000,  -1.59177234)
  (1879.28800000,  -1.59177234)
  (1879.37100000,  10.45747024)
  (1879.45500000,  10.45747024)
  (1879.53800000,  10.45747024)
  (1879.62300000,  10.45747024)
  (1879.70700000,  10.45747024)
  (1879.79000000,  10.45747024)
  (1879.87400000,  10.45747024)
  (1879.95800000,  10.45747024)
  (1880.04200000,  42.19251154)
  (1880.12400000,  42.19251154)
  (1880.20600000,  42.19251154)
  (1880.29000000,  42.19251154)
  (1880.37300000,  42.19251154)
  (1880.45600000,  42.19251154)
  (1880.54000000,  42.19251154)
  (1880.62400000,  42.19251154)
  (1880.70800000,  76.00842073)
  (1880.79100000,  76.00842073)
  (1880.87400000,  76.00842073)
  (1880.95800000,  76.00842073)
  (1881.04200000,  76.00842073)
  (1881.12300000,  76.00842073)
  (1881.20400000,  76.00842073)
  (1881.28800000,  76.00842073)
  (1881.37100000,  95.31480106)
  (1881.45500000,  95.31480106)
  (1881.53800000,  95.31480106)
  (1881.62300000,  95.31480106)
  (1881.70700000,  95.31480106)
  (1881.79000000,  95.31480106)
  (1881.87400000,  95.31480106)
  (1881.95800000,  95.31480106)
  (1882.04200000, 100.32421760)
  (1882.12300000, 100.32421760)
  (1882.20400000, 100.32421760)
  (1882.28800000, 100.32421760)
  (1882.37100000, 100.32421760)
  (1882.45500000, 100.32421760)
  (1882.53800000, 100.32421760)
  (1882.62300000, 100.32421760)
  (1882.70700000,  99.50367503)
  (1882.79000000,  99.50367503)
  (1882.87400000,  99.50367503)
  (1882.95800000,  99.50367503)
  (1883.04200000,  99.50367503)
  (1883.12300000,  99.50367503)
  (1883.20400000,  99.50367503)
  (1883.28800000,  99.50367503)
  (1883.37100000, 112.67167045)
  (1883.45500000, 112.67167045)
  (1883.53800000, 112.67167045)
  (1883.62300000, 112.67167045)
  (1883.70700000, 112.67167045)
  (1883.79000000, 112.67167045)
  (1883.87400000, 112.67167045)
  (1883.95800000, 112.67167045)
  (1884.04200000, 120.05521220)
  (1884.12400000, 120.05521220)
  (1884.20600000, 120.05521220)
  (1884.29000000, 120.05521220)
  (1884.37300000, 120.05521220)
  (1884.45600000, 120.05521220)
  (1884.54000000, 120.05521220)
  (1884.62400000, 120.05521220)
  (1884.70800000,  86.58601113)
  (1884.79100000,  86.58601113)
  (1884.87400000,  86.58601113)
  (1884.95800000,  86.58601113)
  (1885.04200000,  86.58601113)
  (1885.12300000,  86.58601113)
  (1885.20400000,  86.58601113)
  (1885.28800000,  86.58601113)
  (1885.37100000,  83.86548736)
  (1885.45500000,  83.86548736)
  (1885.53800000,  83.86548736)
  (1885.62300000,  83.86548736)
  (1885.70700000,  83.86548736)
  (1885.79000000,  83.86548736)
  (1885.87400000,  83.86548736)
  (1885.95800000,  83.86548736)
  (1886.04200000,  53.36807027)
  (1886.12300000,  53.36807027)
  (1886.20400000,  53.36807027)
  (1886.28800000,  53.36807027)
  (1886.37100000,  53.36807027)
  (1886.45500000,  53.36807027)
  (1886.53800000,  53.36807027)
  (1886.62300000,  53.36807027)
  (1886.70700000,  12.04077070)
  (1886.79000000,  12.04077070)
  (1886.87400000,  12.04077070)
  (1886.95800000,  12.04077070)
  (1887.04200000,  12.04077070)
  (1887.12300000,  12.04077070)
  (1887.20400000,  12.04077070)
  (1887.28800000,  12.04077070)
  (1887.37100000,  22.60680416)
  (1887.45500000,  22.60680416)
  (1887.53800000,  22.60680416)
  (1887.62300000,  22.60680416)
  (1887.70700000,  22.60680416)
  (1887.79000000,  22.60680416)
  (1887.87400000,  22.60680416)
  (1887.95800000,  22.60680416)
  (1888.04200000,   7.62240897)
  (1888.12400000,   7.62240897)
  (1888.20600000,   7.62240897)
  (1888.29000000,   7.62240897)
  (1888.37300000,   7.62240897)
  (1888.45600000,   7.62240897)
  (1888.54000000,   7.62240897)
  (1888.62400000,   7.62240897)
  (1888.70800000,   5.23208342)
  (1888.79100000,   5.23208342)
  (1888.87400000,   5.23208342)
  (1888.95800000,   5.23208342)
  (1889.04200000,   5.23208342)
  (1889.12300000,   5.23208342)
  (1889.20400000,   5.23208342)
  (1889.28800000,   5.23208342)
  (1889.37100000,   8.01864683)
  (1889.45500000,   8.01864683)
  (1889.53800000,   8.01864683)
  (1889.62300000,   8.01864683)
  (1889.70700000,   8.01864683)
  (1889.79000000,   8.01864683)
  (1889.87400000,   8.01864683)
  (1889.95800000,   8.01864683)
  (1890.04200000,   3.09239896)
  (1890.12300000,   3.09239896)
  (1890.20400000,   3.09239896)
  (1890.28800000,   3.09239896)
  (1890.37100000,   3.09239896)
  (1890.45500000,   3.09239896)
  (1890.53800000,   3.09239896)
  (1890.62300000,   3.09239896)
  (1890.70700000,  20.73788224)
  (1890.79000000,  20.73788224)
  (1890.87400000,  20.73788224)
  (1890.95800000,  20.73788224)
  (1891.04200000,  20.73788224)
  (1891.12300000,  20.73788224)
  (1891.20400000,  20.73788224)
  (1891.28800000,  20.73788224)
  (1891.37100000,  74.03218439)
  (1891.45500000,  74.03218439)
  (1891.53800000,  74.03218439)
  (1891.62300000,  74.03218439)
  (1891.70700000,  74.03218439)
  (1891.79000000,  74.03218439)
  (1891.87400000,  74.03218439)
  (1891.95800000,  74.03218439)
  (1892.04200000, 127.74852115)
  (1892.12400000, 127.74852115)
  (1892.20600000, 127.74852115)
  (1892.29000000, 127.74852115)
  (1892.37300000, 127.74852115)
  (1892.45600000, 127.74852115)
  (1892.54000000, 127.74852115)
  (1892.62400000, 127.74852115)
  (1892.70800000, 122.00338169)
  (1892.79100000, 122.00338169)
  (1892.87400000, 122.00338169)
  (1892.95800000, 122.00338169)
  (1893.04200000, 122.00338169)
  (1893.12300000, 122.00338169)
  (1893.20400000, 122.00338169)
  (1893.28800000, 122.00338169)
  (1893.37100000, 156.58008823)
  (1893.45500000, 156.58008823)
  (1893.53800000, 156.58008823)
  (1893.62300000, 156.58008823)
  (1893.70700000, 156.58008823)
  (1893.79000000, 156.58008823)
  (1893.87400000, 156.58008823)
  (1893.95800000, 156.58008823)
  (1894.04200000, 141.60528942)
  (1894.12300000, 141.60528942)
  (1894.20400000, 141.60528942)
  (1894.28800000, 141.60528942)
  (1894.37100000, 141.60528942)
  (1894.45500000, 141.60528942)
  (1894.53800000, 141.60528942)
  (1894.62300000, 141.60528942)
  (1894.70700000, 114.10338929)
  (1894.79000000, 114.10338929)
  (1894.87400000, 114.10338929)
  (1894.95800000, 114.10338929)
  (1895.04200000, 114.10338929)
  (1895.12300000, 114.10338929)
  (1895.20400000, 114.10338929)
  (1895.28800000, 114.10338929)
  (1895.37100000, 102.24566168)
  (1895.45500000, 102.24566168)
  (1895.53800000, 102.24566168)
  (1895.62300000, 102.24566168)
  (1895.70700000, 102.24566168)
  (1895.79000000, 102.24566168)
  (1895.87400000, 102.24566168)
  (1895.95800000, 102.24566168)
  (1896.04200000,  71.13799700)
  (1896.12400000,  71.13799700)
  (1896.20600000,  71.13799700)
  (1896.29000000,  71.13799700)
  (1896.37300000,  71.13799700)
  (1896.45600000,  71.13799700)
  (1896.54000000,  71.13799700)
  (1896.62400000,  71.13799700)
  (1896.70800000,  58.58024916)
  (1896.79100000,  58.58024916)
  (1896.87400000,  58.58024916)
  (1896.95800000,  58.58024916)
  (1897.04200000,  58.58024916)
  (1897.12300000,  58.58024916)
  (1897.20400000,  58.58024916)
  (1897.28800000,  58.58024916)
  (1897.37100000,  38.97669044)
  (1897.45500000,  38.97669044)
  (1897.53800000,  38.97669044)
  (1897.62300000,  38.97669044)
  (1897.70700000,  38.97669044)
  (1897.79000000,  38.97669044)
  (1897.87400000,  38.97669044)
  (1897.95800000,  38.97669044)
  (1898.04200000,  38.13437542)
  (1898.12300000,  38.13437542)
  (1898.20400000,  38.13437542)
  (1898.28800000,  38.13437542)
  (1898.37100000,  38.13437542)
  (1898.45500000,  38.13437542)
  (1898.53800000,  38.13437542)
  (1898.62300000,  38.13437542)
  (1898.70700000,  28.04021586)
  (1898.79000000,  28.04021586)
  (1898.87400000,  28.04021586)
  (1898.95800000,  28.04021586)
  (1899.04200000,  28.04021586)
  (1899.12300000,  28.04021586)
  (1899.20400000,  28.04021586)
  (1899.28800000,  28.04021586)
  (1899.37100000,  19.36621820)
  (1899.45500000,  19.36621820)
  (1899.53800000,  19.36621820)
  (1899.62300000,  19.36621820)
  (1899.70700000,  19.36621820)
  (1899.79000000,  19.36621820)
  (1899.87400000,  19.36621820)
  (1899.95800000,  19.36621820)
  (1900.04200000,   9.10004600)
  (1900.12300000,   9.10004600)
  (1900.20400000,   9.10004600)
  (1900.28800000,   9.10004600)
  (1900.37100000,   9.10004600)
  (1900.45500000,   9.10004600)
  (1900.53800000,   9.10004600)
  (1900.62300000,   9.10004600)
  (1900.70700000,   8.08664703)
  (1900.79000000,   8.08664703)
  (1900.87400000,   8.08664703)
  (1900.95800000,   8.08664703)
  (1901.04200000,   8.08664703)
  (1901.12300000,   8.08664703)
  (1901.20400000,   8.08664703)
  (1901.28800000,   8.08664703)
  (1901.37100000,  -4.49091271)
  (1901.45500000,  -4.49091271)
  (1901.53800000,  -4.49091271)
  (1901.62300000,  -4.49091271)
  (1901.70700000,  -4.49091271)
  (1901.79000000,  -4.49091271)
  (1901.87400000,  -4.49091271)
  (1901.95800000,  -4.49091271)
  (1902.04200000,   6.38282421)
  (1902.12300000,   6.38282421)
  (1902.20400000,   6.38282421)
  (1902.28800000,   6.38282421)
  (1902.37100000,   6.38282421)
  (1902.45500000,   6.38282421)
  (1902.53800000,   6.38282421)
  (1902.62300000,   6.38282421)
  (1902.70700000,  11.87371104)
  (1902.79000000,  11.87371104)
  (1902.87400000,  11.87371104)
  (1902.95800000,  11.87371104)
  (1903.04200000,  11.87371104)
  (1903.12300000,  11.87371104)
  (1903.20400000,  11.87371104)
  (1903.28800000,  11.87371104)
  (1903.37100000,  50.91996003)
  (1903.45500000,  50.91996003)
  (1903.53800000,  50.91996003)
  (1903.62300000,  50.91996003)
  (1903.70700000,  50.91996003)
  (1903.79000000,  50.91996003)
  (1903.87400000,  50.91996003)
  (1903.95800000,  50.91996003)
  (1904.04200000,  72.96069117)
  (1904.12400000,  72.96069117)
  (1904.20600000,  72.96069117)
  (1904.29000000,  72.96069117)
  (1904.37300000,  72.96069117)
  (1904.45600000,  72.96069117)
  (1904.54000000,  72.96069117)
  (1904.62400000,  72.96069117)
  (1904.70800000,  80.46578713)
  (1904.79100000,  80.46578713)
  (1904.87400000,  80.46578713)
  (1904.95800000,  80.46578713)
  (1905.04200000,  80.46578713)
  (1905.12300000,  80.46578713)
  (1905.20400000,  80.46578713)
  (1905.28800000,  80.46578713)
  (1905.37100000, 116.75818298)
  (1905.45500000, 116.75818298)
  (1905.53800000, 116.75818298)
  (1905.62300000, 116.75818298)
  (1905.70700000, 116.75818298)
  (1905.79000000, 116.75818298)
  (1905.87400000, 116.75818298)
  (1905.95800000, 116.75818298)
  (1906.04200000,  92.66991332)
  (1906.12300000,  92.66991332)
  (1906.20400000,  92.66991332)
  (1906.28800000,  92.66991332)
  (1906.37100000,  92.66991332)
  (1906.45500000,  92.66991332)
  (1906.53800000,  92.66991332)
  (1906.62300000,  92.66991332)
  (1906.70700000, 105.79560210)
  (1906.79000000, 105.79560210)
  (1906.87400000, 105.79560210)
  (1906.95800000, 105.79560210)
  (1907.04200000, 105.79560210)
  (1907.12300000, 105.79560210)
  (1907.20400000, 105.79560210)
  (1907.28800000, 105.79560210)
  (1907.37100000,  87.74335589)
  (1907.45500000,  87.74335589)
  (1907.53800000,  87.74335589)
  (1907.62300000,  87.74335589)
  (1907.70700000,  87.74335589)
  (1907.79000000,  87.74335589)
  (1907.87400000,  87.74335589)
  (1907.95800000,  87.74335589)
  (1908.04200000,  84.46479713)
  (1908.12400000,  84.46479713)
  (1908.20600000,  84.46479713)
  (1908.29000000,  84.46479713)
  (1908.37300000,  84.46479713)
  (1908.45600000,  84.46479713)
  (1908.54000000,  84.46479713)
  (1908.62400000,  84.46479713)
  (1908.70800000,  78.86762775)
  (1908.79100000,  78.86762775)
  (1908.87400000,  78.86762775)
  (1908.95800000,  78.86762775)
  (1909.04200000,  78.86762775)
  (1909.12300000,  78.86762775)
  (1909.20400000,  78.86762775)
  (1909.28800000,  78.86762775)
  (1909.37100000,  56.10046053)
  (1909.45500000,  56.10046053)
  (1909.53800000,  56.10046053)
  (1909.62300000,  56.10046053)
  (1909.70700000,  56.10046053)
  (1909.79000000,  56.10046053)
  (1909.87400000,  56.10046053)
  (1909.95800000,  56.10046053)
  (1910.04200000,  38.52431888)
  (1910.12300000,  38.52431888)
  (1910.20400000,  38.52431888)
  (1910.28800000,  38.52431888)
  (1910.37100000,  38.52431888)
  (1910.45500000,  38.52431888)
  (1910.53800000,  38.52431888)
  (1910.62300000,  38.52431888)
  (1910.70700000,   9.27835304)
  (1910.79000000,   9.27835304)
  (1910.87400000,   9.27835304)
  (1910.95800000,   9.27835304)
  (1911.04200000,   9.27835304)
  (1911.12300000,   9.27835304)
  (1911.20400000,   9.27835304)
  (1911.28800000,   9.27835304)
  (1911.37100000,  13.00660049)
  (1911.45500000,  13.00660049)
  (1911.53800000,  13.00660049)
  (1911.62300000,  13.00660049)
  (1911.70700000,  13.00660049)
  (1911.79000000,  13.00660049)
  (1911.87400000,  13.00660049)
  (1911.95800000,  13.00660049)
  (1912.04200000, -10.63920355)
  (1912.12400000, -10.63920355)
  (1912.20600000, -10.63920355)
  (1912.29000000, -10.63920355)
  (1912.37300000, -10.63920355)
  (1912.45600000, -10.63920355)
  (1912.54000000, -10.63920355)
  (1912.62400000, -10.63920355)
  (1912.70800000,  12.17450098)
  (1912.79100000,  12.17450098)
  (1912.87400000,  12.17450098)
  (1912.95800000,  12.17450098)
  (1913.04200000,  12.17450098)
  (1913.12300000,  12.17450098)
  (1913.20400000,  12.17450098)
  (1913.28800000,  12.17450098)
  (1913.37100000, -13.00342280)
  (1913.45500000, -13.00342280)
  (1913.53800000, -13.00342280)
  (1913.62300000, -13.00342280)
  (1913.70700000, -13.00342280)
  (1913.79000000, -13.00342280)
  (1913.87400000, -13.00342280)
  (1913.95800000, -13.00342280)
  (1914.04200000,  18.26335614)
  (1914.12300000,  18.26335614)
  (1914.20400000,  18.26335614)
  (1914.28800000,  18.26335614)
  (1914.37100000,  18.26335614)
  (1914.45500000,  18.26335614)
  (1914.53800000,  18.26335614)
  (1914.62300000,  18.26335614)
  (1914.70700000,  44.69902558)
  (1914.79000000,  44.69902558)
  (1914.87400000,  44.69902558)
  (1914.95800000,  44.69902558)
  (1915.04200000,  44.69902558)
  (1915.12300000,  44.69902558)
  (1915.20400000,  44.69902558)
  (1915.28800000,  44.69902558)
  (1915.37100000,  84.20032899)
  (1915.45500000,  84.20032899)
  (1915.53800000,  84.20032899)
  (1915.62300000,  84.20032899)
  (1915.70700000,  84.20032899)
  (1915.79000000,  84.20032899)
  (1915.87400000,  84.20032899)
  (1915.95800000,  84.20032899)
  (1916.04200000, 103.09127868)
  (1916.12400000, 103.09127868)
  (1916.20600000, 103.09127868)
  (1916.29000000, 103.09127868)
  (1916.37300000, 103.09127868)
  (1916.45600000, 103.09127868)
  (1916.54000000, 103.09127868)
  (1916.62400000, 103.09127868)
  (1916.70800000, 107.88214528)
  (1916.79100000, 107.88214528)
  (1916.87400000, 107.88214528)
  (1916.95800000, 107.88214528)
  (1917.04200000, 107.88214528)
  (1917.12300000, 107.88214528)
  (1917.20400000, 107.88214528)
  (1917.28800000, 107.88214528)
  (1917.37100000, 204.38288443)
  (1917.45500000, 204.38288443)
  (1917.53800000, 204.38288443)
  (1917.62300000, 204.38288443)
  (1917.70700000, 204.38288443)
  (1917.79000000, 204.38288443)
  (1917.87400000, 204.38288443)
  (1917.95800000, 204.38288443)
  (1918.04200000, 136.25277628)
  (1918.12300000, 136.25277628)
  (1918.20400000, 136.25277628)
  (1918.28800000, 136.25277628)
  (1918.37100000, 136.25277628)
  (1918.45500000, 136.25277628)
  (1918.53800000, 136.25277628)
  (1918.62300000, 136.25277628)
  (1918.70700000, 121.33142832)
  (1918.79000000, 121.33142832)
  (1918.87400000, 121.33142832)
  (1918.95800000, 121.33142832)
  (1919.04200000, 121.33142832)
  (1919.12300000, 121.33142832)
  (1919.20400000, 121.33142832)
  (1919.28800000, 121.33142832)
  (1919.37100000, 104.93677717)
  (1919.45500000, 104.93677717)
  (1919.53800000, 104.93677717)
  (1919.62300000, 104.93677717)
  (1919.70700000, 104.93677717)
  (1919.79000000, 104.93677717)
  (1919.87400000, 104.93677717)
  (1919.95800000, 104.93677717)
  (1920.04200000,  56.93586203)
  (1920.12400000,  56.93586203)
  (1920.20600000,  56.93586203)
  (1920.29000000,  56.93586203)
  (1920.37300000,  56.93586203)
  (1920.45600000,  56.93586203)
  (1920.54000000,  56.93586203)
  (1920.62400000,  56.93586203)
  (1920.70800000,  59.21784128)
  (1920.79100000,  59.21784128)
  (1920.87400000,  59.21784128)
  (1920.95800000,  59.21784128)
  (1921.04200000,  59.21784128)
  (1921.12300000,  59.21784128)
  (1921.20400000,  59.21784128)
  (1921.28800000,  59.21784128)
  (1921.37100000,  31.84079736)
  (1921.45500000,  31.84079736)
  (1921.53800000,  31.84079736)
  (1921.62300000,  31.84079736)
  (1921.70700000,  31.84079736)
  (1921.79000000,  31.84079736)
  (1921.87400000,  31.84079736)
  (1921.95800000,  31.84079736)
  (1922.04200000,  31.37552743)
  (1922.12300000,  31.37552743)
  (1922.20400000,  31.37552743)
  (1922.28800000,  31.37552743)
  (1922.37100000,  31.37552743)
  (1922.45500000,  31.37552743)
  (1922.53800000,  31.37552743)
  (1922.62300000,  31.37552743)
  (1922.70700000,   0.24743174)
  (1922.79000000,   0.24743174)
  (1922.87400000,   0.24743174)
  (1922.95800000,   0.24743174)
  (1923.04200000,   0.24743174)
  (1923.12300000,   0.24743174)
  (1923.20400000,   0.24743174)
  (1923.28800000,   0.24743174)
  (1923.37100000,  13.49199188)
  (1923.45500000,  13.49199188)
  (1923.53800000,  13.49199188)
  (1923.62300000,  13.49199188)
  (1923.70700000,  13.49199188)
  (1923.79000000,  13.49199188)
  (1923.87400000,  13.49199188)
  (1923.95800000,  13.49199188)
  (1924.04200000,  13.41573672)
  (1924.12400000,  13.41573672)
  (1924.20600000,  13.41573672)
  (1924.29000000,  13.41573672)
  (1924.37300000,  13.41573672)
  (1924.45600000,  13.41573672)
  (1924.54000000,  13.41573672)
  (1924.62400000,  13.41573672)
  (1924.70800000,  38.58705654)
  (1924.79100000,  38.58705654)
  (1924.87400000,  38.58705654)
  (1924.95800000,  38.58705654)
  (1925.04200000,  38.58705654)
  (1925.12300000,  38.58705654)
  (1925.20400000,  38.58705654)
  (1925.28800000,  38.58705654)
  (1925.37100000,  86.38985275)
  (1925.45500000,  86.38985275)
  (1925.53800000,  86.38985275)
  (1925.62300000,  86.38985275)
  (1925.70700000,  86.38985275)
  (1925.79000000,  86.38985275)
  (1925.87400000,  86.38985275)
  (1925.95800000,  86.38985275)
  (1926.04200000, 112.80209875)
  (1926.12300000, 112.80209875)
  (1926.20400000, 112.80209875)
  (1926.28800000, 112.80209875)
  (1926.37100000, 112.80209875)
  (1926.45500000, 112.80209875)
  (1926.53800000, 112.80209875)
  (1926.62300000, 112.80209875)
  (1926.70700000, 120.90217063)
  (1926.79000000, 120.90217063)
  (1926.87400000, 120.90217063)
  (1926.95800000, 120.90217063)
  (1927.04200000, 120.90217063)
  (1927.12300000, 120.90217063)
  (1927.20400000, 120.90217063)
  (1927.28800000, 120.90217063)
  (1927.37100000, 112.07566267)
  (1927.45500000, 112.07566267)
  (1927.53800000, 112.07566267)
  (1927.62300000, 112.07566267)
  (1927.70700000, 112.07566267)
  (1927.79000000, 112.07566267)
  (1927.87400000, 112.07566267)
  (1927.95800000, 112.07566267)
  (1928.04200000, 134.78370377)
  (1928.12400000, 134.78370377)
  (1928.20600000, 134.78370377)
  (1928.29000000, 134.78370377)
  (1928.37300000, 134.78370377)
  (1928.45600000, 134.78370377)
  (1928.54000000, 134.78370377)
  (1928.62400000, 134.78370377)
  (1928.70800000, 113.00021768)
  (1928.79100000, 113.00021768)
  (1928.87400000, 113.00021768)
  (1928.95800000, 113.00021768)
  (1929.04200000, 113.00021768)
  (1929.12300000, 113.00021768)
  (1929.20400000, 113.00021768)
  (1929.28800000, 113.00021768)
  (1929.37100000, 106.25457762)
  (1929.45500000, 106.25457762)
  (1929.53800000, 106.25457762)
  (1929.62300000, 106.25457762)
  (1929.70700000, 106.25457762)
  (1929.79000000, 106.25457762)
  (1929.87400000, 106.25457762)
  (1929.95800000, 106.25457762)
  (1930.04200000,  70.21973639)
  (1930.12300000,  70.21973639)
  (1930.20400000,  70.21973639)
  (1930.28800000,  70.21973639)
  (1930.37100000,  70.21973639)
  (1930.45500000,  70.21973639)
  (1930.53800000,  70.21973639)
  (1930.62300000,  70.21973639)
  (1930.70700000,  49.19436478)
  (1930.79000000,  49.19436478)
  (1930.87400000,  49.19436478)
  (1930.95800000,  49.19436478)
  (1931.04200000,  49.19436478)
  (1931.12300000,  49.19436478)
  (1931.20400000,  49.19436478)
  (1931.28800000,  49.19436478)
  (1931.37100000,  25.59210562)
  (1931.45500000,  25.59210562)
  (1931.53800000,  25.59210562)
  (1931.62300000,  25.59210562)
  (1931.70700000,  25.59210562)
  (1931.79000000,  25.59210562)
  (1931.87400000,  25.59210562)
  (1931.95800000,  25.59210562)
  (1932.04200000,  17.19155336)
  (1932.12400000,  17.19155336)
  (1932.20600000,  17.19155336)
  (1932.29000000,  17.19155336)
  (1932.37300000,  17.19155336)
  (1932.45600000,  17.19155336)
  (1932.54000000,  17.19155336)
  (1932.62400000,  17.19155336)
  (1932.70800000,  13.24269222)
  (1932.79100000,  13.24269222)
  (1932.87400000,  13.24269222)
  (1932.95800000,  13.24269222)
  (1933.04200000,  13.24269222)
  (1933.12300000,  13.24269222)
  (1933.20400000,  13.24269222)
  (1933.28800000,  13.24269222)
  (1933.37100000,  -0.65235841)
  (1933.45500000,  -0.65235841)
  (1933.53800000,  -0.65235841)
  (1933.62300000,  -0.65235841)
  (1933.70700000,  -0.65235841)
  (1933.79000000,  -0.65235841)
  (1933.87400000,  -0.65235841)
  (1933.95800000,  -0.65235841)
  (1934.04200000,  11.30112669)
  (1934.12300000,  11.30112669)
  (1934.20400000,  11.30112669)
  (1934.28800000,  11.30112669)
  (1934.37100000,  11.30112669)
  (1934.45500000,  11.30112669)
  (1934.53800000,  11.30112669)
  (1934.62300000,  11.30112669)
  (1934.70700000,  18.69725724)
  (1934.79000000,  18.69725724)
  (1934.87400000,  18.69725724)
  (1934.95800000,  18.69725724)
  (1935.04200000,  18.69725724)
  (1935.12300000,  18.69725724)
  (1935.20400000,  18.69725724)
  (1935.28800000,  18.69725724)
  (1935.37100000,  74.52748172)
  (1935.45500000,  74.52748172)
  (1935.53800000,  74.52748172)
  (1935.62300000,  74.52748172)
  (1935.70700000,  74.52748172)
  (1935.79000000,  74.52748172)
  (1935.87400000,  74.52748172)
  (1935.95800000,  74.52748172)
  (1936.04200000, 126.13085943)
  (1936.12400000, 126.13085943)
  (1936.20600000, 126.13085943)
  (1936.29000000, 126.13085943)
  (1936.37300000, 126.13085943)
  (1936.45600000, 126.13085943)
  (1936.54000000, 126.13085943)
  (1936.62400000, 126.13085943)
  (1936.70800000, 175.01309426)
  (1936.79100000, 175.01309426)
  (1936.87400000, 175.01309426)
  (1936.95800000, 175.01309426)
  (1937.04200000, 175.01309426)
  (1937.12300000, 175.01309426)
  (1937.20400000, 175.01309426)
  (1937.28800000, 175.01309426)
  (1937.37100000, 206.58035358)
  (1937.45500000, 206.58035358)
  (1937.53800000, 206.58035358)
  (1937.62300000, 206.58035358)
  (1937.70700000, 206.58035358)
  (1937.79000000, 206.58035358)
  (1937.87400000, 206.58035358)
  (1937.95800000, 206.58035358)
  (1938.04200000, 186.74173501)
  (1938.12300000, 186.74173501)
  (1938.20400000, 186.74173501)
  (1938.28800000, 186.74173501)
  (1938.37100000, 186.74173501)
  (1938.45500000, 186.74173501)
  (1938.53800000, 186.74173501)
  (1938.62300000, 186.74173501)
  (1938.70700000, 166.26975497)
  (1938.79000000, 166.26975497)
  (1938.87400000, 166.26975497)
  (1938.95800000, 166.26975497)
  (1939.04200000, 166.26975497)
  (1939.12300000, 166.26975497)
  (1939.20400000, 166.26975497)
  (1939.28800000, 166.26975497)
  (1939.37100000, 147.71230549)
  (1939.45500000, 147.71230549)
  (1939.53800000, 147.71230549)
  (1939.62300000, 147.71230549)
  (1939.70700000, 147.71230549)
  (1939.79000000, 147.71230549)
  (1939.87400000, 147.71230549)
  (1939.95800000, 147.71230549)
  (1940.04200000, 128.82527690)
  (1940.12400000, 128.82527690)
  (1940.20600000, 128.82527690)
  (1940.29000000, 128.82527690)
  (1940.37300000, 128.82527690)
  (1940.45600000, 128.82527690)
  (1940.54000000, 128.82527690)
  (1940.62400000, 128.82527690)
  (1940.70800000,  78.10652086)
  (1940.79100000,  78.10652086)
  (1940.87400000,  78.10652086)
  (1940.95800000,  78.10652086)
  (1941.04200000,  78.10652086)
  (1941.12300000,  78.10652086)
  (1941.20400000,  78.10652086)
  (1941.28800000,  78.10652086)
  (1941.37100000,  85.56900061)
  (1941.45500000,  85.56900061)
  (1941.53800000,  85.56900061)
  (1941.62300000,  85.56900061)
  (1941.70700000,  85.56900061)
  (1941.79000000,  85.56900061)
  (1941.87400000,  85.56900061)
  (1941.95800000,  85.56900061)
  (1942.04200000,  54.30614277)
  (1942.12300000,  54.30614277)
  (1942.20400000,  54.30614277)
  (1942.28800000,  54.30614277)
  (1942.37100000,  54.30614277)
  (1942.45500000,  54.30614277)
  (1942.53800000,  54.30614277)
  (1942.62300000,  54.30614277)
  (1942.70700000,  38.06008082)
  (1942.79000000,  38.06008082)
  (1942.87400000,  38.06008082)
  (1942.95800000,  38.06008082)
  (1943.04200000,  38.06008082)
  (1943.12300000,  38.06008082)
  (1943.20400000,  38.06008082)
  (1943.28800000,  38.06008082)
  (1943.37100000,  15.43520840)
  (1943.45500000,  15.43520840)
  (1943.53800000,  15.43520840)
  (1943.62300000,  15.43520840)
  (1943.70700000,  15.43520840)
  (1943.79000000,  15.43520840)
  (1943.87400000,  15.43520840)
  (1943.95800000,  15.43520840)
  (1944.04200000,   7.24598300)
  (1944.12400000,   7.24598300)
  (1944.20600000,   7.24598300)
  (1944.29000000,   7.24598300)
  (1944.37300000,   7.24598300)
  (1944.45600000,   7.24598300)
  (1944.54000000,   7.24598300)
  (1944.62400000,   7.24598300)
  (1944.70800000,  27.28272050)
  (1944.79100000,  27.28272050)
  (1944.87400000,  27.28272050)
  (1944.95800000,  27.28272050)
  (1945.04200000,  27.28272050)
  (1945.12300000,  27.28272050)
  (1945.20400000,  27.28272050)
  (1945.28800000,  27.28272050)
  (1945.37100000,  66.14013739)
  (1945.45500000,  66.14013739)
  (1945.53800000,  66.14013739)
  (1945.62300000,  66.14013739)
  (1945.70700000,  66.14013739)
  (1945.79000000,  66.14013739)
  (1945.87400000,  66.14013739)
  (1945.95800000,  66.14013739)
  (1946.04200000, 140.22371943)
  (1946.12300000, 140.22371943)
  (1946.20400000, 140.22371943)
  (1946.28800000, 140.22371943)
  (1946.37100000, 140.22371943)
  (1946.45500000, 140.22371943)
  (1946.53800000, 140.22371943)
  (1946.62300000, 140.22371943)
  (1946.70700000, 198.46243036)
  (1946.79000000, 198.46243036)
  (1946.87400000, 198.46243036)
  (1946.95800000, 198.46243036)
  (1947.04200000, 198.46243036)
  (1947.12300000, 198.46243036)
  (1947.20400000, 198.46243036)
  (1947.28800000, 198.46243036)
  (1947.37100000, 229.49084747)
  (1947.45500000, 229.49084747)
  (1947.53800000, 229.49084747)
  (1947.62300000, 229.49084747)
  (1947.70700000, 229.49084747)
  (1947.79000000, 229.49084747)
  (1947.87400000, 229.49084747)
  (1947.95800000, 229.49084747)
  (1948.04200000, 211.90810185)
  (1948.12400000, 211.90810185)
  (1948.20600000, 211.90810185)
  (1948.29000000, 211.90810185)
  (1948.37300000, 211.90810185)
  (1948.45600000, 211.90810185)
  (1948.54000000, 211.90810185)
  (1948.62400000, 211.90810185)
  (1948.70800000, 197.60690741)
  (1948.79100000, 197.60690741)
  (1948.87400000, 197.60690741)
  (1948.95800000, 197.60690741)
  (1949.04200000, 197.60690741)
  (1949.12300000, 197.60690741)
  (1949.20400000, 197.60690741)
  (1949.28800000, 197.60690741)
  (1949.37100000, 192.21508005)
  (1949.45500000, 192.21508005)
  (1949.53800000, 192.21508005)
  (1949.62300000, 192.21508005)
  (1949.70700000, 192.21508005)
  (1949.79000000, 192.21508005)
  (1949.87400000, 192.21508005)
  (1949.95800000, 192.21508005)
  (1950.04200000, 135.27869154)
  (1950.12300000, 135.27869154)
  (1950.20400000, 135.27869154)
  (1950.28800000, 135.27869154)
  (1950.37100000, 135.27869154)
  (1950.45500000, 135.27869154)
  (1950.53800000, 135.27869154)
  (1950.62300000, 135.27869154)
  (1950.70700000,  94.02733756)
  (1950.79000000,  94.02733756)
  (1950.87400000,  94.02733756)
  (1950.95800000,  94.02733756)
  (1951.04200000,  94.02733756)
  (1951.12300000,  94.02733756)
  (1951.20400000,  94.02733756)
  (1951.28800000,  94.02733756)
  (1951.37100000,  94.00391413)
  (1951.45500000,  94.00391413)
  (1951.53800000,  94.00391413)
  (1951.62300000,  94.00391413)
  (1951.70700000,  94.00391413)
  (1951.79000000,  94.00391413)
  (1951.87400000,  94.00391413)
  (1951.95800000,  94.00391413)
  (1952.04200000,  52.93055763)
  (1952.12400000,  52.93055763)
  (1952.20600000,  52.93055763)
  (1952.29000000,  52.93055763)
  (1952.37300000,  52.93055763)
  (1952.45600000,  52.93055763)
  (1952.54000000,  52.93055763)
  (1952.62400000,  52.93055763)
  (1952.70800000,  21.71062555)
  (1952.79100000,  21.71062555)
  (1952.87400000,  21.71062555)
  (1952.95800000,  21.71062555)
  (1953.04200000,  21.71062555)
  (1953.12300000,  21.71062555)
  (1953.20400000,  21.71062555)
  (1953.28800000,  21.71062555)
  (1953.37100000,  21.20511272)
  (1953.45500000,  21.20511272)
  (1953.53800000,  21.20511272)
  (1953.62300000,  21.20511272)
  (1953.70700000,  21.20511272)
  (1953.79000000,  21.20511272)
  (1953.87400000,  21.20511272)
  (1953.95800000,  21.20511272)
  (1954.04200000,  -6.31659930)
  (1954.12300000,  -6.31659930)
  (1954.20400000,  -6.31659930)
  (1954.28800000,  -6.31659930)
  (1954.37100000,  -6.31659930)
  (1954.45500000,  -6.31659930)
  (1954.53800000,  -6.31659930)
  (1954.62300000,  -6.31659930)
  (1954.70700000,  18.78806175)
  (1954.79000000,  18.78806175)
  (1954.87400000,  18.78806175)
  (1954.95800000,  18.78806175)
  (1955.04200000,  18.78806175)
  (1955.12300000,  18.78806175)
  (1955.20400000,  18.78806175)
  (1955.28800000,  18.78806175)
  (1955.37100000,  62.41746203)
  (1955.45500000,  62.41746203)
  (1955.53800000,  62.41746203)
  (1955.62300000,  62.41746203)
  (1955.70700000,  62.41746203)
  (1955.79000000,  62.41746203)
  (1955.87400000,  62.41746203)
  (1955.95800000,  62.41746203)
  (1956.04200000, 185.34004357)
  (1956.12400000, 185.34004357)
  (1956.20600000, 185.34004357)
  (1956.29000000, 185.34004357)
  (1956.37300000, 185.34004357)
  (1956.45600000, 185.34004357)
  (1956.54000000, 185.34004357)
  (1956.62400000, 185.34004357)
  (1956.70800000, 240.68487666)
  (1956.79100000, 240.68487666)
  (1956.87400000, 240.68487666)
  (1956.95800000, 240.68487666)
  (1957.04200000, 240.68487666)
  (1957.12300000, 240.68487666)
  (1957.20400000, 240.68487666)
  (1957.28800000, 240.68487666)
  (1957.37100000, 288.68083883)
  (1957.45500000, 288.68083883)
  (1957.53800000, 288.68083883)
  (1957.62300000, 288.68083883)
  (1957.70700000, 288.68083883)
  (1957.79000000, 288.68083883)
  (1957.87400000, 288.68083883)
  (1957.95800000, 288.68083883)
  (1958.04200000, 289.73716357)
  (1958.12300000, 289.73716357)
  (1958.20400000, 289.73716357)
  (1958.28800000, 289.73716357)
  (1958.37100000, 289.73716357)
  (1958.45500000, 289.73716357)
  (1958.53800000, 289.73716357)
  (1958.62300000, 289.73716357)
  (1958.70700000, 247.84192307)
  (1958.79000000, 247.84192307)
  (1958.87400000, 247.84192307)
  (1958.95800000, 247.84192307)
  (1959.04200000, 247.84192307)
  (1959.12300000, 247.84192307)
  (1959.20400000, 247.84192307)
  (1959.28800000, 247.84192307)
  (1959.37100000, 234.19782308)
  (1959.45500000, 234.19782308)
  (1959.53800000, 234.19782308)
  (1959.62300000, 234.19782308)
  (1959.70700000, 234.19782308)
  (1959.79000000, 234.19782308)
  (1959.87400000, 234.19782308)
  (1959.95800000, 234.19782308)
  (1960.04200000, 159.90353330)
  (1960.12400000, 159.90353330)
  (1960.20600000, 159.90353330)
  (1960.29000000, 159.90353330)
  (1960.37300000, 159.90353330)
  (1960.45600000, 159.90353330)
  (1960.54000000, 159.90353330)
  (1960.62400000, 159.90353330)
  (1960.70800000, 123.52858790)
  (1960.79100000, 123.52858790)
  (1960.87400000, 123.52858790)
  (1960.95800000, 123.52858790)
  (1961.04200000, 123.52858790)
  (1961.12300000, 123.52858790)
  (1961.20400000, 123.52858790)
  (1961.28800000, 123.52858790)
  (1961.37100000,  60.23650279)
  (1961.45500000,  60.23650279)
  (1961.53800000,  60.23650279)
  (1961.62300000,  60.23650279)
  (1961.70700000,  60.23650279)
  (1961.79000000,  60.23650279)
  (1961.87400000,  60.23650279)
  (1961.95800000,  60.23650279)
  (1962.04200000,  68.96663415)
  (1962.12300000,  68.96663415)
  (1962.20400000,  68.96663415)
  (1962.28800000,  68.96663415)
  (1962.37100000,  68.96663415)
  (1962.45500000,  68.96663415)
  (1962.53800000,  68.96663415)
  (1962.62300000,  68.96663415)
  (1962.70700000,  41.47433041)
  (1962.79000000,  41.47433041)
  (1962.87400000,  41.47433041)
  (1962.95800000,  41.47433041)
  (1963.04200000,  41.47433041)
  (1963.12300000,  41.47433041)
  (1963.20400000,  41.47433041)
  (1963.28800000,  41.47433041)
  (1963.37100000,  38.96513350)
  (1963.45500000,  38.96513350)
  (1963.53800000,  38.96513350)
  (1963.62300000,  38.96513350)
  (1963.70700000,  38.96513350)
  (1963.79000000,  38.96513350)
  (1963.87400000,  38.96513350)
  (1963.95800000,  38.96513350)
  (1964.04200000,  15.07168079)
  (1964.12400000,  15.07168079)
  (1964.20600000,  15.07168079)
  (1964.29000000,  15.07168079)
  (1964.37300000,  15.07168079)
  (1964.45600000,  15.07168079)
  (1964.54000000,  15.07168079)
  (1964.62400000,  15.07168079)
  (1964.70800000,   9.14163034)
  (1964.79100000,   9.14163034)
  (1964.87400000,   9.14163034)
  (1964.95800000,   9.14163034)
  (1965.04200000,   9.14163034)
  (1965.12300000,   9.14163034)
  (1965.20400000,   9.14163034)
  (1965.28800000,   9.14163034)
  (1965.37100000,  22.75869534)
  (1965.45500000,  22.75869534)
  (1965.53800000,  22.75869534)
  (1965.62300000,  22.75869534)
  (1965.70700000,  22.75869534)
  (1965.79000000,  22.75869534)
  (1965.87400000,  22.75869534)
  (1965.95800000,  22.75869534)
  (1966.04200000,  54.36557845)
  (1966.12300000,  54.36557845)
  (1966.20400000,  54.36557845)
  (1966.28800000,  54.36557845)
  (1966.37100000,  54.36557845)
  (1966.45500000,  54.36557845)
  (1966.53800000,  54.36557845)
  (1966.62300000,  54.36557845)
  (1966.70700000, 113.88019594)
  (1966.79000000, 113.88019594)
  (1966.87400000, 113.88019594)
  (1966.95800000, 113.88019594)
  (1967.04200000, 113.88019594)
  (1967.12300000, 113.88019594)
  (1967.20400000, 113.88019594)
  (1967.28800000, 113.88019594)
  (1967.37100000, 130.94514947)
  (1967.45500000, 130.94514947)
  (1967.53800000, 130.94514947)
  (1967.62300000, 130.94514947)
  (1967.70700000, 130.94514947)
  (1967.79000000, 130.94514947)
  (1967.87400000, 130.94514947)
  (1967.95800000, 130.94514947)
  (1968.04200000, 153.42669523)
  (1968.12400000, 153.42669523)
  (1968.20600000, 153.42669523)
  (1968.29000000, 153.42669523)
  (1968.37300000, 153.42669523)
  (1968.45600000, 153.42669523)
  (1968.54000000, 153.42669523)
  (1968.62400000, 153.42669523)
  (1968.70800000, 162.21956425)
  (1968.79100000, 162.21956425)
  (1968.87400000, 162.21956425)
  (1968.95800000, 162.21956425)
  (1969.04200000, 162.21956425)
  (1969.12300000, 162.21956425)
  (1969.20400000, 162.21956425)
  (1969.28800000, 162.21956425)
  (1969.37100000, 143.90377859)
  (1969.45500000, 143.90377859)
  (1969.53800000, 143.90377859)
  (1969.62300000, 143.90377859)
  (1969.70700000, 143.90377859)
  (1969.79000000, 143.90377859)
  (1969.87400000, 143.90377859)
  (1969.95800000, 143.90377859)
  (1970.04200000, 162.86675276)
  (1970.12300000, 162.86675276)
  (1970.20400000, 162.86675276)
  (1970.28800000, 162.86675276)
  (1970.37100000, 162.86675276)
  (1970.45500000, 162.86675276)
  (1970.53800000, 162.86675276)
  (1970.62300000, 162.86675276)
  (1970.70700000, 119.24457557)
  (1970.79000000, 119.24457557)
  (1970.87400000, 119.24457557)
  (1970.95800000, 119.24457557)
  (1971.04200000, 119.24457557)
  (1971.12300000, 119.24457557)
  (1971.20400000, 119.24457557)
  (1971.28800000, 119.24457557)
  (1971.37100000,  89.20613400)
  (1971.45500000,  89.20613400)
  (1971.53800000,  89.20613400)
  (1971.62300000,  89.20613400)
  (1971.70700000,  89.20613400)
  (1971.79000000,  89.20613400)
  (1971.87400000,  89.20613400)
  (1971.95800000,  89.20613400)
  (1972.04200000, 109.51033206)
  (1972.12400000, 109.51033206)
  (1972.20600000, 109.51033206)
  (1972.29000000, 109.51033206)
  (1972.37300000, 109.51033206)
  (1972.45600000, 109.51033206)
  (1972.54000000, 109.51033206)
  (1972.62400000, 109.51033206)
  (1972.70800000,  71.56034116)
  (1972.79100000,  71.56034116)
  (1972.87400000,  71.56034116)
  (1972.95800000,  71.56034116)
  (1973.04200000,  71.56034116)
  (1973.12300000,  71.56034116)
  (1973.20400000,  71.56034116)
  (1973.28800000,  71.56034116)
  (1973.37100000,  48.84765665)
  (1973.45500000,  48.84765665)
  (1973.53800000,  48.84765665)
  (1973.62300000,  48.84765665)
  (1973.70700000,  48.84765665)
  (1973.79000000,  48.84765665)
  (1973.87400000,  48.84765665)
  (1973.95800000,  48.84765665)
  (1974.04200000,  44.95823118)
  (1974.12300000,  44.95823118)
  (1974.20400000,  44.95823118)
  (1974.28800000,  44.95823118)
  (1974.37100000,  44.95823118)
  (1974.45500000,  44.95823118)
  (1974.53800000,  44.95823118)
  (1974.62300000,  44.95823118)
  (1974.70700000,  32.58869633)
  (1974.79000000,  32.58869633)
  (1974.87400000,  32.58869633)
  (1974.95800000,  32.58869633)
  (1975.04200000,  32.58869633)
  (1975.12300000,  32.58869633)
  (1975.20400000,  32.58869633)
  (1975.28800000,  32.58869633)
  (1975.37100000,  18.59520535)
  (1975.45500000,  18.59520535)
  (1975.53800000,  18.59520535)
  (1975.62300000,  18.59520535)
  (1975.70700000,  18.59520535)
  (1975.79000000,  18.59520535)
  (1975.87400000,  18.59520535)
  (1975.95800000,  18.59520535)
  (1976.04200000,  16.96371659)
  (1976.12400000,  16.96371659)
  (1976.20600000,  16.96371659)
  (1976.29000000,  16.96371659)
  (1976.37300000,  16.96371659)
  (1976.45600000,  16.96371659)
  (1976.54000000,  16.96371659)
  (1976.62400000,  16.96371659)
  (1976.70800000,  14.46112365)
  (1976.79100000,  14.46112365)
  (1976.87400000,  14.46112365)
  (1976.95800000,  14.46112365)
  (1977.04200000,  14.46112365)
  (1977.12300000,  14.46112365)
  (1977.20400000,  14.46112365)
  (1977.28800000,  14.46112365)
  (1977.37100000,  49.03256765)
  (1977.45500000,  49.03256765)
  (1977.53800000,  49.03256765)
  (1977.62300000,  49.03256765)
  (1977.70700000,  49.03256765)
  (1977.79000000,  49.03256765)
  (1977.87400000,  49.03256765)
  (1977.95800000,  49.03256765)
  (1978.04200000, 109.65066631)
  (1978.12300000, 109.65066631)
  (1978.20400000, 109.65066631)
  (1978.28800000, 109.65066631)
  (1978.37100000, 109.65066631)
  (1978.45500000, 109.65066631)
  (1978.53800000, 109.65066631)
  (1978.62300000, 109.65066631)
  (1978.70700000, 189.66594980)
  (1978.79000000, 189.66594980)
  (1978.87400000, 189.66594980)
  (1978.95800000, 189.66594980)
  (1979.04200000, 189.66594980)
  (1979.12300000, 189.66594980)
  (1979.20400000, 189.66594980)
  (1979.28800000, 189.66594980)
  (1979.37100000, 239.88548741)
  (1979.45500000, 239.88548741)
  (1979.53800000, 239.88548741)
  (1979.62300000, 239.88548741)
  (1979.70700000, 239.88548741)
  (1979.79000000, 239.88548741)
  (1979.87400000, 239.88548741)
  (1979.95800000, 239.88548741)
  (1980.04200000, 224.48205004)
  (1980.12400000, 224.48205004)
  (1980.20600000, 224.48205004)
  (1980.29000000, 224.48205004)
  (1980.37300000, 224.48205004)
  (1980.45600000, 224.48205004)
  (1980.54000000, 224.48205004)
  (1980.62400000, 224.48205004)
  (1980.70800000, 214.65834346)
  (1980.79100000, 214.65834346)
  (1980.87400000, 214.65834346)
  (1980.95800000, 214.65834346)
  (1981.04200000, 214.65834346)
  (1981.12300000, 214.65834346)
  (1981.20400000, 214.65834346)
  (1981.28800000, 214.65834346)
  (1981.37100000, 211.08921027)
  (1981.45500000, 211.08921027)
  (1981.53800000, 211.08921027)
  (1981.62300000, 211.08921027)
  (1981.70700000, 211.08921027)
  (1981.79000000, 211.08921027)
  (1981.87400000, 211.08921027)
  (1981.95800000, 211.08921027)
  (1982.04200000, 172.22126831)
  (1982.12300000, 172.22126831)
  (1982.20400000, 172.22126831)
  (1982.28800000, 172.22126831)
  (1982.37100000, 172.22126831)
  (1982.45500000, 172.22126831)
  (1982.53800000, 172.22126831)
  (1982.62300000, 172.22126831)
  (1982.70700000, 127.62830836)
  (1982.79000000, 127.62830836)
  (1982.87400000, 127.62830836)
  (1982.95800000, 127.62830836)
  (1983.04200000, 127.62830836)
  (1983.12300000, 127.62830836)
  (1983.20400000, 127.62830836)
  (1983.28800000, 127.62830836)
  (1983.37100000,  85.86783000)
  (1983.45500000,  85.86783000)
  (1983.53800000,  85.86783000)
  (1983.62300000,  85.86783000)
  (1983.70700000,  85.86783000)
  (1983.79000000,  85.86783000)
  (1983.87400000,  85.86783000)
  (1983.95800000,  85.86783000)
  (1984.04200000,  80.33205686)
  (1984.12400000,  80.33205686)
  (1984.20600000,  80.33205686)
  (1984.29000000,  80.33205686)
  (1984.37300000,  80.33205686)
  (1984.45600000,  80.33205686)
  (1984.54000000,  80.33205686)
  (1984.62400000,  80.33205686)
  (1984.70800000,  16.40599116)
  (1984.79100000,  16.40599116)
  (1984.87400000,  16.40599116)
  (1984.95800000,  16.40599116)
  (1985.04200000,  16.40599116)
  (1985.12300000,  16.40599116)
  (1985.20400000,  16.40599116)
  (1985.28800000,  16.40599116)
  (1985.37100000,  17.71326655)
  (1985.45500000,  17.71326655)
  (1985.53800000,  17.71326655)
  (1985.62300000,  17.71326655)
  (1985.70700000,  17.71326655)
  (1985.79000000,  17.71326655)
  (1985.87400000,  17.71326655)
  (1985.95800000,  17.71326655)
  (1986.04200000,  10.15864085)
  (1986.12300000,  10.15864085)
  (1986.20400000,  10.15864085)
  (1986.28800000,  10.15864085)
  (1986.37100000,  10.15864085)
  (1986.45500000,  10.15864085)
  (1986.53800000,  10.15864085)
  (1986.62300000,  10.15864085)
  (1986.70700000,  14.05467028)
  (1986.79000000,  14.05467028)
  (1986.87400000,  14.05467028)
  (1986.95800000,  14.05467028)
  (1987.04200000,  14.05467028)
  (1987.12300000,  14.05467028)
  (1987.20400000,  14.05467028)
  (1987.28800000,  14.05467028)
  (1987.37100000,  38.67455907)
  (1987.45500000,  38.67455907)
  (1987.53800000,  38.67455907)
  (1987.62300000,  38.67455907)
  (1987.70700000,  38.67455907)
  (1987.79000000,  38.67455907)
  (1987.87400000,  38.67455907)
  (1987.95800000,  38.67455907)
  (1988.04200000,  98.87598885)
  (1988.12400000,  98.87598885)
  (1988.20600000,  98.87598885)
  (1988.29000000,  98.87598885)
  (1988.37300000,  98.87598885)
  (1988.45600000,  98.87598885)
  (1988.54000000,  98.87598885)
  (1988.62400000,  98.87598885)
  (1988.70800000, 185.96938073)
  (1988.79100000, 185.96938073)
  (1988.87400000, 185.96938073)
  (1988.95800000, 185.96938073)
  (1989.04200000, 185.96938073)
  (1989.12300000, 185.96938073)
  (1989.20400000, 185.96938073)
  (1989.28800000, 185.96938073)
  (1989.37100000, 225.95143212)
  (1989.45500000, 225.95143212)
  (1989.53800000, 225.95143212)
  (1989.62300000, 225.95143212)
  (1989.70700000, 225.95143212)
  (1989.79000000, 225.95143212)
  (1989.87400000, 225.95143212)
  (1989.95800000, 225.95143212)
  (1990.04200000, 204.66984732)
  (1990.12300000, 204.66984732)
  (1990.20400000, 204.66984732)
  (1990.28800000, 204.66984732)
  (1990.37100000, 204.66984732)
  (1990.45500000, 204.66984732)
  (1990.53800000, 204.66984732)
  (1990.62300000, 204.66984732)
  (1990.70700000, 198.91480192)
  (1990.79000000, 198.91480192)
  (1990.87400000, 198.91480192)
  (1990.95800000, 198.91480192)
  (1991.04200000, 198.91480192)
  (1991.12300000, 198.91480192)
  (1991.20400000, 198.91480192)
  (1991.28800000, 198.91480192)
  (1991.37100000, 212.38327773)
  (1991.45500000, 212.38327773)
  (1991.53800000, 212.38327773)
  (1991.62300000, 212.38327773)
  (1991.70700000, 212.38327773)
  (1991.79000000, 212.38327773)
  (1991.87400000, 212.38327773)
  (1991.95800000, 212.38327773)
  (1992.04200000, 139.01684494)
  (1992.12400000, 139.01684494)
  (1992.20600000, 139.01684494)
  (1992.29000000, 139.01684494)
  (1992.37300000, 139.01684494)
  (1992.45600000, 139.01684494)
  (1992.54000000, 139.01684494)
  (1992.62400000, 139.01684494)
  (1992.70800000, 116.53333863)
  (1992.79100000, 116.53333863)
  (1992.87400000, 116.53333863)
  (1992.95800000, 116.53333863)
  (1993.04200000, 116.53333863)
  (1993.12300000, 116.53333863)
  (1993.20400000, 116.53333863)
  (1993.28800000, 116.53333863)
  (1993.37100000,  58.32960807)
  (1993.45500000,  58.32960807)
  (1993.53800000,  58.32960807)
  (1993.62300000,  58.32960807)
  (1993.70700000,  58.32960807)
  (1993.79000000,  58.32960807)
  (1993.87400000,  58.32960807)
  (1993.95800000,  58.32960807)
  (1994.04200000,  48.39363409)
  (1994.12300000,  48.39363409)
  (1994.20400000,  48.39363409)
  (1994.28800000,  48.39363409)
  (1994.37100000,  48.39363409)
  (1994.45500000,  48.39363409)
  (1994.53800000,  48.39363409)
  (1994.62300000,  48.39363409)
  (1994.70700000,  42.20406847)
  (1994.79000000,  42.20406847)
  (1994.87400000,  42.20406847)
  (1994.95800000,  42.20406847)
  (1995.04200000,  42.20406847)
  (1995.12300000,  42.20406847)
  (1995.20400000,  42.20406847)
  (1995.28800000,  42.20406847)
  (1995.37100000,  10.63082431)
  (1995.45500000,  10.63082431)
  (1995.53800000,  10.63082431)
  (1995.62300000,  10.63082431)
  (1995.70700000,  10.63082431)
  (1995.79000000,  10.63082431)
  (1995.87400000,  10.63082431)
  (1995.95800000,  10.63082431)
  (1996.04200000,  13.19945689)
  (1996.12400000,  13.19945689)
  (1996.20600000,  13.19945689)
  (1996.29000000,  13.19945689)
  (1996.37300000,  13.19945689)
  (1996.45600000,  13.19945689)
  (1996.54000000,  13.19945689)
  (1996.62400000,  13.19945689)
  (1996.70800000,   2.75889876)
  (1996.79100000,   2.75889876)
  (1996.87400000,   2.75889876)
  (1996.95800000,   2.75889876)
  (1997.04200000,   2.75889876)
  (1997.12300000,   2.75889876)
  (1997.20400000,   2.75889876)
  (1997.28800000,   2.75889876)
  (1997.37100000,  39.24549243)
  (1997.45500000,  39.24549243)
  (1997.53800000,  39.24549243)
  (1997.62300000,  39.24549243)
  (1997.70700000,  39.24549243)
  (1997.79000000,  39.24549243)
  (1997.87400000,  39.24549243)
  (1997.95800000,  39.24549243)
  (1998.04200000,  73.22319876)
  (1998.12300000,  73.22319876)
  (1998.20400000,  73.22319876)
  (1998.28800000,  73.22319876)
  (1998.37100000,  73.22319876)
  (1998.45500000,  73.22319876)
  (1998.53800000,  73.22319876)
  (1998.62300000,  73.22319876)
  (1998.70700000, 107.25311767)
  (1998.79000000, 107.25311767)
  (1998.87400000, 107.25311767)
  (1998.95800000, 107.25311767)
  (1999.04200000, 107.25311767)
  (1999.12300000, 107.25311767)
  (1999.20400000, 107.25311767)
  (1999.28800000, 107.25311767)
  (1999.37100000, 155.52180293)
  (1999.45500000, 155.52180293)
  (1999.53800000, 155.52180293)
  (1999.62300000, 155.52180293)
  (1999.70700000, 155.52180293)
  (1999.79000000, 155.52180293)
  (1999.87400000, 155.52180293)
  (1999.95800000, 155.52180293)
  (2000.04200000, 183.06198541)
  (2000.12400000, 183.06198541)
  (2000.20600000, 183.06198541)
  (2000.29000000, 183.06198541)
  (2000.37300000, 183.06198541)
  (2000.45600000, 183.06198541)
  (2000.54000000, 183.06198541)
  (2000.62400000, 183.06198541)
  (2000.70800000, 161.13981607)
  (2000.79100000, 161.13981607)
  (2000.87400000, 161.13981607)
  (2000.95800000, 161.13981607)
  (2001.04200000, 161.13981607)
  (2001.12300000, 161.13981607)
  (2001.20400000, 161.13981607)
  (2001.28800000, 161.13981607)
  (2001.37100000, 178.45241827)
  (2001.45500000, 178.45241827)
  (2001.53800000, 178.45241827)
  (2001.62300000, 178.45241827)
  (2001.70700000, 178.45241827)
  (2001.79000000, 178.45241827)
  (2001.87400000, 178.45241827)
  (2001.95800000, 178.45241827)
  (2002.04200000, 181.09699645)
  (2002.12300000, 181.09699645)
  (2002.20400000, 181.09699645)
  (2002.28800000, 181.09699645)
  (2002.37100000, 181.09699645)
  (2002.45500000, 181.09699645)
  (2002.53800000, 181.09699645)
  (2002.62300000, 181.09699645)
  (2002.70700000, 122.66212714)
  (2002.79000000, 122.66212714)
  (2002.87400000, 122.66212714)
  (2002.95800000, 122.66212714)
  (2003.04200000, 122.66212714)
  (2003.12300000, 122.66212714)
  (2003.20400000, 122.66212714)
  (2003.28800000, 122.66212714)
  (2003.37100000, 106.98730811)
  (2003.45500000, 106.98730811)
  (2003.53800000, 106.98730811)
  (2003.62300000, 106.98730811)
  (2003.70700000, 106.98730811)
  (2003.79000000, 106.98730811)
  (2003.87400000, 106.98730811)
  (2003.95800000, 106.98730811)
  (2004.04200000,  60.92826806)
  (2004.12400000,  60.92826806)
  (2004.20600000,  60.92826806)
  (2004.29000000,  60.92826806)
  (2004.37300000,  60.92826806)
  (2004.45600000,  60.92826806)
  (2004.54000000,  60.92826806)
  (2004.62400000,  60.92826806)
  (2004.70800000,  55.64808897)
  (2004.79100000,  55.64808897)
  (2004.87400000,  55.64808897)
  (2004.95800000,  55.64808897)
  (2005.04200000,  55.64808897)
  (2005.12300000,  55.64808897)
  (2005.20400000,  55.64808897)
  (2005.28800000,  55.64808897)
  (2005.37100000,  37.85535793)
  (2005.45500000,  37.85535793)
  (2005.53800000,  37.85535793)
  (2005.62300000,  37.85535793)
  (2005.70700000,  37.85535793)
  (2005.79000000,  37.85535793)
  (2005.87400000,  37.85535793)
  (2005.95800000,  37.85535793)
  (2006.04200000,  29.03277107)
  (2006.12300000,  29.03277107)
  (2006.20400000,  29.03277107)
  (2006.28800000,  29.03277107)
  (2006.37100000,  29.03277107)
  (2006.45500000,  29.03277107)
  (2006.53800000,  29.03277107)
  (2006.62300000,  29.03277107)
  (2006.70700000,   8.54696398)
  (2006.79000000,   8.54696398)
  (2006.87400000,   8.54696398)
  (2006.95800000,   8.54696398)
  (2007.04200000,   8.54696398)
  (2007.12300000,   8.54696398)
  (2007.20400000,   8.54696398)
  (2007.28800000,   8.54696398)
  (2007.37100000,  14.82103971)
  (2007.45500000,  14.82103971)
  (2007.53800000,  14.82103971)
  (2007.62300000,  14.82103971)
  (2007.70700000,  14.82103971)
  (2007.79000000,  14.82103971)
  (2007.87400000,  14.82103971)
  (2007.95800000,  14.82103971)
  (2008.04200000,  -7.31575847)
  (2008.12400000,  -7.31575847)
  (2008.20600000,  -7.31575847)
  (2008.29000000,  -7.31575847)
  (2008.37300000,  -7.31575847)
  (2008.45600000,  -7.31575847)
  (2008.54000000,  -7.31575847)
  (2008.62400000,  -7.31575847)
  (2008.70800000,   5.04717242)
  (2008.79100000,   5.04717242)
  (2008.87400000,   5.04717242)
  (2008.95800000,   5.04717242)
  (2009.04200000,   5.04717242)
  (2009.12300000,   5.04717242)
  (2009.20400000,   5.04717242)
  (2009.28800000,   5.04717242)
  (2009.37100000,  -5.21569780)
  (2009.45500000,  -5.21569780)
  (2009.53800000,  -5.21569780)
  (2009.62300000,  -5.21569780)
  (2009.70700000,  -5.21569780)
  (2009.79000000,  -5.21569780)
  (2009.87400000,  -5.21569780)
  (2009.95800000,  -5.21569780)
  (2010.04200000,  25.20247172)
  (2010.12300000,  25.20247172)
  (2010.20400000,  25.20247172)
  (2010.28800000,  25.20247172)
  (2010.37100000,  25.20247172)
  (2010.45500000,  25.20247172)
  (2010.53800000,  25.20247172)
  (2010.62300000,  25.20247172)
  (2010.70700000,  52.80869385)
  (2010.79000000,  52.80869385)
  (2010.87400000,  52.80869385)
  (2010.95800000,  52.80869385)
  (2011.04200000,  52.80869385)
  (2011.12300000,  52.80869385)
  (2011.20400000,  52.80869385)
  (2011.28800000,  52.80869385)
  (2011.37100000,  82.80028854)
  (2011.45500000,  82.80028854)
  (2011.53800000,  82.80028854)
  (2011.62300000,  82.80028854)
  (2011.70700000,  82.80028854)
  (2011.79000000,  82.80028854)
  (2011.87400000,  82.80028854)
  (2011.95800000,  82.80028854)
  (2012.04200000,  97.57036445)
  (2012.12400000,  97.57036445)
  (2012.20600000,  97.57036445)
  (2012.29000000,  97.57036445)
  (2012.37300000,  97.57036445)
  (2012.45600000,  97.57036445)
  (2012.54000000,  97.57036445)
  (2012.62400000,  97.57036445)
  (2012.70800000,  72.02261867)
  (2012.79100000,  72.02261867)
  (2012.87400000,  72.02261867)
  (2012.95800000,  72.02261867)
  (2013.04200000,  72.02261867)
  (2013.12300000,  72.02261867)
  (2013.20400000,  72.02261867)
  (2013.28800000,  72.02261867)
  (2013.37100000, 108.63860877)
  (2013.45500000, 108.63860877)
  (2013.53800000, 108.63860877)
  (2013.62300000, 108.63860877)
  (2013.70700000, 108.63860877)
  (2013.79000000, 108.63860877)
  (2013.87400000, 108.63860877)
  (2013.95800000, 108.63860877)
  (2014.04200000, 107.63119464)
  (2014.12300000, 107.63119464)
  (2014.20400000, 107.63119464)
  (2014.28800000, 107.63119464)
  (2014.37100000, 107.63119464)
  (2014.45500000, 107.63119464)
  (2014.53800000, 107.63119464)
  (2014.62300000, 107.63119464)
  (2014.70700000, 101.25537658)
  (2014.79000000, 101.25537658)
  (2014.87400000, 101.25537658)
  (2014.95800000, 101.25537658)
  (2015.04200000, 101.25537658)
  (2015.12300000, 101.25537658)
  (2015.20400000, 101.25537658)
  (2015.28800000, 101.25537658)
  (2015.37100000,  57.58635252)
  (2015.45500000,  57.58635252)
  (2015.53800000,  57.58635252)
  (2015.62300000,  57.58635252)
  (2015.70700000,  57.58635252)
  (2015.79000000,  57.58635252)
  (2015.87400000,  57.58635252)
  (2015.95800000,  57.58635252)
  (2016.04200000,  35.21047019)
  (2016.12400000,  35.21047019)
  (2016.20600000,  35.21047019)
  (2016.28800000,  35.21047019)
  (2016.37300000,  35.21047019)
  (2016.45500000,  35.21047019)
  (2016.54000000,  35.21047019)
  (2016.62400000,  35.21047019)
  (2016.70600000,  32.03427288)
  (2016.79100000,  32.03427288)
  (2016.87300000,  32.03427288)
  (2016.95800000,  32.03427288)
  (2017.04200000,  32.03427288)
  (2017.12200000,  32.03427288)
  (2017.20400000,  32.03427288)
  (2017.28600000,  32.03427288)
  (2017.37100000,   8.70215714)
  (2017.45300000,   8.70215714)
  (2017.53800000,   8.70215714)
  (2017.62300000,   8.70215714)
  (2017.70500000,   8.70215714)
  (2017.79000000,   8.70215714)
  (2017.87300000,   8.70215714)
  (2017.95800000,   8.70215714)
  (2018.04200000,  11.89218150)
  (2018.12200000,  11.89218150)
  (2018.20400000,  11.89218150)
  (2018.28600000,  11.89218150)
  (2018.37100000,  11.89218150)
  (2018.45300000,  11.89218150)
  (2018.53800000,  11.89218150)
  (2018.62300000,  11.89218150)
  (2018.70500000,  -6.63224816)
  (2018.79000000,  -6.63224816)
  (2018.87300000,  -6.63224816)
  (2018.95800000,  -6.63224816)
  (2019.04200000,  -6.63224816)
  (2019.12200000,  -6.63224816)
  (2019.20400000,  -6.63224816)
  (2019.28600000,  -6.63224816)
  (2019.37100000,   5.03726647)
  (2019.45300000,   5.03726647)
  (2019.53800000,   5.03726647)
  (2019.62300000,   5.03726647)
  (2019.70500000,   5.03726647)
  (2019.79000000,   5.03726647)
  (2019.87300000,   5.03726647)
  (2019.95800000,   5.03726647)
  (2020.04200000,  -8.01908068)
  (2020.12400000,  -8.01908068)
  (2020.20600000,  -8.01908068)
  (2020.28800000,  -8.01908068)
  (2020.37300000,  -8.01908068)
  (2020.45500000,  -8.01908068)
  (2020.54000000,  -8.01908068)
  (2020.62400000,  -8.01908068)
  (2020.70600000,  20.53016692)
  (2020.79100000,  20.53016692)
  (2020.87300000,  20.53016692)
  (2020.95800000,  20.53016692)
  (2021.04200000,  20.53016692)
  (2021.12200000,  20.53016692)
  (2021.20400000,  20.53016692)
  (2021.28600000,  20.53016692)
]
