%=============================================================================
% Daniel J. Greenhoe 
% Sunspot DFT synthesis vector data using 2 x 17 = 34 coefficients
% Sunspot data file suitable for use with LaTeX PStricks / pst-plot
% For an example, see "sunspots_dft_synth.tex"
% This file auto-generated using "sunspots.R" --- hand-editing not recommended
% Total RMS synthesis error using 17 coefficient pairs =   0.83069000
%=============================================================================
[
  (1854.62300000, -15.39729729)
  (1854.70700000, -12.65729030)
  (1854.79000000,  -9.82423342)
  (1854.87400000,  -6.90280170)
  (1854.95800000,  -3.89777632)
  (1855.04200000,  -0.81403531)
  (1855.12300000,   2.34345584)
  (1855.20400000,   5.56965351)
  (1855.28800000,   8.85944538)
  (1855.37100000,  12.20765978)
  (1855.45500000,  15.60907508)
  (1855.53800000,  19.05842902)
  (1855.62300000,  22.55042798)
  (1855.70700000,  26.07975616)
  (1855.79000000,  29.64108475)
  (1855.87400000,  33.22908091)
  (1855.95800000,  36.83841667)
  (1856.04200000,  40.46377771)
  (1856.12400000,  44.09987199)
  (1856.20600000,  47.74143821)
  (1856.29000000,  51.38325412)
  (1856.37300000,  55.02014464)
  (1856.45600000,  58.64698976)
  (1856.54000000,  62.25873228)
  (1856.62400000,  65.85038534)
  (1856.70800000,  69.41703968)
  (1856.79100000,  72.95387070)
  (1856.87400000,  76.45614528)
  (1856.95800000,  79.91922834)
  (1857.04200000,  83.33858919)
  (1857.12300000,  86.70980752)
  (1857.20400000,  90.02857926)
  (1857.28800000,  93.29072207)
  (1857.37100000,  96.49218056)
  (1857.45500000,  99.62903132)
  (1857.53800000, 102.69748755)
  (1857.62300000, 105.69390349)
  (1857.70700000, 108.61477853)
  (1857.79000000, 111.45676106)
  (1857.87400000, 114.21665198)
  (1857.95800000, 116.89140799)
  (1858.04200000, 119.47814457)
  (1858.12300000, 121.97413861)
  (1858.20400000, 124.37683088)
  (1858.28800000, 126.68382810)
  (1858.37100000, 128.89290478)
  (1858.45500000, 131.00200482)
  (1858.53800000, 133.00924276)
  (1858.62300000, 134.91290479)
  (1858.70700000, 136.71144954)
  (1858.79000000, 138.40350852)
  (1858.87400000, 139.98788638)
  (1858.95800000, 141.46356086)
  (1859.04200000, 142.82968252)
  (1859.12300000, 144.08557427)
  (1859.20400000, 145.23073054)
  (1859.28800000, 146.26481635)
  (1859.37100000, 147.18766608)
  (1859.45500000, 147.99928207)
  (1859.53800000, 148.69983292)
  (1859.62300000, 149.28965172)
  (1859.70700000, 149.76923392)
  (1859.79000000, 150.13923518)
  (1859.87400000, 150.40046888)
  (1859.95800000, 150.55390352)
  (1860.04200000, 150.60065998)
  (1860.12400000, 150.54200854)
  (1860.20600000, 150.37936581)
  (1860.29000000, 150.11429145)
  (1860.37300000, 149.74848476)
  (1860.45600000, 149.28378119)
  (1860.54000000, 148.72214861)
  (1860.62400000, 148.06568355)
  (1860.70800000, 147.31660729)
  (1860.79100000, 146.47726177)
  (1860.87400000, 145.55010556)
  (1860.95800000, 144.53770950)
  (1861.04200000, 143.44275247)
  (1861.12300000, 142.26801691)
  (1861.20400000, 141.01638434)
  (1861.28800000, 139.69083078)
  (1861.37100000, 138.29442209)
  (1861.45500000, 136.83030925)
  (1861.53800000, 135.30172360)
  (1861.62300000, 133.71197198)
  (1861.70700000, 132.06443185)
  (1861.79000000, 130.36254636)
  (1861.87400000, 128.60981939)
  (1861.95800000, 126.80981050)
  (1862.04200000, 124.96612993)
  (1862.12300000, 123.08243350)
  (1862.20400000, 121.16241753)
  (1862.28800000, 119.20981370)
  (1862.37100000, 117.22838397)
  (1862.45500000, 115.22191537)
  (1862.53800000, 113.19421489)
  (1862.62300000, 111.14910434)
  (1862.70700000, 109.09041516)
  (1862.79000000, 107.02198328)
  (1862.87400000, 104.94764399)
  (1862.95800000, 102.87122680)
  (1863.04200000, 100.79655031)
  (1863.12300000,  98.72741714)
  (1863.20400000,  96.66760880)
  (1863.28800000,  94.62088071)
  (1863.37100000,  92.59095710)
  (1863.45500000,  90.58152608)
  (1863.53800000,  88.59623464)
  (1863.62300000,  86.63868376)
  (1863.70700000,  84.71242354)
  (1863.79000000,  82.82094835)
  (1863.87400000,  80.96769210)
  (1863.95800000,  79.15602347)
  (1864.04200000,  77.38924130)
  (1864.12400000,  75.67056998)
  (1864.20600000,  74.00315490)
  (1864.29000000,  72.39005803)
  (1864.37300000,  70.83425352)
  (1864.45600000,  69.33862342)
  (1864.54000000,  67.90595343)
  (1864.62400000,  66.53892883)
  (1864.70800000,  65.24013043)
  (1864.79100000,  64.01203062)
  (1864.87400000,  62.85698958)
  (1864.95800000,  61.77725155)
  (1865.04200000,  60.77494125)
  (1865.12300000,  59.85206037)
  (1865.20400000,  59.01048424)
  (1865.28800000,  58.25195861)
  (1865.37100000,  57.57809653)
  (1865.45500000,  56.99037546)
  (1865.53800000,  56.49013442)
  (1865.62300000,  56.07857140)
  (1865.70700000,  55.75674079)
  (1865.79000000,  55.52555116)
  (1865.87400000,  55.38576301)
  (1865.95800000,  55.33798686)
  (1866.04200000,  55.38268141)
  (1866.12300000,  55.52015193)
  (1866.20400000,  55.75054887)
  (1866.28800000,  56.07386660)
  (1866.37100000,  56.48994240)
  (1866.45500000,  56.99845562)
  (1866.53800000,  57.59892713)
  (1866.62300000,  58.29071884)
  (1866.70700000,  59.07303364)
  (1866.79000000,  59.94491535)
  (1866.87400000,  60.90524909)
  (1866.95800000,  61.95276174)
  (1867.04200000,  63.08602275)
  (1867.12300000,  64.30344508)
  (1867.20400000,  65.60328649)
  (1867.28800000,  66.98365099)
  (1867.37100000,  68.44249062)
  (1867.45500000,  69.97760737)
  (1867.53800000,  71.58665551)
  (1867.62300000,  73.26714402)
  (1867.70700000,  75.01643933)
  (1867.79000000,  76.83176840)
  (1867.87400000,  78.71022190)
  (1867.95800000,  80.64875779)
  (1868.04200000,  82.64420504)
  (1868.12400000,  84.69326769)
  (1868.20600000,  86.79252912)
  (1868.29000000,  88.93845655)
  (1868.37300000,  91.12740585)
  (1868.45600000,  93.35562653)
  (1868.54000000,  95.61926700)
  (1868.62400000,  97.91438003)
  (1868.70800000, 100.23692851)
  (1868.79100000, 102.58279136)
  (1868.87400000, 104.94776968)
  (1868.95800000, 107.32759314)
  (1869.04200000, 109.71792653)
  (1869.12300000, 112.11437651)
  (1869.20400000, 114.51249860)
  (1869.28800000, 116.90780427)
  (1869.37100000, 119.29576826)
  (1869.45500000, 121.67183599)
  (1869.53800000, 124.03143122)
  (1869.62300000, 126.36996374)
  (1869.70700000, 128.68283722)
  (1869.79000000, 130.96545723)
  (1869.87400000, 133.21323926)
  (1869.95800000, 135.42161688)
  (1870.04200000, 137.58605000)
  (1870.12300000, 139.70203308)
  (1870.20400000, 141.76510356)
  (1870.28800000, 143.77085011)
  (1870.37100000, 145.71492107)
  (1870.45500000, 147.59303277)
  (1870.53800000, 149.40097791)
  (1870.62300000, 151.13463385)
  (1870.70700000, 152.78997086)
  (1870.79000000, 154.36306036)
  (1870.87400000, 155.85008297)
  (1870.95800000, 157.24733656)
  (1871.04200000, 158.55124412)
  (1871.12300000, 159.75836153)
  (1871.20400000, 160.86538515)
  (1871.28800000, 161.86915923)
  (1871.37100000, 162.76668323)
  (1871.45500000, 163.55511876)
  (1871.53800000, 164.23179651)
  (1871.62300000, 164.79422275)
  (1871.70700000, 165.24008571)
  (1871.79000000, 165.56726164)
  (1871.87400000, 165.77382057)
  (1871.95800000, 165.85803182)
  (1872.04200000, 165.81836914)
  (1872.12400000, 165.65351554)
  (1872.20600000, 165.36236781)
  (1872.29000000, 164.94404060)
  (1872.37300000, 164.39787024)
  (1872.45600000, 163.72341808)
  (1872.54000000, 162.92047347)
  (1872.62400000, 161.98905634)
  (1872.70800000, 160.92941935)
  (1872.79100000, 159.74204965)
  (1872.87400000, 158.42767012)
  (1872.95800000, 156.98724026)
  (1873.04200000, 155.42195655)
  (1873.12300000, 153.73325243)
  (1873.20400000, 151.92279772)
  (1873.28800000, 149.99249768)
  (1873.37100000, 147.94449148)
  (1873.45500000, 145.78115030)
  (1873.53800000, 143.50507490)
  (1873.62300000, 141.11909269)
  (1873.70700000, 138.62625439)
  (1873.79000000, 136.02983013)
  (1873.87400000, 133.33330516)
  (1873.95800000, 130.54037503)
  (1874.04200000, 127.65494032)
  (1874.12300000, 124.68110091)
  (1874.20400000, 121.62314978)
  (1874.28800000, 118.48556642)
  (1874.37100000, 115.27300971)
  (1874.45500000, 111.99031046)
  (1874.53800000, 108.64246346)
  (1874.62300000, 105.23461918)
  (1874.70700000, 101.77207505)
  (1874.79000000,  98.26026637)
  (1874.87400000,  94.70475682)
  (1874.95800000,  91.11122870)
  (1875.04200000,  87.48547275)
  (1875.12300000,  83.83337774)
  (1875.20400000,  80.16091969)
  (1875.28800000,  76.47415086)
  (1875.37100000,  72.77918847)
  (1875.45500000,  69.08220320)
  (1875.53800000,  65.38940747)
  (1875.62300000,  61.70704351)
  (1875.70700000,  58.04137131)
  (1875.79000000,  54.39865638)
  (1875.87400000,  50.78515745)
  (1875.95800000,  47.20711398)
  (1876.04200000,  43.67073375)
  (1876.12400000,  40.18218024)
  (1876.20600000,  36.74756015)
  (1876.29000000,  33.37291084)
  (1876.37300000,  30.06418782)
  (1876.45600000,  26.82725233)
  (1876.54000000,  23.66785901)
  (1876.62400000,  20.59164367)
  (1876.70800000,  17.60411124)
  (1876.79100000,  14.71062384)
  (1876.87400000,  11.91638915)
  (1876.95800000,   9.22644888)
  (1877.04200000,   6.64566761)
  (1877.12300000,   4.17872184)
  (1877.20400000,   1.83008940)
  (1877.28800000,  -0.39596085)
  (1877.37100000,  -2.49537896)
  (1877.45500000,  -4.46434338)
  (1877.53800000,  -6.29927013)
  (1877.62300000,  -7.99682152)
  (1877.70700000,  -9.55391433)
  (1877.79000000, -10.96772766)
  (1877.87400000, -12.23571016)
  (1877.95800000, -13.35558683)
  (1878.04200000, -14.32536522)
  (1878.12300000, -15.14334110)
  (1878.20400000, -15.80810364)
  (1878.28800000, -16.31853984)
  (1878.37100000, -16.67383851)
  (1878.45500000, -16.87349360)
  (1878.53800000, -16.91730683)
  (1878.62300000, -16.80538981)
  (1878.70700000, -16.53816540)
  (1878.79000000, -16.11636851)
  (1878.87400000, -15.54104616)
  (1878.95800000, -14.81355696)
  (1879.04200000, -13.93556981)
  (1879.12300000, -12.90906208)
  (1879.20400000, -11.73631699)
  (1879.28800000, -10.41992035)
  (1879.37100000,  -8.96275669)
  (1879.45500000,  -7.36800465)
  (1879.53800000,  -5.63913176)
  (1879.62300000,  -3.77988856)
  (1879.70700000,  -1.79430203)
  (1879.79000000,   0.31333152)
  (1879.87400000,   2.53845428)
  (1879.95800000,   4.87625535)
  (1880.04200000,   7.32167968)
  (1880.12400000,   9.86943771)
  (1880.20600000,  12.51401545)
  (1880.29000000,  15.24968522)
  (1880.37300000,  18.07051681)
  (1880.45600000,  20.97038922)
  (1880.54000000,  23.94300282)
  (1880.62400000,  26.98189204)
  (1880.70800000,  30.08043841)
  (1880.79100000,  33.23188407)
  (1880.87400000,  36.42934563)
  (1880.95800000,  39.66582837)
  (1881.04200000,  42.93424079)
  (1881.12300000,  46.22740942)
  (1881.20400000,  49.53809393)
  (1881.28800000,  52.85900240)
  (1881.37100000,  56.18280687)
  (1881.45500000,  59.50215897)
  (1881.53800000,  62.80970577)
  (1881.62300000,  66.09810560)
  (1881.70700000,  69.36004404)
  (1881.79000000,  72.58824989)
  (1881.87400000,  75.77551111)
  (1881.95800000,  78.91469074)
  (1882.04200000,  81.99874274)
  (1882.12300000,  85.02072767)
  (1882.20400000,  87.97382825)
  (1882.28800000,  90.85136473)
  (1882.37100000,  93.64681002)
  (1882.45500000,  96.35380454)
  (1882.53800000,  98.96617083)
  (1882.62300000, 101.47792776)
  (1882.70700000, 103.88330442)
  (1882.79000000, 106.17675360)
  (1882.87400000, 108.35296486)
  (1882.95800000, 110.40687706)
  (1883.04200000, 112.33369051)
  (1883.12300000, 114.12887851)
  (1883.20400000, 115.78819838)
  (1883.28800000, 117.30770190)
  (1883.37100000, 118.68374512)
  (1883.45500000, 119.91299759)
  (1883.53800000, 120.99245087)
  (1883.62300000, 121.91942643)
  (1883.70700000, 122.69158279)
  (1883.79000000, 123.30692198)
  (1883.87400000, 123.76379522)
  (1883.95800000, 124.06090791)
  (1884.04200000, 124.19732377)
  (1884.12400000, 124.17246827)
  (1884.20600000, 123.98613122)
  (1884.29000000, 123.63846857)
  (1884.37300000, 123.13000337)
  (1884.45600000, 122.46162597)
  (1884.54000000, 121.63459335)
  (1884.62400000, 120.65052761)
  (1884.70800000, 119.51141367)
  (1884.79100000, 118.21959613)
  (1884.87400000, 116.77777532)
  (1884.95800000, 115.18900247)
  (1885.04200000, 113.45667418)
  (1885.12300000, 111.58452595)
  (1885.20400000, 109.57662504)
  (1885.28800000, 107.43736250)
  (1885.37100000, 105.17144441)
  (1885.45500000, 102.78388238)
  (1885.53800000, 100.27998340)
  (1885.62300000,  97.66533884)
  (1885.70700000,  94.94581289)
  (1885.79000000,  92.12753023)
  (1885.87400000,  89.21686313)
  (1885.95800000,  86.22041792)
  (1886.04200000,  83.14502082)
  (1886.12300000,  79.99770330)
  (1886.20400000,  76.78568684)
  (1886.28800000,  73.51636722)
  (1886.37100000,  70.19729838)
  (1886.45500000,  66.83617579)
  (1886.53800000,  63.44081949)
  (1886.62300000,  60.01915672)
  (1886.70700000,  56.57920432)
  (1886.79000000,  53.12905074)
  (1886.87400000,  49.67683792)
  (1886.95800000,  46.23074290)
  (1887.04200000,  42.79895931)
  (1887.12300000,  39.38967873)
  (1887.20400000,  36.01107201)
  (1887.28800000,  32.67127053)
  (1887.37100000,  29.37834745)
  (1887.45500000,  26.14029910)
  (1887.53800000,  22.96502641)
  (1887.62300000,  19.86031643)
  (1887.70700000,  16.83382419)
  (1887.79000000,  13.89305464)
  (1887.87400000,  11.04534491)
  (1887.95800000,   8.29784693)
  (1888.04200000,   5.65751031)
  (1888.12400000,   3.13106570)
  (1888.20600000,   0.72500854)
  (1888.29000000,  -1.55441672)
  (1888.37300000,  -3.70123186)
  (1888.45600000,  -5.70973961)
  (1888.54000000,  -7.57453779)
  (1888.62400000,  -9.29053281)
  (1888.70800000, -10.85295250)
  (1888.79100000, -12.25735832)
  (1888.87400000, -13.49965681)
  (1888.95800000, -14.57611027)
  (1889.04200000, -15.48334676)
  (1889.12300000, -16.21836917)
  (1889.20400000, -16.77856363)
  (1889.28800000, -17.16170691)
  (1889.37100000, -17.36597306)
  (1889.45500000, -17.38993919)
  (1889.53800000, -17.23259021)
  (1889.62300000, -16.89332283)
  (1889.70700000, -16.37194851)
  (1889.79000000, -15.66869552)
  (1889.87400000, -14.78421005)
  (1889.95800000, -13.71955638)
  (1890.04200000, -12.47621604)
  (1890.12300000, -11.05608613)
  (1890.20400000,  -9.46147653)
  (1890.28800000,  -7.69510628)
  (1890.37100000,  -5.76009894)
  (1890.45500000,  -3.65997705)
  (1890.53800000,  -1.39865565)
  (1890.62300000,   1.01956519)
  (1890.70700000,   3.59000860)
  (1890.79000000,   6.30763020)
  (1890.87400000,   9.16702814)
  (1890.95800000,  12.16245406)
  (1891.04200000,  15.28782484)
  (1891.12300000,  18.53673519)
  (1891.20400000,  21.90247103)
  (1891.28800000,  25.37802355)
  (1891.37100000,  28.95610411)
  (1891.45500000,  32.62915970)
  (1891.53800000,  36.38938918)
  (1891.62300000,  40.22876010)
  (1891.70700000,  44.13902603)
  (1891.79000000,  48.11174458)
  (1891.87400000,  52.13829580)
  (1891.95800000,  56.20990117)
  (1892.04200000,  60.31764289)
  (1892.12400000,  64.45248366)
  (1892.20600000,  68.60528674)
  (1892.29000000,  72.76683632)
  (1892.37300000,  76.92785817)
  (1892.45600000,  81.07904041)
  (1892.54000000,  85.21105454)
  (1892.62400000,  89.31457652)
  (1892.70800000,  93.38030788)
  (1892.79100000,  97.39899692)
  (1892.87400000, 101.36145978)
  (1892.95800000, 105.25860153)
  (1893.04200000, 109.08143701)
  (1893.12300000, 112.82111159)
  (1893.20400000, 116.46892161)
  (1893.28800000, 120.01633461)
  (1893.37100000, 123.45500919)
  (1893.45500000, 126.77681450)
  (1893.53800000, 129.97384933)
  (1893.62300000, 133.03846073)
  (1893.70700000, 135.96326211)
  (1893.79000000, 138.74115077)
  (1893.87400000, 141.36532488)
  (1893.95800000, 143.82929982)
  (1894.04200000, 146.12692375)
  (1894.12300000, 148.25239264)
  (1894.20400000, 150.20026440)
  (1894.28800000, 151.96547227)
  (1894.37100000, 153.54333743)
  (1894.45500000, 154.92958074)
  (1894.53800000, 156.12033356)
  (1894.62300000, 157.11214773)
  (1894.70700000, 157.90200460)
  (1894.79000000, 158.48732305)
  (1894.87400000, 158.86596662)
  (1894.95800000, 159.03624962)
  (1895.04200000, 158.99694216)
  (1895.12300000, 158.74727426)
  (1895.20400000, 158.28693885)
  (1895.28800000, 157.61609374)
  (1895.37100000, 156.73536259)
  (1895.45500000, 155.64583469)
  (1895.53800000, 154.34906384)
  (1895.62300000, 152.84706603)
  (1895.70700000, 151.14231616)
  (1895.79000000, 149.23774364)
  (1895.87400000, 147.13672698)
  (1895.95800000, 144.84308732)
  (1896.04200000, 142.36108099)
  (1896.12400000, 139.69539094)
  (1896.20600000, 136.85111733)
  (1896.29000000, 133.83376702)
  (1896.37300000, 130.64924221)
  (1896.45600000, 127.30382805)
  (1896.54000000, 123.80417943)
  (1896.62400000, 120.15730686)
  (1896.70800000, 116.37056154)
  (1896.79100000, 112.45161956)
  (1896.87400000, 108.40846539)
  (1896.95800000, 104.24937458)
  (1897.04200000,  99.98289581)
  (1897.12300000,  95.61783223)
  (1897.20400000,  91.16322220)
  (1897.28800000,  86.62831948)
  (1897.37100000,  82.02257284)
  (1897.45500000,  77.35560521)
  (1897.53800000,  72.63719239)
  (1897.62300000,  67.87724140)
  (1897.70700000,  63.08576839)
  (1897.79000000,  58.27287641)
  (1897.87400000,  53.44873277)
  (1897.95800000,  48.62354635)
  (1898.04200000,  43.80754470)
  (1898.12300000,  39.01095109)
  (1898.20400000,  34.24396147)
  (1898.28800000,  29.51672154)
  (1898.37100000,  24.83930383)
  (1898.45500000,  20.22168491)
  (1898.53800000,  15.67372281)
  (1898.62300000,  11.20513467)
  (1898.70700000,   6.82547462)
  (1898.79000000,   2.54411206)
  (1898.87400000,  -1.62978966)
  (1898.95800000,  -5.68729423)
  (1899.04200000,  -9.61971278)
  (1899.12300000, -13.41862374)
  (1899.20400000, -17.07589225)
  (1899.28800000, -20.58368878)
  (1899.37100000, -23.93450717)
  (1899.45500000, -27.12118196)
  (1899.53800000, -30.13690493)
  (1899.62300000, -32.97524088)
  (1899.70700000, -35.63014254)
  (1899.79000000, -38.09596466)
  (1899.87400000, -40.36747714)
  (1899.95800000, -42.43987730)
  (1900.04200000, -44.30880114)
  (1900.12300000, -45.97033361)
  (1900.20400000, -47.42101786)
  (1900.28800000, -48.65786352)
  (1900.37100000, -49.67835382)
  (1900.45500000, -50.48045172)
  (1900.53800000, -51.06260487)
  (1900.62300000, -51.42374956)
  (1900.70700000, -51.56331346)
  (1900.79000000, -51.48121729)
  (1900.87400000, -51.17787538)
  (1900.95800000, -50.65419503)
  (1901.04200000, -49.91157479)
  (1901.12300000, -48.95190161)
  (1901.20400000, -47.77754686)
  (1901.28800000, -46.39136121)
  (1901.37100000, -44.79666848)
  (1901.45500000, -42.99725826)
  (1901.53800000, -40.99737762)
  (1901.62300000, -38.80172164)
  (1901.70700000, -36.41542298)
  (1901.79000000, -33.84404035)
  (1901.87400000, -31.09354608)
  (1901.95800000, -28.17031270)
  (1902.04200000, -25.08109856)
  (1902.12300000, -21.83303258)
  (1902.20400000, -18.43359814)
  (1902.28800000, -14.89061613)
  (1902.37100000, -11.21222721)
  (1902.45500000,  -7.40687337)
  (1902.53800000,  -3.48327866)
  (1902.62300000,   0.54957055)
  (1902.70700000,   4.68244614)
  (1902.79000000,   8.90589919)
  (1902.87400000,  13.21028157)
  (1902.95800000,  17.58576795)
  (1903.04200000,  22.02237827)
  (1903.12300000,  26.51000052)
  (1903.20400000,  31.03841387)
  (1903.28800000,  35.59731207)
  (1903.37100000,  40.17632706)
  (1903.45500000,  44.76505268)
  (1903.53800000,  49.35306855)
  (1903.62300000,  53.92996393)
  (1903.70700000,  58.48536162)
  (1903.79000000,  63.00894175)
  (1903.87400000,  67.49046547)
  (1903.95800000,  71.91979843)
  (1904.04200000,  76.28693409)
  (1904.12400000,  80.58201664)
  (1904.20600000,  84.79536366)
  (1904.29000000,  88.91748837)
  (1904.37300000,  92.93912141)
  (1904.45600000,  96.85123212)
  (1904.54000000, 100.64504927)
  (1904.62400000, 104.31208125)
  (1904.70800000, 107.84413551)
  (1904.79100000, 111.23333744)
  (1904.87400000, 114.47214834)
  (1904.95800000, 117.55338280)
  (1905.04200000, 120.47022517)
  (1905.12300000, 123.21624511)
  (1905.20400000, 125.78541238)
  (1905.28800000, 128.17211062)
  (1905.37100000, 130.37115018)
  (1905.45500000, 132.37777994)
  (1905.53800000, 134.18769817)
  (1905.62300000, 135.79706228)
  (1905.70700000, 137.20249754)
  (1905.79000000, 138.40110469)
  (1905.87400000, 139.39046646)
  (1905.95800000, 140.16865295)
  (1906.04200000, 140.73422588)
  (1906.12300000, 141.08624171)
  (1906.20400000, 141.22425358)
  (1906.28800000, 141.14831210)
  (1906.37100000, 140.85896498)
  (1906.45500000, 140.35725555)
  (1906.53800000, 139.64472000)
  (1906.62300000, 138.72338360)
  (1906.70700000, 137.59575572)
  (1906.79000000, 136.26482371)
  (1906.87400000, 134.73404568)
  (1906.95800000, 133.00734221)
  (1907.04200000, 131.08908690)
  (1907.12300000, 128.98409600)
  (1907.20400000, 126.69761680)
  (1907.28800000, 124.23531528)
  (1907.37100000, 121.60326251)
  (1907.45500000, 118.80792033)
  (1907.53800000, 115.85612598)
  (1907.62300000, 112.75507591)
  (1907.70700000, 109.51230877)
  (1907.79000000, 106.13568755)
  (1907.87400000, 102.63338100)
  (1907.95800000,  99.01384436)
  (1908.04200000,  95.28579936)
  (1908.12400000,  91.45821371)
  (1908.20600000,  87.54027989)
  (1908.29000000,  83.54139352)
  (1908.37300000,  79.47113123)
  (1908.45600000,  75.33922812)
  (1908.54000000,  71.15555483)
  (1908.62400000,  66.93009435)
  (1908.70800000,  62.67291855)
  (1908.79100000,  58.39416451)
  (1908.87400000,  54.10401071)
  (1908.95800000,  49.81265317)
  (1909.04200000,  45.53028148)
  (1909.12300000,  41.26705498)
  (1909.20400000,  37.03307889)
  (1909.28800000,  32.83838070)
  (1909.37100000,  28.69288667)
  (1909.45500000,  24.60639863)
  (1909.53800000,  20.58857109)
  (1909.62300000,  16.64888868)
  (1909.70700000,  12.79664400)
  (1909.79000000,   9.04091604)
  (1909.87400000,   5.39054894)
  (1909.95800000,   1.85413151)
  (1910.04200000,  -1.56002281)
  (1910.12300000,  -4.84389515)
  (1910.20400000,  -7.98977987)
  (1910.28800000, -10.99030231)
  (1910.37100000, -13.83843591)
  (1910.45500000, -16.52751828)
  (1910.53800000, -19.05126665)
  (1910.62300000, -21.40379217)
  (1910.70700000, -23.57961342)
  (1910.79000000, -25.57366891)
  (1910.87400000, -27.38132853)
  (1910.95800000, -28.99840402)
  (1911.04200000, -30.42115834)
  (1911.12300000, -31.64631402)
  (1911.20400000, -32.67106034)
  (1911.28800000, -33.49305946)
  (1911.37100000, -34.11045138)
  (1911.45500000, -34.52185778)
  (1911.53800000, -34.72638470)
  (1911.62300000, -34.72362410)
  (1911.70700000, -34.51365420)
  (1911.79000000, -34.09703872)
  (1911.87400000, -33.47482495)
  (1911.95800000, -32.64854064)
  (1912.04200000, -31.62018982)
  (1912.12400000, -30.39224741)
  (1912.20600000, -28.96765276)
  (1912.29000000, -27.34980206)
  (1912.37300000, -25.54253973)
  (1912.45600000, -23.55014867)
  (1912.54000000, -21.37733951)
  (1912.62400000, -19.02923888)
  (1912.70800000, -16.51137664)
  (1912.79100000, -13.82967219)
  (1912.87400000, -10.99041990)
  (1912.95800000,  -8.00027357)
  (1913.04200000,  -4.86623014)
  (1913.12300000,  -1.59561256)
  (1913.20400000,   1.80394815)
  (1913.28800000,   5.32453145)
  (1913.37100000,   8.95794660)
  (1913.45500000,  12.69575258)
  (1913.53800000,  16.52927852)
  (1913.62300000,  20.44964478)
  (1913.70700000,  24.44778440)
  (1913.79000000,  28.51446504)
  (1913.87400000,  32.64031121)
  (1913.95800000,  36.81582694)
  (1914.04200000,  41.03141862)
  (1914.12300000,  45.27741806)
  (1914.20400000,  49.54410573)
  (1914.28800000,  53.82173405)
  (1914.37100000,  58.10055078)
  (1914.45500000,  62.37082237)
  (1914.53800000,  66.62285717)
  (1914.62300000,  70.84702862)
  (1914.70700000,  75.03379818)
  (1914.79000000,  79.17373803)
  (1914.87400000,  83.25755351)
  (1914.95800000,  87.27610515)
  (1915.04200000,  91.22043035)
  (1915.12300000,  95.08176459)
  (1915.20400000,  98.85156212)
  (1915.28800000, 102.52151609)
  (1915.37100000, 106.08357812)
  (1915.45500000, 109.52997716)
  (1915.53800000, 112.85323770)
  (1915.62300000, 116.04619723)
  (1915.70700000, 119.10202289)
  (1915.79000000, 122.01422731)
  (1915.87400000, 124.77668365)
  (1915.95800000, 127.38363966)
  (1916.04200000, 129.82973084)
  (1916.12400000, 132.10999269)
  (1916.20600000, 134.21987189)
  (1916.29000000, 136.15523654)
  (1916.37300000, 137.91238530)
  (1916.45600000, 139.48805552)
  (1916.54000000, 140.87943026)
  (1916.62400000, 142.08414424)
  (1916.70800000, 143.10028864)
  (1916.79100000, 143.92641483)
  (1916.87400000, 144.56153697)
  (1916.95800000, 145.00513342)
  (1917.04200000, 145.25714706)
  (1917.12300000, 145.31798452)
  (1917.20400000, 145.18851416)
  (1917.28800000, 144.87006304)
  (1917.37100000, 144.36441272)
  (1917.45500000, 143.67379395)
  (1917.53800000, 142.80088027)
  (1917.62300000, 141.74878060)
  (1917.70700000, 140.52103063)
  (1917.79000000, 139.12158334)
  (1917.87400000, 137.55479841)
  (1917.95800000, 135.82543065)
  (1918.04200000, 133.93861753)
  (1918.12300000, 131.89986574)
  (1918.20400000, 129.71503690)
  (1918.28800000, 127.39033235)
  (1918.37100000, 124.93227722)
  (1918.45500000, 122.34770366)
  (1918.53800000, 119.64373335)
  (1918.62300000, 116.82775931)
  (1918.70700000, 113.90742713)
  (1918.79000000, 110.89061552)
  (1918.87400000, 107.78541634)
  (1918.95800000, 104.60011416)
  (1919.04200000, 101.34316537)
  (1919.12300000,  98.02317683)
  (1919.20400000,  94.64888423)
  (1919.28800000,  91.22913020)
  (1919.37100000,  87.77284208)
  (1919.45500000,  84.28900959)
  (1919.53800000,  80.78666237)
  (1919.62300000,  77.27484741)
  (1919.70700000,  73.76260650)
  (1919.79000000,  70.25895371)
  (1919.87400000,  66.77285296)
  (1919.95800000,  63.31319579)
  (1920.04200000,  59.88877927)
  (1920.12400000,  56.50828418)
  (1920.20600000,  53.18025362)
  (1920.29000000,  49.91307180)
  (1920.37300000,  46.71494342)
  (1920.45600000,  43.59387341)
  (1920.54000000,  40.55764727)
  (1920.62400000,  37.61381195)
  (1920.70800000,  34.76965729)
  (1920.79100000,  32.03219825)
  (1920.87400000,  29.40815772)
  (1920.95800000,  26.90395016)
  (1921.04200000,  24.52566599)
  (1921.12300000,  22.27905684)
  (1921.20400000,  20.16952159)
  (1921.28800000,  18.20209344)
  (1921.37100000,  16.38142775)
  (1921.45500000,  14.71179098)
  (1921.53800000,  13.19705049)
  (1921.62300000,  11.84066547)
  (1921.70700000,  10.64567883)
  (1921.79000000,   9.61471012)
  (1921.87400000,   8.74994963)
  (1921.95800000,   8.05315340)
  (1922.04200000,   7.52563953)
  (1922.12300000,   7.16828538)
  (1922.20400000,   6.98152609)
  (1922.28800000,   6.96535402)
  (1922.37100000,   7.11931946)
  (1922.45500000,   7.44253232)
  (1922.53800000,   7.93366505)
  (1922.62300000,   8.59095657)
  (1922.70700000,   9.41221730)
  (1922.79000000,  10.39483532)
  (1922.87400000,  11.53578350)
  (1922.95800000,  12.83162779)
  (1923.04200000,  14.27853640)
  (1923.12300000,  15.87229006)
  (1923.20400000,  17.60829323)
  (1923.28800000,  19.48158627)
  (1923.37100000,  21.48685845)
  (1923.45500000,  23.61846195)
  (1923.53800000,  25.87042659)
  (1923.62300000,  28.23647545)
  (1923.70700000,  30.71004123)
  (1923.79000000,  33.28428331)
  (1923.87400000,  35.95210551)
  (1923.95800000,  38.70617450)
  (1924.04200000,  41.53893882)
  (1924.12400000,  44.44264835)
  (1924.20600000,  47.40937441)
  (1924.29000000,  50.43103018)
  (1924.37300000,  53.49939161)
  (1924.45600000,  56.60611857)
  (1924.54000000,  59.74277642)
  (1924.62400000,  62.90085767)
  (1924.70800000,  66.07180394)
  (1924.79100000,  69.24702795)
  (1924.87400000,  72.41793565)
  (1924.95800000,  75.57594830)
  (1925.04200000,  78.71252456)
  (1925.12300000,  81.81918248)
  (1925.20400000,  84.88752129)
  (1925.28800000,  87.90924300)
  (1925.37100000,  90.87617381)
  (1925.45500000,  93.78028506)
  (1925.53800000,  96.61371397)
  (1925.62300000,  99.36878386)
  (1925.70700000, 102.03802389)
  (1925.79000000, 104.61418838)
  (1925.87400000, 107.09027544)
  (1925.95800000, 109.45954505)
  (1926.04200000, 111.71553650)
  (1926.12300000, 113.85208506)
  (1926.20400000, 115.86333791)
  (1926.28800000, 117.74376939)
  (1926.37100000, 119.48819526)
  (1926.45500000, 121.09178621)
  (1926.53800000, 122.55008047)
  (1926.62300000, 123.85899541)
  (1926.70700000, 125.01483828)
  (1926.79000000, 126.01431592)
  (1926.87400000, 126.85454346)
  (1926.95800000, 127.53305200)
  (1927.04200000, 128.04779521)
  (1927.12300000, 128.39715493)
  (1927.20400000, 128.57994562)
  (1927.28800000, 128.59541772)
  (1927.37100000, 128.44325998)
  (1927.45500000, 128.12360060)
  (1927.53800000, 127.63700730)
  (1927.62300000, 126.98448625)
  (1927.70700000, 126.16747994)
  (1927.79000000, 125.18786388)
  (1927.87400000, 124.04794226)
  (1927.95800000, 122.75044249)
  (1928.04200000, 121.29850868)
  (1928.12400000, 119.69569405)
  (1928.20600000, 117.94595230)
  (1928.29000000, 116.05362803)
  (1928.37300000, 114.02344602)
  (1928.45600000, 111.86049969)
  (1928.54000000, 109.57023855)
  (1928.62400000, 107.15845475)
  (1928.70800000, 104.63126874)
  (1928.79100000, 101.99511412)
  (1928.87400000,  99.25672170)
  (1928.95800000,  96.42310273)
  (1929.04200000,  93.50153148)
  (1929.12300000,  90.49952710)
  (1929.20400000,  87.42483490)
  (1929.28800000,  84.28540693)
  (1929.37100000,  81.08938219)
  (1929.45500000,  77.84506620)
  (1929.53800000,  74.56091021)
  (1929.62300000,  71.24549001)
  (1929.70700000,  67.90748440)
  (1929.79000000,  64.55565341)
  (1929.87400000,  61.19881623)
  (1929.95800000,  57.84582904)
  (1930.04200000,  54.50556271)
  (1930.12300000,  51.18688039)
  (1930.20400000,  47.89861517)
  (1930.28800000,  44.64954776)
  (1930.37100000,  41.44838426)
  (1930.45500000,  38.30373413)
  (1930.53800000,  35.22408838)
  (1930.62300000,  32.21779800)
  (1930.70700000,  29.29305273)
  (1930.79000000,  26.45786029)
  (1930.87400000,  23.72002589)
  (1930.95800000,  21.08713238)
  (1931.04200000,  18.56652086)
  (1931.12300000,  16.16527186)
  (1931.20400000,  13.89018722)
  (1931.28800000,  11.74777258)
  (1931.37100000,   9.74422065)
  (1931.45500000,   7.88539519)
  (1931.53800000,   6.17681584)
  (1931.62300000,   4.62364379)
  (1931.70700000,   3.23066829)
  (1931.79000000,   2.00229413)
  (1931.87400000,   0.94253005)
  (1931.95800000,   0.05497809)
  (1932.04200000,  -0.65717602)
  (1932.12400000,  -1.19117139)
  (1932.20600000,  -1.54467961)
  (1932.29000000,  -1.71581109)
  (1932.37300000,  -1.70312055)
  (1932.45600000,  -1.50561121)
  (1932.54000000,  -1.12273798)
  (1932.62400000,  -0.55440949)
  (1932.70800000,   0.19901098)
  (1932.79100000,   1.13670577)
  (1932.87400000,   2.25740417)
  (1932.95800000,   3.55938492)
  (1933.04200000,   5.04047980)
  (1933.12300000,   6.69807840)
  (1933.20400000,   8.52913392)
  (1933.28800000,  10.53017014)
  (1933.37100000,  12.69728937)
  (1933.45500000,  15.02618157)
  (1933.53800000,  17.51213440)
  (1933.62300000,  20.15004436)
  (1933.70700000,  22.93442888)
  (1933.79000000,  25.85943935)
  (1933.87400000,  28.91887512)
  (1933.95800000,  32.10619832)
  (1934.04200000,  35.41454965)
  (1934.12300000,  38.83676480)
  (1934.20400000,  42.36539187)
  (1934.28800000,  45.99270933)
  (1934.37100000,  49.71074477)
  (1934.45500000,  53.51129427)
  (1934.53800000,  57.38594235)
  (1934.62300000,  61.32608250)
  (1934.70700000,  65.32293815)
  (1934.79000000,  69.36758412)
  (1934.87400000,  73.45096849)
  (1934.95800000,  77.56393472)
  (1935.04200000,  81.69724414)
  (1935.12300000,  85.84159860)
  (1935.20400000,  89.98766334)
  (1935.28800000,  94.12608993)
  (1935.37100000,  98.24753931)
  (1935.45500000, 102.34270476)
  (1935.53800000, 106.40233491)
  (1935.62300000, 110.41725656)
  (1935.70700000, 114.37839732)
  (1935.79000000, 118.27680810)
  (1935.87400000, 122.10368522)
  (1935.95800000, 125.85039226)
  (1936.04200000, 129.50848147)
  (1936.12400000, 133.06971471)
  (1936.20600000, 136.52608400)
  (1936.29000000, 139.86983135)
  (1936.37300000, 143.09346813)
  (1936.45600000, 146.18979376)
  (1936.54000000, 149.15191363)
  (1936.62400000, 151.97325636)
  (1936.70800000, 154.64759024)
  (1936.79100000, 157.16903883)
  (1936.87400000, 159.53209577)
  (1936.95800000, 161.73163854)
  (1937.04200000, 163.76294145)
  (1937.12300000, 165.62168749)
  (1937.20400000, 167.30397937)
  (1937.28800000, 168.80634933)
  (1937.37100000, 170.12576803)
  (1937.45500000, 171.25965231)
  (1937.53800000, 172.20587187)
  (1937.62300000, 172.96275481)
  (1937.70700000, 173.52909206)
  (1937.79000000, 173.90414065)
  (1937.87400000, 174.08762585)
  (1937.95800000, 174.07974214)
  (1938.04200000, 173.88115299)
  (1938.12300000, 173.49298955)
  (1938.20400000, 172.91684809)
  (1938.28800000, 172.15478636)
  (1938.37100000, 171.20931874)
  (1938.45500000, 170.08341034)
  (1938.53800000, 168.78046989)
  (1938.62300000, 167.30434154)
  (1938.70700000, 165.65929565)
  (1938.79000000, 163.85001841)
  (1938.87400000, 161.88160051)
  (1938.95800000, 159.75952472)
  (1939.04200000, 157.48965259)
  (1939.12300000, 155.07821004)
  (1939.20400000, 152.53177224)
  (1939.28800000, 149.85724744)
  (1939.37100000, 147.06186003)
  (1939.45500000, 144.15313283)
  (1939.53800000, 141.13886855)
  (1939.62300000, 138.02713065)
  (1939.70700000, 134.82622338)
  (1939.79000000, 131.54467141)
  (1939.87400000, 128.19119870)
  (1939.95800000, 124.77470697)
  (1940.04200000, 121.30425373)
  (1940.12400000, 117.78902980)
  (1940.20600000, 114.23833659)
  (1940.29000000, 110.66156302)
  (1940.37300000, 107.06816225)
  (1940.45600000, 103.46762819)
  (1940.54000000,  99.86947190)
  (1940.62400000,  96.28319797)
  (1940.70800000,  92.71828084)
  (1940.79100000,  89.18414121)
  (1940.87400000,  85.69012256)
  (1940.95800000,  82.24546783)
  (1941.04200000,  78.85929634)
  (1941.12300000,  75.54058099)
  (1941.20400000,  72.29812584)
  (1941.28800000,  69.14054405)
  (1941.37100000,  66.07623626)
  (1941.45500000,  63.11336956)
  (1941.53800000,  60.25985695)
  (1941.62300000,  57.52333743)
  (1941.70700000,  54.91115678)
  (1941.79000000,  52.43034903)
  (1941.87400000,  50.08761869)
  (1941.95800000,  47.88932379)
  (1942.04200000,  45.84145979)
  (1942.12300000,  43.94964431)
  (1942.20400000,  42.21910287)
  (1942.28800000,  40.65465555)
  (1942.37100000,  39.26070464)
  (1942.45500000,  38.04122333)
  (1942.53800000,  36.99974546)
  (1942.62300000,  36.13935637)
  (1942.70700000,  35.46268483)
  (1942.79000000,  34.97189611)
  (1942.87400000,  34.66868617)
  (1942.95800000,  34.55427711)
  (1943.04200000,  34.62941367)
  (1943.12300000,  34.89436097)
  (1943.20400000,  35.34890350)
  (1943.28800000,  35.99234519)
  (1943.37100000,  36.82351078)
  (1943.45500000,  37.84074833)
  (1943.53800000,  39.04193292)
  (1943.62300000,  40.42447157)
  (1943.70700000,  41.98530932)
  (1943.79000000,  43.72093640)
  (1943.87400000,  45.62739666)
  (1943.95800000,  47.70029702)
  (1944.04200000,  49.93481808)
  (1944.12400000,  52.32572576)
  (1944.20600000,  54.86738402)
  (1944.29000000,  57.55376860)
  (1944.37300000,  60.37848168)
  (1944.45600000,  63.33476762)
  (1944.54000000,  66.41552942)
  (1944.62400000,  69.61334624)
  (1944.70800000,  72.92049163)
  (1944.79100000,  76.32895257)
  (1944.87400000,  79.83044928)
  (1944.95800000,  83.41645567)
  (1945.04200000,  87.07822046)
  (1945.12300000,  90.80678890)
  (1945.20400000,  94.59302496)
  (1945.28800000,  98.42763410)
  (1945.37100000, 102.30118636)
  (1945.45500000, 106.20413990)
  (1945.53800000, 110.12686481)
  (1945.62300000, 114.05966717)
  (1945.70700000, 117.99281331)
  (1945.79000000, 121.91655420)
  (1945.87400000, 125.82114993)
  (1945.95800000, 129.69689417)
  (1946.04200000, 133.53413859)
  (1946.12300000, 137.32331720)
  (1946.20400000, 141.05497044)
  (1946.28800000, 144.71976918)
  (1946.37100000, 148.30853826)
  (1946.45500000, 151.81227983)
  (1946.53800000, 155.22219617)
  (1946.62300000, 158.52971214)
  (1946.70700000, 161.72649702)
  (1946.79000000, 164.80448586)
  (1946.87400000, 167.75590015)
  (1946.95800000, 170.57326781)
  (1947.04200000, 173.24944248)
  (1947.12300000, 175.77762200)
  (1947.20400000, 178.15136609)
  (1947.28800000, 180.36461313)
  (1947.37100000, 182.41169603)
  (1947.45500000, 184.28735722)
  (1947.53800000, 185.98676249)
  (1947.62300000, 187.50551399)
  (1947.70700000, 188.83966201)
  (1947.79000000, 189.98571576)
  (1947.87400000, 190.94065299)
  (1947.95800000, 191.70192850)
  (1948.04200000, 192.26748144)
  (1948.12400000, 192.63574141)
  (1948.20600000, 192.80563345)
  (1948.29000000, 192.77658168)
  (1948.37300000, 192.54851183)
  (1948.45600000, 192.12185241)
  (1948.54000000, 191.49753476)
  (1948.62400000, 190.67699179)
  (1948.70800000, 189.66215544)
  (1948.79100000, 188.45545300)
  (1948.87400000, 187.05980210)
  (1948.95800000, 185.47860455)
  (1949.04200000, 183.71573890)
  (1949.12300000, 181.77555190)
  (1949.20400000, 179.66284871)
  (1949.28800000, 177.38288196)
  (1949.37100000, 174.94133977)
  (1949.45500000, 172.34433253)
  (1949.53800000, 169.59837876)
  (1949.62300000, 166.71038984)
  (1949.70700000, 163.68765377)
  (1949.79000000, 160.53781797)
  (1949.87400000, 157.26887116)
  (1949.95800000, 153.88912435)
  (1950.04200000, 150.40719105)
  (1950.12300000, 146.83196660)
  (1950.20400000, 143.17260687)
  (1950.28800000, 139.43850620)
  (1950.37100000, 135.63927474)
  (1950.45500000, 131.78471521)
  (1950.53800000, 127.88479917)
  (1950.62300000, 123.94964272)
  (1950.70700000, 119.98948196)
  (1950.79000000, 116.01464796)
  (1950.87400000, 112.03554151)
  (1950.95800000, 108.06260764)
  (1951.04200000, 104.10631000)
  (1951.12300000, 100.17710506)
  (1951.20400000,  96.28541641)
  (1951.28800000,  92.44160892)
  (1951.37100000,  88.65596315)
  (1951.45500000,  84.93864979)
  (1951.53800000,  81.29970438)
  (1951.62300000,  77.74900230)
  (1951.70700000,  74.29623407)
  (1951.79000000,  70.95088109)
  (1951.87400000,  67.72219179)
  (1951.95800000,  64.61915833)
  (1952.04200000,  61.65049388)
  (1952.12400000,  58.82461051)
  (1952.20600000,  56.14959779)
  (1952.29000000,  53.63320208)
  (1952.37300000,  51.28280670)
  (1952.45600000,  49.10541285)
  (1952.54000000,  47.10762144)
  (1952.62400000,  45.29561592)
  (1952.70800000,  43.67514599)
  (1952.79100000,  42.25151243)
  (1952.87400000,  41.02955284)
  (1952.95800000,  40.01362867)
  (1953.04200000,  39.20761320)
  (1953.12300000,  38.61488076)
  (1953.20400000,  38.23829716)
  (1953.28800000,  38.08021125)
  (1953.37100000,  38.14244777)
  (1953.45500000,  38.42630147)
  (1953.53800000,  38.93253240)
  (1953.62300000,  39.66136264)
  (1953.70700000,  40.61247415)
  (1953.79000000,  41.78500805)
  (1953.87400000,  43.17756512)
  (1953.95800000,  44.78820767)
  (1954.04200000,  46.61446266)
  (1954.12300000,  48.65332613)
  (1954.20400000,  50.90126895)
  (1954.28800000,  53.35424376)
  (1954.37100000,  56.00769330)
  (1954.45500000,  58.85655985)
  (1954.53800000,  61.89529597)
  (1954.62300000,  65.11787645)
  (1954.70700000,  68.51781135)
  (1954.79000000,  72.08816026)
  (1954.87400000,  75.82154762)
  (1954.95800000,  79.71017918)
  (1955.04200000,  83.74585937)
  (1955.12300000,  87.92000980)
  (1955.20400000,  92.22368864)
  (1955.28800000,  96.64761092)
  (1955.37100000, 101.18216968)
  (1955.45500000, 105.81745795)
  (1955.53800000, 110.54329148)
  (1955.62300000, 115.34923215)
  (1955.70700000, 120.22461210)
  (1955.79000000, 125.15855834)
  (1955.87400000, 130.14001801)
  (1955.95800000, 135.15778405)
  (1956.04200000, 140.20052126)
  (1956.12400000, 145.25679281)
  (1956.20600000, 150.31508693)
  (1956.29000000, 155.36384388)
  (1956.37300000, 160.39148309)
  (1956.45600000, 165.38643035)
  (1956.54000000, 170.33714509)
  (1956.62400000, 175.23214756)
  (1956.70800000, 180.06004599)
  (1956.79100000, 184.80956350)
  (1956.87400000, 189.46956483)
  (1956.95800000, 194.02908280)
  (1957.04200000, 198.47734435)
  (1957.12300000, 202.80379620)
  (1957.20400000, 206.99813004)
  (1957.28800000, 211.05030715)
  (1957.37100000, 214.95058241)
  (1957.45500000, 218.68952771)
  (1957.53800000, 222.25805457)
  (1957.62300000, 225.64743606)
  (1957.70700000, 228.84932782)
  (1957.79000000, 231.85578828)
  (1957.87400000, 234.65929791)
  (1957.95800000, 237.25277751)
  (1958.04200000, 239.62960547)
  (1958.12300000, 241.78363405)
  (1958.20400000, 243.70920443)
  (1958.28800000, 245.40116074)
  (1958.37100000, 246.85486284)
  (1958.45500000, 248.06619802)
  (1958.53800000, 249.03159128)
  (1958.62300000, 249.74801455)
  (1958.70700000, 250.21299451)
  (1958.79000000, 250.42461914)
  (1958.87400000, 250.38154300)
  (1958.95800000, 250.08299110)
  (1959.04200000, 249.52876150)
  (1959.12300000, 248.71922655)
  (1959.20400000, 247.65533275)
  (1959.28800000, 246.33859929)
  (1959.37100000, 244.77111520)
  (1959.45500000, 242.95553526)
  (1959.53800000, 240.89507442)
  (1959.62300000, 238.59350102)
  (1959.70700000, 236.05512867)
  (1959.79000000, 233.28480682)
  (1959.87400000, 230.28791010)
  (1959.95800000, 227.07032633)
  (1960.04200000, 223.63844348)
  (1960.12400000, 219.99913527)
  (1960.20600000, 216.15974570)
  (1960.29000000, 212.12807250)
  (1960.37300000, 207.91234941)
  (1960.45600000, 203.52122750)
  (1960.54000000, 198.96375546)
  (1960.62400000, 194.24935900)
  (1960.70800000, 189.38781922)
  (1960.79100000, 184.38925030)
  (1960.87400000, 179.26407630)
  (1960.95800000, 174.02300720)
  (1961.04200000, 168.67701435)
  (1961.12300000, 163.23730519)
  (1961.20400000, 157.71529750)
  (1961.28800000, 152.12259303)
  (1961.37100000, 146.47095084)
  (1961.45500000, 140.77226011)
  (1961.53800000, 135.03851274)
  (1961.62300000, 129.28177561)
  (1961.70700000, 123.51416278)
  (1961.79000000, 117.74780743)
  (1961.87400000, 111.99483385)
  (1961.95800000, 106.26732938)
  (1962.04200000, 100.57731648)
  (1962.12300000,  94.93672492)
  (1962.20400000,  89.35736420)
  (1962.28800000,  83.85089618)
  (1962.37100000,  78.42880817)
  (1962.45500000,  73.10238636)
  (1962.53800000,  67.88268967)
  (1962.62300000,  62.78052424)
  (1962.70700000,  57.80641844)
  (1962.79000000,  52.97059856)
  (1962.87400000,  48.28296519)
  (1962.95800000,  43.75307037)
  (1963.04200000,  39.39009558)
  (1963.12300000,  35.20283062)
  (1963.20400000,  31.19965329)
  (1963.28800000,  27.38851025)
  (1963.37100000,  23.77689868)
  (1963.45500000,  20.37184916)
  (1963.53800000,  17.17990957)
  (1963.62300000,  14.20713013)
  (1963.70700000,  11.45904968)
  (1963.79000000,   8.94068308)
  (1963.87400000,   6.65650988)
  (1963.95800000,   4.61046431)
  (1964.04200000,   2.80592647)
  (1964.12400000,   1.24571486)
  (1964.20600000,  -0.06791973)
  (1964.29000000,  -1.13329903)
  (1964.37300000,  -1.94932073)
  (1964.45600000,  -2.51546057)
  (1964.54000000,  -2.83177306)
  (1964.62400000,  -2.89889082)
  (1964.70800000,  -2.71802260)
  (1964.79100000,  -2.29094987)
  (1964.87400000,  -1.62002212)
  (1964.95800000,  -0.70815080)
  (1965.04200000,   0.44119809)
  (1965.12300000,   1.82401268)
  (1965.20400000,   3.43574520)
  (1965.28800000,   5.27132327)
  (1965.37100000,   7.32516234)
  (1965.45500000,   9.59117940)
  (1965.53800000,  12.06280784)
  (1965.62300000,  14.73301345)
  (1965.70700000,  17.59431152)
  (1965.79000000,  20.63878499)
  (1965.87400000,  23.85810365)
  (1965.95800000,  27.24354426)
  (1966.04200000,  30.78601161)
  (1966.12300000,  34.47606048)
  (1966.20400000,  38.30391839)
  (1966.28800000,  42.25950909)
  (1966.37100000,  46.33247684)
  (1966.45500000,  50.51221121)
  (1966.53800000,  54.78787264)
  (1966.62300000,  59.14841835)
  (1966.70700000,  63.58262889)
  (1966.79000000,  68.07913492)
  (1966.87400000,  72.62644450)
  (1966.95800000,  77.21297054)
  (1967.04200000,  81.82705848)
  (1967.12300000,  86.45701418)
  (1967.20400000,  91.09113180)
  (1967.28800000,  95.71772174)
  (1967.37100000, 100.32513851)
  (1967.45500000, 104.90180851)
  (1967.53800000, 109.43625756)
  (1967.62300000, 113.91713823)
  (1967.70700000, 118.33325683)
  (1967.79000000, 122.67360002)
  (1967.87400000, 126.92736098)
  (1967.95800000, 131.08396506)
  (1968.04200000, 135.13309488)
  (1968.12400000, 139.06471476)
  (1968.20600000, 142.86909453)
  (1968.29000000, 146.53683254)
  (1968.37300000, 150.05887787)
  (1968.45600000, 153.42655176)
  (1968.54000000, 156.63156803)
  (1968.62400000, 159.66605267)
  (1968.70800000, 162.52256232)
  (1968.79100000, 165.19410180)
  (1968.87400000, 167.67414050)
  (1968.95800000, 169.95662769)
  (1969.04200000, 172.03600663)
  (1969.12300000, 173.90722756)
  (1969.20400000, 175.56575939)
  (1969.28800000, 177.00760020)
  (1969.37100000, 178.22928645)
  (1969.45500000, 179.22790088)
  (1969.53800000, 180.00107915)
  (1969.62300000, 180.54701508)
  (1969.70700000, 180.86446463)
  (1969.79000000, 180.95274846)
  (1969.87400000, 180.81175319)
  (1969.95800000, 180.44193131)
  (1970.04200000, 179.84429965)
  (1970.12300000, 179.02043662)
  (1970.20400000, 177.97247803)
  (1970.28800000, 176.70311159)
  (1970.37100000, 175.21557012)
  (1970.45500000, 173.51362340)
  (1970.53800000, 171.60156884)
  (1970.62300000, 169.48422075)
  (1970.70700000, 167.16689852)
  (1970.79000000, 164.65541351)
  (1970.87400000, 161.95605477)
  (1970.95800000, 159.07557370)
  (1971.04200000, 156.02116747)
  (1971.12300000, 152.80046155)
  (1971.20400000, 149.42149110)
  (1971.28800000, 145.89268140)
  (1971.37100000, 142.22282744)
  (1971.45500000, 138.42107253)
  (1971.53800000, 134.49688615)
  (1971.62300000, 130.46004099)
  (1971.70700000, 126.32058934)
  (1971.79000000, 122.08883871)
  (1971.87400000, 117.77532698)
  (1971.95800000, 113.39079690)
  (1972.04200000, 108.94617021)
  (1972.12400000, 104.45252120)
  (1972.20600000,  99.92105011)
  (1972.29000000,  95.36305605)
  (1972.37300000,  90.78990984)
  (1972.45600000,  86.21302660)
  (1972.54000000,  81.64383828)
  (1972.62400000,  77.09376617)
  (1972.70800000,  72.57419342)
  (1972.79100000,  68.09643770)
  (1972.87400000,  63.67172397)
  (1972.95800000,  59.31115757)
  (1973.04200000,  55.02569749)
  (1973.12300000,  50.82613014)
  (1973.20400000,  46.72304342)
  (1973.28800000,  42.72680134)
  (1973.37100000,  38.84751918)
  (1973.45500000,  35.09503923)
  (1973.53800000,  31.47890723)
  (1973.62300000,  28.00834950)
  (1973.70700000,  24.69225085)
  (1973.79000000,  21.53913329)
  (1973.87400000,  18.55713569)
  (1973.95800000,  15.75399427)
  (1974.04200000,  13.13702415)
  (1974.12300000,  10.71310182)
  (1974.20400000,   8.48864874)
  (1974.28800000,   6.46961598)
  (1974.37100000,   4.66147008)
  (1974.45500000,   3.06917992)
  (1974.53800000,   1.69720493)
  (1974.62300000,   0.54948445)
  (1974.70700000,  -0.37057167)
  (1974.79000000,  -1.06009116)
  (1974.87400000,  -1.51674618)
  (1974.95800000,  -1.73875884)
  (1975.04200000,  -1.72490540)
  (1975.12300000,  -1.47451918)
  (1975.20400000,  -0.98749213)
  (1975.28800000,  -0.26427502)
  (1975.37100000,   0.69412362)
  (1975.45500000,   1.88613998)
  (1975.53800000,   3.30965868)
  (1975.62300000,   4.96201786)
  (1975.70700000,   6.84001554)
  (1975.79000000,   8.93991729)
  (1975.87400000,  11.25746512)
  (1975.95800000,  13.78788763)
  (1976.04200000,  16.52591145)
  (1976.12400000,  19.46577372)
  (1976.20600000,  22.60123588)
  (1976.29000000,  25.92559847)
  (1976.37300000,  29.43171713)
  (1976.45600000,  33.11201954)
  (1976.54000000,  36.95852343)
  (1976.62400000,  40.96285556)
  (1976.70800000,  45.11627162)
  (1976.79100000,  49.40967694)
  (1976.87400000,  53.83364812)
  (1976.95800000,  58.37845537)
  (1977.04200000,  63.03408556)
  (1977.12300000,  67.79026596)
  (1977.20400000,  72.63648857)
  (1977.28800000,  77.56203502)
  (1977.37100000,  82.55600188)
  (1977.45500000,  87.60732653)
  (1977.53800000,  92.70481323)
  (1977.62300000,  97.83715962)
  (1977.70700000, 102.99298340)
  (1977.79000000, 108.16084920)
  (1977.87400000, 113.32929554)
  (1977.95800000, 118.48686186)
  (1978.04200000, 123.62211551)
  (1978.12300000, 128.72367869)
  (1978.20400000, 133.78025518)
  (1978.28800000, 138.78065693)
  (1978.37100000, 143.71383034)
  (1978.45500000, 148.56888216)
  (1978.53800000, 153.33510512)
  (1978.62300000, 158.00200296)
  (1978.70700000, 162.55931500)
  (1978.79000000, 166.99704017)
  (1978.87400000, 171.30546034)
  (1978.95800000, 175.47516300)
  (1979.04200000, 179.49706320)
  (1979.12300000, 183.36242470)
  (1979.20400000, 187.06288022)
  (1979.28800000, 190.59045089)
  (1979.37100000, 193.93756469)
  (1979.45500000, 197.09707396)
  (1979.53800000, 200.06227185)
  (1979.62300000, 202.82690775)
  (1979.70700000, 205.38520158)
  (1979.79000000, 207.73185699)
  (1979.87400000, 209.86207340)
  (1979.95800000, 211.77155683)
  (1980.04200000, 213.45652954)
  (1980.12400000, 214.91373844)
  (1980.20600000, 216.14046221)
  (1980.29000000, 217.13451722)
  (1980.37300000, 217.89426211)
  (1980.45600000, 218.41860110)
  (1980.54000000, 218.70698604)
  (1980.62400000, 218.75941707)
  (1980.70800000, 218.57644208)
  (1980.79100000, 218.15915480)
  (1980.87400000, 217.50919165)
  (1980.95800000, 216.62872726)
  (1981.04200000, 215.52046872)
  (1981.12300000, 214.18764864)
  (1981.20400000, 212.63401688)
  (1981.28800000, 210.86383110)
  (1981.37100000, 208.88184616)
  (1981.45500000, 206.69330224)
  (1981.53800000, 204.30391196)
  (1981.62300000, 201.71984628)
  (1981.70700000, 198.94771935)
  (1981.79000000, 195.99457239)
  (1981.87400000, 192.86785650)
  (1981.95800000, 189.57541454)
  (1982.04200000, 186.12546209)
  (1982.12300000, 182.52656757)
  (1982.20400000, 178.78763153)
  (1982.28800000, 174.91786518)
  (1982.37100000, 170.92676815)
  (1982.45500000, 166.82410570)
  (1982.53800000, 162.61988524)
  (1982.62300000, 158.32433229)
  (1982.70700000, 153.94786602)
  (1982.79000000, 149.50107431)
  (1982.87400000, 144.99468844)
  (1982.95800000, 140.43955746)
  (1983.04200000, 135.84662233)
  (1983.12300000, 131.22688988)
  (1983.20400000, 126.59140659)
  (1983.28800000, 121.95123237)
  (1983.37100000, 117.31741428)
  (1983.45500000, 112.70096036)
  (1983.53800000, 108.11281355)
  (1983.62300000, 103.56382580)
  (1983.70700000,  99.06473244)
  (1983.79000000,  94.62612685)
  (1983.87400000,  90.25843546)
  (1983.95800000,  85.97189326)
  (1984.04200000,  81.77651970)
  (1984.12400000,  77.68209519)
  (1984.20600000,  73.69813818)
  (1984.29000000,  69.83388288)
  (1984.37300000,  66.09825769)
  (1984.45600000,  62.49986438)
  (1984.54000000,  59.04695809)
  (1984.62400000,  55.74742813)
  (1984.70800000,  52.60877973)
  (1984.79100000,  49.63811667)
  (1984.87400000,  46.84212495)
  (1984.95800000,  44.22705739)
  (1985.04200000,  41.79871937)
  (1985.12300000,  39.56245558)
  (1985.20400000,  37.52313789)
  (1985.28800000,  35.68515443)
  (1985.37100000,  34.05239972)
  (1985.45500000,  32.62826610)
  (1985.53800000,  31.41563627)
  (1985.62300000,  30.41687711)
  (1985.70700000,  29.63383474)
  (1985.79000000,  29.06783075)
  (1985.87400000,  28.71965979)
  (1985.95800000,  28.58958834)
  (1986.04200000,  28.67735476)
  (1986.12300000,  28.98217062)
  (1986.20400000,  29.50272323)
  (1986.28800000,  30.23717948)
  (1986.37100000,  31.18319086)
  (1986.45500000,  32.33789972)
  (1986.53800000,  33.69794677)
  (1986.62300000,  35.25947970)
  (1986.70700000,  37.01816304)
  (1986.79000000,  38.96918904)
  (1986.87400000,  41.10728983)
  (1986.95800000,  43.42675053)
  (1987.04200000,  45.92142344)
  (1987.12300000,  48.58474327)
  (1987.20400000,  51.40974335)
  (1987.28800000,  54.38907271)
  (1987.37100000,  57.51501417)
  (1987.45500000,  60.77950318)
  (1987.53800000,  64.17414752)
  (1987.62300000,  67.69024772)
  (1987.70700000,  71.31881824)
  (1987.79000000,  75.05060928)
  (1987.87400000,  78.87612917)
  (1987.95800000,  82.78566737)
  (1988.04200000,  86.76931789)
  (1988.12400000,  90.81700325)
  (1988.20600000,  94.91849874)
  (1988.29000000,  99.06345700)
  (1988.37300000, 103.24143296)
  (1988.45600000, 107.44190886)
  (1988.54000000, 111.65431954)
  (1988.62400000, 115.86807771)
  (1988.70800000, 120.07259931)
  (1988.79100000, 124.25732884)
  (1988.87400000, 128.41176453)
  (1988.95800000, 132.52548346)
  (1989.04200000, 136.58816636)
  (1989.12300000, 140.58962221)
  (1989.20400000, 144.51981250)
  (1989.28800000, 148.36887508)
  (1989.37100000, 152.12714756)
  (1989.45500000, 155.78519028)
  (1989.53800000, 159.33380864)
  (1989.62300000, 162.76407489)
  (1989.70700000, 166.06734923)
  (1989.79000000, 169.23530021)
  (1989.87400000, 172.25992442)
  (1989.95800000, 175.13356533)
  (1990.04200000, 177.84893128)
  (1990.12300000, 180.39911267)
  (1990.20400000, 182.77759812)
  (1990.28800000, 184.97828979)
  (1990.37100000, 186.99551756)
  (1990.45500000, 188.82405233)
  (1990.53800000, 190.45911814)
  (1990.62300000, 191.89640330)
  (1990.70700000, 193.13207036)
  (1990.79000000, 194.16276494)
  (1990.87400000, 194.98562344)
  (1990.95800000, 195.59827958)
  (1991.04200000, 195.99886971)
  (1991.12300000, 196.18603698)
  (1991.20400000, 196.15893428)
  (1991.28800000, 195.91722599)
  (1991.37100000, 195.46108851)
  (1991.45500000, 194.79120954)
  (1991.53800000, 193.90878624)
  (1991.62300000, 192.81552209)
  (1991.70700000, 191.51362265)
  (1991.79000000, 190.00579006)
  (1991.87400000, 188.29521640)
  (1991.95800000, 186.38557593)
  (1992.04200000, 184.28101615)
  (1992.12400000, 181.98614780)
  (1992.20600000, 179.50603371)
  (1992.29000000, 176.84617668)
  (1992.37300000, 174.01250625)
  (1992.45600000, 171.01136453)
  (1992.54000000, 167.84949106)
  (1992.62400000, 164.53400675)
  (1992.70800000, 161.07239686)
  (1992.79100000, 157.47249332)
  (1992.87400000, 153.74245601)
  (1992.95800000, 149.89075350)
  (1993.04200000, 145.92614296)
  (1993.12300000, 141.85764940)
  (1993.20400000, 137.69454439)
  (1993.28800000, 133.44632413)
  (1993.37100000, 129.12268706)
  (1993.45500000, 124.73351100)
  (1993.53800000, 120.28882986)
  (1993.62300000, 115.79881007)
  (1993.70700000, 111.27372666)
  (1993.79000000, 106.72393910)
  (1993.87400000, 102.15986704)
  (1993.95800000,  97.59196583)
  (1994.04200000,  93.03070205)
  (1994.12300000,  88.48652898)
  (1994.20400000,  83.96986217)
  (1994.28800000,  79.49105509)
  (1994.37100000,  75.06037495)
  (1994.45500000,  70.68797874)
  (1994.53800000,  66.38388955)
  (1994.62300000,  62.15797322)
  (1994.70700000,  58.01991540)
  (1994.79000000,  53.97919898)
  (1994.87400000,  50.04508211)
  (1994.95800000,  46.22657667)
  (1995.04200000,  42.53242741)
  (1995.12300000,  38.97109165)
  (1995.20400000,  35.55071973)
  (1995.28800000,  32.27913616)
  (1995.37100000,  29.16382156)
  (1995.45500000,  26.21189540)
  (1995.53800000,  23.43009957)
  (1995.62300000,  20.82478290)
  (1995.70700000,  18.40188658)
  (1995.79000000,  16.16693050)
  (1995.87400000,  14.12500059)
  (1995.95800000,  12.28073728)
  (1996.04200000,  10.63832481)
  (1996.12400000,   9.20148179)
  (1996.20600000,   7.97345269)
  (1996.29000000,   6.95700061)
  (1996.37300000,   6.15440095)
  (1996.45600000,   5.56743642)
  (1996.54000000,   5.19739305)
  (1996.62400000,   5.04505741)
  (1996.70800000,   5.11071497)
  (1996.79100000,   5.39414963)
  (1996.87400000,   5.89464436)
  (1996.95800000,   6.61098307)
  (1997.04200000,   7.54145353)
  (1997.12300000,   8.68385151)
  (1997.20400000,  10.03548601)
  (1997.28800000,  11.59318558)
  (1997.37100000,  13.35330579)
  (1997.45500000,  15.31173771)
  (1997.53800000,  17.46391753)
  (1997.62300000,  19.80483712)
  (1997.70700000,  22.32905566)
  (1997.79000000,  25.03071220)
  (1997.87400000,  27.90353925)
  (1997.95800000,  30.94087716)
  (1998.04200000,  34.13568948)
  (1998.12300000,  37.48057911)
  (1998.20400000,  40.96780530)
  (1998.28800000,  44.58930134)
  (1998.37100000,  48.33669305)
  (1998.45500000,  52.20131791)
  (1998.53800000,  56.17424479)
  (1998.62300000,  60.24629434)
  (1998.70700000,  64.40805987)
  (1998.79000000,  68.64992873)
  (1998.87400000,  72.96210410)
  (1998.95800000,  77.33462724)
  (1999.04200000,  81.75740000)
  (1999.12300000,  86.22020768)
  (1999.20400000,  90.71274206)
  (1999.28800000,  95.22462467)
  (1999.37100000,  99.74543014)
  (1999.45500000, 104.26470963)
  (1999.53800000, 108.77201433)
  (1999.62300000, 113.25691881)
  (1999.70700000, 117.70904444)
  (1999.79000000, 122.11808251)
  (1999.87400000, 126.47381726)
  (1999.95800000, 130.76614865)
  (2000.04200000, 134.98511477)
  (2000.12400000, 139.12091399)
  (2000.20600000, 143.16392663)
  (2000.29000000, 147.10473628)
  (2000.37300000, 150.93415051)
  (2000.45600000, 154.64322113)
  (2000.54000000, 158.22326386)
  (2000.62400000, 161.66587729)
  (2000.70800000, 164.96296130)
  (2000.79100000, 168.10673465)
  (2000.87400000, 171.08975190)
  (2000.95800000, 173.90491952)
  (2001.04200000, 176.54551117)
  (2001.12300000, 179.00518214)
  (2001.20400000, 181.27798290)
  (2001.28800000, 183.35837179)
  (2001.37100000, 185.24122668)
  (2001.45500000, 186.92185573)
  (2001.53800000, 188.39600718)
  (2001.62300000, 189.65987807)
  (2001.70700000, 190.71012204)
  (2001.79000000, 191.54385598)
  (2001.87400000, 192.15866571)
  (2001.95800000, 192.55261062)
  (2002.04200000, 192.72422713)
  (2002.12300000, 192.67253125)
  (2002.20400000, 192.39701990)
  (2002.28800000, 191.89767126)
  (2002.37100000, 191.17494403)
  (2002.45500000, 190.22977561)
  (2002.53800000, 189.06357921)
  (2002.62300000, 187.67823994)
  (2002.70700000, 186.07610987)
  (2002.79000000, 184.26000198)
  (2002.87400000, 182.23318324)
  (2002.95800000, 179.99936659)
  (2003.04200000, 177.56270197)
  (2003.12300000, 174.92776649)
  (2003.20400000, 172.09955354)
  (2003.28800000, 169.08346116)
  (2003.37100000, 165.88527940)
  (2003.45500000, 162.51117694)
  (2003.53800000, 158.96768691)
  (2003.62300000, 155.26169187)
  (2003.70700000, 151.40040818)
  (2003.79000000, 147.39136951)
  (2003.87400000, 143.24240987)
  (2003.95800000, 138.96164594)
  (2004.04200000, 134.55745878)
  (2004.12400000, 130.03847513)
  (2004.20600000, 125.41354812)
  (2004.29000000, 120.69173762)
  (2004.37300000, 115.88229009)
  (2004.45600000, 110.99461821)
  (2004.54000000, 106.03828011)
  (2004.62400000, 101.02295836)
  (2004.70800000,  95.95843880)
  (2004.79100000,  90.85458915)
  (2004.87400000,  85.72133756)
  (2004.95800000,  80.56865105)
  (2005.04200000,  75.40651396)
  (2005.12300000,  70.24490645)
  (2005.20400000,  65.09378301)
  (2005.28800000,  59.96305121)
  (2005.37100000,  54.86255051)
  (2005.45500000,  49.80203137)
  (2005.53800000,  44.79113457)
  (2005.62300000,  39.83937091)
  (2005.70700000,  34.95610119)
  (2005.79000000,  30.15051663)
  (2005.87400000,  25.43161972)
  (2005.95800000,  20.80820557)
  (2006.04200000,  16.28884375)
  (2006.12300000,  11.88186067)
  (2006.20400000,   7.59532265)
  (2006.28800000,   3.43701951)
  (2006.37100000,  -0.58555112)
  (2006.45500000,  -4.46519883)
  (2006.53800000,  -8.19505467)
  (2006.62300000, -11.76858467)
  (2006.70700000, -15.17960266)
  (2006.79000000, -18.42228211)
  (2006.87400000, -21.49116732)
  (2006.95800000, -24.38118364)
  (2007.04200000, -27.08764688)
  (2007.12300000, -29.60627179)
  (2007.20400000, -31.93317973)
  (2007.28800000, -34.06490530)
  (2007.37100000, -35.99840214)
  (2007.45500000, -37.73104776)
  (2007.53800000, -39.26064748)
  (2007.62300000, -40.58543733)
  (2007.70700000, -41.70408612)
  (2007.79000000, -42.61569648)
  (2007.87400000, -43.31980498)
  (2007.95800000, -43.81638136)
  (2008.04200000, -44.10582676)
  (2008.12400000, -44.18897105)
  (2008.20600000, -44.06706929)
  (2008.29000000, -43.74179720)
  (2008.37300000, -43.21524583)
  (2008.45600000, -42.48991533)
  (2008.54000000, -41.56870783)
  (2008.62400000, -40.45491955)
  (2008.70800000, -39.15223206)
  (2008.79100000, -37.66470276)
  (2008.87400000, -35.99675462)
  (2008.95800000, -34.15316512)
  (2009.04200000, -32.13905458)
  (2009.12300000, -29.95987371)
  (2009.20400000, -27.62139060)
  (2009.28800000, -25.12967701)
  (2009.37100000, -22.49109417)
  (2009.45500000, -19.71227793)
  (2009.53800000, -16.80012349)
  (2009.62300000, -13.76176961)
  (2009.70700000, -10.60458233)
  (2009.79000000,  -7.33613840)
  (2009.87400000,  -3.96420827)
  (2009.95800000,  -0.49673876)
  (2010.04200000,   3.05816456)
  (2010.12300000,   6.69225517)
  (2010.20400000,  10.39716370)
  (2010.28800000,  14.16441612)
  (2010.37100000,  17.98545212)
  (2010.45500000,  21.85164347)
  (2010.53800000,  25.75431255)
  (2010.62300000,  29.68475080)
  (2010.70700000,  33.63423715)
  (2010.79000000,  37.59405637)
  (2010.87400000,  41.55551735)
  (2010.95800000,  45.50997110)
  (2011.04200000,  49.44882876)
  (2011.12300000,  53.36357915)
  (2011.20400000,  57.24580622)
  (2011.28800000,  61.08720615)
  (2011.37100000,  64.87960406)
  (2011.45500000,  68.61497041)
  (2011.53800000,  72.28543697)
  (2011.62300000,  75.88331237)
  (2011.70700000,  79.40109715)
  (2011.79000000,  82.83149835)
  (2011.87400000,  86.16744351)
  (2011.95800000,  89.40209423)
  (2012.04200000,  92.52885905)
  (2012.12400000,  95.54140576)
  (2012.20600000,  98.43367311)
  (2012.29000000, 101.19988185)
  (2012.37300000, 103.83454514)
  (2012.45600000, 106.33247819)
  (2012.54000000, 108.68880736)
  (2012.62400000, 110.89897835)
  (2012.70800000, 112.95876389)
  (2012.79100000, 114.86427046)
  (2012.87400000, 116.61194448)
  (2012.95800000, 118.19857759)
  (2013.04200000, 119.62131126)
  (2013.12300000, 120.87764061)
  (2013.20400000, 121.96541745)
  (2013.28800000, 122.88285260)
  (2013.37100000, 123.62851740)
  (2013.45500000, 124.20134449)
  (2013.53800000, 124.60062780)
  (2013.62300000, 124.82602183)
  (2013.70700000, 124.87754014)
  (2013.79000000, 124.75555317)
  (2013.87400000, 124.46078525)
  (2013.95800000, 123.99431097)
  (2014.04200000, 123.35755080)
  (2014.12300000, 122.55226609)
  (2014.20400000, 121.58055333)
  (2014.28800000, 120.44483778)
  (2014.37100000, 119.14786653)
  (2014.45500000, 117.69270085)
  (2014.53800000, 116.08270801)
  (2014.62300000, 114.32155257)
  (2014.70700000, 112.41318699)
  (2014.79000000, 110.36184189)
  (2014.87400000, 108.17201566)
  (2014.95800000, 105.84846374)
  (2015.04200000, 103.39618735)
  (2015.12300000, 100.82042184)
  (2015.20400000,  98.12662470)
  (2015.28800000,  95.32046312)
  (2015.37100000,  92.40780132)
  (2015.45500000,  89.39468751)
  (2015.53800000,  86.28734060)
  (2015.62300000,  83.09213670)
  (2015.70700000,  79.81559538)
  (2015.79000000,  76.46436574)
  (2015.87400000,  73.04521241)
  (2015.95800000,  69.56500131)
  (2016.04200000,  66.03068544)
  (2016.12400000,  62.44929057)
  (2016.20600000,  58.82790089)
  (2016.28800000,  55.17364467)
  (2016.37300000,  51.49368000)
  (2016.45500000,  47.79518055)
  (2016.54000000,  44.08532140)
  (2016.62400000,  40.37126510)
  (2016.70600000,  36.66014773)
  (2016.79100000,  32.95906526)
  (2016.87300000,  29.27506008)
  (2016.95800000,  25.61510768)
  (2017.04200000,  21.98610376)
  (2017.12200000,  18.39485139)
  (2017.20400000,  14.84804868)
  (2017.28600000,  11.35227667)
  (2017.37100000,   7.91398755)
  (2017.45300000,   4.53949331)
  (2017.53800000,   1.23495472)
  (2017.62300000,  -1.99362923)
  (2017.70500000,  -5.14043153)
  (2017.79000000,  -8.19980687)
  (2017.87300000, -11.16630094)
  (2017.95800000, -14.03465922)
  (2018.04200000, -16.79983534)
  (2018.12200000, -19.45699891)
  (2018.20400000, -22.00154287)
  (2018.28600000, -24.42909034)
  (2018.37100000, -26.73550093)
  (2018.45300000, -28.91687653)
  (2018.53800000, -30.96956657)
  (2018.62300000, -32.89017279)
  (2018.70500000, -34.67555336)
  (2018.79000000, -36.32282661)
  (2018.87300000, -37.82937410)
  (2018.95800000, -39.19284319)
  (2019.04200000, -40.41114911)
  (2019.12200000, -41.48247643)
  (2019.20400000, -42.40528003)
  (2019.28600000, -43.17828555)
  (2019.37100000, -43.80048932)
  (2019.45300000, -44.27115774)
  (2019.53800000, -44.58982618)
  (2019.62300000, -44.75629742)
  (2019.70500000, -44.77063951)
  (2019.79000000, -44.63318322)
  (2019.87300000, -44.34451905)
  (2019.95800000, -43.90549366)
  (2020.04200000, -43.31720605)
  (2020.12400000, -42.58100311)
  (2020.20600000, -41.69847491)
  (2020.28800000, -40.67144952)
  (2020.37300000, -39.50198747)
  (2020.45500000, -38.19237582)
  (2020.54000000, -36.74512192)
  (2020.62400000, -35.16294681)
  (2020.70600000, -33.44877832)
  (2020.79100000, -31.60574384)
  (2020.87300000, -29.63716287)
  (2020.95800000, -27.54653925)
  (2021.04200000, -25.33755322)
  (2021.12200000, -23.01405315)
  (2021.20400000, -20.58004719)
  (2021.28600000, -18.03969467)
]
