%=============================================================================
% Daniel J. Greenhoe 
% Sunspot auto-correlation function (ACF) data file suitable for use with LaTeX PStricks
% For an example, see "sunspots_acf.tex"
% This file auto-generated using "sunspots.R" --- hand-editing not recommended
%=============================================================================
[
  (  0.00000000,   1.00000000)
  (  0.08333333,   0.91820778)
  (  0.16666667,   0.88587110)
  (  0.25000000,   0.86972571)
  (  0.33333333,   0.85913435)
  (  0.41666667,   0.84453577)
  (  0.50000000,   0.83184029)
  (  0.58333333,   0.81325954)
  (  0.66666667,   0.79973720)
  (  0.75000000,   0.79011127)
  (  0.83333333,   0.77011764)
  (  0.91666667,   0.74790398)
  (  1.00000000,   0.72435266)
  (  1.08333333,   0.69873196)
  (  1.16666667,   0.67597656)
  (  1.25000000,   0.65055731)
  (  1.33333333,   0.61826887)
  (  1.41666667,   0.58871259)
  (  1.50000000,   0.55551563)
  (  1.58333333,   0.52750624)
  (  1.66666667,   0.49686716)
  (  1.75000000,   0.46360393)
  (  1.83333333,   0.43550095)
  (  1.91666667,   0.40870418)
  (  2.00000000,   0.37329070)
  (  2.08333333,   0.34835385)
  (  2.16666667,   0.31523514)
  (  2.25000000,   0.27618762)
  (  2.33333333,   0.24200679)
  (  2.41666667,   0.20891284)
  (  2.50000000,   0.18003774)
  (  2.58333333,   0.14673038)
  (  2.66666667,   0.11914915)
  (  2.75000000,   0.08477803)
  (  2.83333333,   0.05167964)
  (  2.91666667,   0.02042959)
  (  3.00000000,  -0.00905042)
  (  3.08333333,  -0.03789667)
  (  3.16666667,  -0.06555491)
  (  3.25000000,  -0.09437063)
  (  3.33333333,  -0.11770188)
  (  3.41666667,  -0.14372922)
  (  3.50000000,  -0.16944586)
  (  3.58333333,  -0.19529598)
  (  3.66666667,  -0.21549065)
  (  3.75000000,  -0.23680364)
  (  3.83333333,  -0.25909774)
  (  3.91666667,  -0.27798972)
  (  4.00000000,  -0.29803347)
  (  4.08333333,  -0.31728800)
  (  4.16666667,  -0.33241778)
  (  4.25000000,  -0.34630430)
  (  4.33333333,  -0.35847612)
  (  4.41666667,  -0.37227745)
  (  4.50000000,  -0.38486420)
  (  4.58333333,  -0.39768678)
  (  4.66666667,  -0.40699621)
  (  4.75000000,  -0.41767544)
  (  4.83333333,  -0.42649529)
  (  4.91666667,  -0.43339149)
  (  5.00000000,  -0.43459247)
  (  5.08333333,  -0.43676378)
  (  5.16666667,  -0.43787579)
  (  5.25000000,  -0.43895014)
  (  5.33333333,  -0.43603747)
  (  5.41666667,  -0.43508328)
  (  5.50000000,  -0.43387198)
  (  5.58333333,  -0.42675136)
  (  5.66666667,  -0.42290184)
  (  5.75000000,  -0.41691780)
  (  5.83333333,  -0.40708820)
  (  5.91666667,  -0.39826440)
  (  6.00000000,  -0.38838741)
  (  6.08333333,  -0.37491222)
  (  6.16666667,  -0.36559521)
  (  6.25000000,  -0.35204357)
  (  6.33333333,  -0.33576892)
  (  6.41666667,  -0.32201521)
  (  6.50000000,  -0.30812435)
  (  6.58333333,  -0.29043246)
  (  6.66666667,  -0.27215440)
  (  6.75000000,  -0.25535093)
  (  6.83333333,  -0.23402278)
  (  6.91666667,  -0.21338481)
  (  7.00000000,  -0.18953908)
  (  7.08333333,  -0.16765142)
  (  7.16666667,  -0.14723200)
  (  7.25000000,  -0.12764109)
  (  7.33333333,  -0.10552413)
  (  7.41666667,  -0.08014258)
  (  7.50000000,  -0.05504665)
  (  7.58333333,  -0.03171895)
  (  7.66666667,  -0.00243951)
  (  7.75000000,   0.02311426)
  (  7.83333333,   0.04880643)
  (  7.91666667,   0.07265587)
  (  8.00000000,   0.09912568)
  (  8.08333333,   0.12160387)
  (  8.16666667,   0.14838062)
  (  8.25000000,   0.17310415)
  (  8.33333333,   0.19840279)
  (  8.41666667,   0.22265909)
  (  8.50000000,   0.25043788)
  (  8.58333333,   0.27174503)
  (  8.66666667,   0.29566408)
  (  8.75000000,   0.31863890)
  (  8.83333333,   0.33882739)
  (  8.91666667,   0.36065683)
  (  9.00000000,   0.38436285)
  (  9.08333333,   0.40041904)
  (  9.16666667,   0.41609815)
  (  9.25000000,   0.43824134)
  (  9.33333333,   0.45724928)
  (  9.41666667,   0.47454323)
  (  9.50000000,   0.48621964)
  (  9.58333333,   0.50125823)
  (  9.66666667,   0.51689483)
  (  9.75000000,   0.53124366)
  (  9.83333333,   0.53898669)
  (  9.91666667,   0.54659765)
  ( 10.00000000,   0.55412730)
  ( 10.08333333,   0.55985281)
  ( 10.16666667,   0.56801563)
  ( 10.25000000,   0.57368669)
  ( 10.33333333,   0.57702524)
  ( 10.41666667,   0.57886937)
  ( 10.50000000,   0.57883603)
  ( 10.58333333,   0.57949239)
  ( 10.66666667,   0.58114872)
  ( 10.75000000,   0.57612308)
  ( 10.83333333,   0.56869111)
  ( 10.91666667,   0.56093095)
  ( 11.00000000,   0.55517358)
  ( 11.08333333,   0.54640268)
  ( 11.16666667,   0.53977937)
  ( 11.25000000,   0.52555873)
  ( 11.33333333,   0.51744215)
  ( 11.41666667,   0.50878464)
  ( 11.50000000,   0.49638220)
  ( 11.58333333,   0.48033019)
  ( 11.66666667,   0.46450311)
  ( 11.75000000,   0.44508170)
  ( 11.83333333,   0.42464245)
  ( 11.91666667,   0.40763041)
  ( 12.00000000,   0.38978000)
  ( 12.08333333,   0.37065968)
  ( 12.16666667,   0.35168789)
  ( 12.25000000,   0.32779902)
  ( 12.33333333,   0.30901956)
  ( 12.41666667,   0.28867470)
  ( 12.50000000,   0.26600506)
  ( 12.58333333,   0.24075888)
  ( 12.66666667,   0.21707243)
  ( 12.75000000,   0.19843576)
  ( 12.83333333,   0.17723898)
  ( 12.91666667,   0.15693212)
  ( 13.00000000,   0.13113024)
  ( 13.08333333,   0.11013847)
  ( 13.16666667,   0.08688438)
  ( 13.25000000,   0.06348569)
  ( 13.33333333,   0.03877757)
  ( 13.41666667,   0.01858217)
  ( 13.50000000,  -0.00069133)
  ( 13.58333333,  -0.02022278)
  ( 13.66666667,  -0.04154604)
  ( 13.75000000,  -0.06205348)
  ( 13.83333333,  -0.08108731)
  ( 13.91666667,  -0.10323597)
  ( 14.00000000,  -0.11940499)
  ( 14.08333333,  -0.13504751)
  ( 14.16666667,  -0.15519014)
  ( 14.25000000,  -0.17560439)
  ( 14.33333333,  -0.18975258)
  ( 14.41666667,  -0.20438287)
  ( 14.50000000,  -0.22022160)
  ( 14.58333333,  -0.23664491)
  ( 14.66666667,  -0.24577598)
  ( 14.75000000,  -0.26139693)
  ( 14.83333333,  -0.27093785)
  ( 14.91666667,  -0.28089301)
  ( 15.00000000,  -0.28960517)
  ( 15.08333333,  -0.30162502)
  ( 15.16666667,  -0.31163510)
  ( 15.25000000,  -0.32058686)
  ( 15.33333333,  -0.32692945)
  ( 15.41666667,  -0.33199546)
  ( 15.50000000,  -0.34082133)
  ( 15.58333333,  -0.34504772)
  ( 15.66666667,  -0.34652690)
  ( 15.75000000,  -0.34801386)
  ( 15.83333333,  -0.35183651)
  ( 15.91666667,  -0.35290329)
  ( 16.00000000,  -0.35119247)
  ( 16.08333333,  -0.35261202)
  ( 16.16666667,  -0.34939157)
  ( 16.25000000,  -0.34811787)
  ( 16.33333333,  -0.34907767)
  ( 16.41666667,  -0.34390945)
  ( 16.50000000,  -0.33923552)
  ( 16.58333333,  -0.33496523)
  ( 16.66666667,  -0.33140551)
  ( 16.75000000,  -0.32365467)
  ( 16.83333333,  -0.31544328)
  ( 16.91666667,  -0.30999015)
  ( 17.00000000,  -0.30188753)
  ( 17.08333333,  -0.29330842)
  ( 17.16666667,  -0.28409980)
  ( 17.25000000,  -0.27196666)
  ( 17.33333333,  -0.25982420)
  ( 17.41666667,  -0.25120148)
  ( 17.50000000,  -0.24201525)
  ( 17.58333333,  -0.23174090)
  ( 17.66666667,  -0.22284374)
  ( 17.75000000,  -0.20967511)
  ( 17.83333333,  -0.19482069)
  ( 17.91666667,  -0.18320640)
  ( 18.00000000,  -0.16797881)
  ( 18.08333333,  -0.15007920)
  ( 18.16666667,  -0.13568709)
  ( 18.25000000,  -0.12066009)
  ( 18.33333333,  -0.10220353)
  ( 18.41666667,  -0.08763718)
  ( 18.50000000,  -0.07327682)
  ( 18.58333333,  -0.05861323)
  ( 18.66666667,  -0.04178980)
  ( 18.75000000,  -0.02797727)
  ( 18.83333333,  -0.01031884)
  ( 18.91666667,   0.00766035)
  ( 19.00000000,   0.02506937)
  ( 19.08333333,   0.04276766)
  ( 19.16666667,   0.06166793)
  ( 19.25000000,   0.07839129)
  ( 19.33333333,   0.09148423)
  ( 19.41666667,   0.11161881)
  ( 19.50000000,   0.12781230)
  ( 19.58333333,   0.14036006)
  ( 19.66666667,   0.15559951)
  ( 19.75000000,   0.17183281)
  ( 19.83333333,   0.18430946)
  ( 19.91666667,   0.19881439)
  ( 20.00000000,   0.21062876)
  ( 20.08333333,   0.22414863)
  ( 20.16666667,   0.23991510)
  ( 20.25000000,   0.25006129)
  ( 20.33333333,   0.25900453)
  ( 20.41666667,   0.27247923)
  ( 20.50000000,   0.28106161)
  ( 20.58333333,   0.28917494)
  ( 20.66666667,   0.30236767)
  ( 20.75000000,   0.31347763)
  ( 20.83333333,   0.31801982)
  ( 20.91666667,   0.32234524)
  ( 21.00000000,   0.32956757)
  ( 21.08333333,   0.33597531)
  ( 21.16666667,   0.34028196)
  ( 21.25000000,   0.34585776)
  ( 21.33333333,   0.34806231)
  ( 21.41666667,   0.34875321)
  ( 21.50000000,   0.35117114)
  ( 21.58333333,   0.34905544)
  ( 21.66666667,   0.34923080)
  ( 21.75000000,   0.34908732)
  ( 21.83333333,   0.35099830)
  ( 21.91666667,   0.34329613)
  ( 22.00000000,   0.34192453)
  ( 22.08333333,   0.33890927)
  ( 22.16666667,   0.33003477)
  ( 22.25000000,   0.32269541)
  ( 22.33333333,   0.31461741)
  ( 22.41666667,   0.30718368)
  ( 22.50000000,   0.29852394)
  ( 22.58333333,   0.29254215)
  ( 22.66666667,   0.28306046)
  ( 22.75000000,   0.27169419)
  ( 22.83333333,   0.26065351)
  ( 22.91666667,   0.25222467)
  ( 23.00000000,   0.23634035)
  ( 23.08333333,   0.22103550)
  ( 23.16666667,   0.20738619)
  ( 23.25000000,   0.19044932)
  ( 23.33333333,   0.17394079)
  ( 23.41666667,   0.16402333)
  ( 23.50000000,   0.15109534)
  ( 23.58333333,   0.13336897)
  ( 23.66666667,   0.11384427)
  ( 23.75000000,   0.09455325)
  ( 23.83333333,   0.07658028)
  ( 23.91666667,   0.06123076)
  ( 24.00000000,   0.04306755)
  ( 24.08333333,   0.02686523)
  ( 24.16666667,   0.01238835)
  ( 24.25000000,  -0.00485087)
  ( 24.33333333,  -0.02744219)
  ( 24.41666667,  -0.04222380)
  ( 24.50000000,  -0.05965199)
  ( 24.58333333,  -0.07646056)
  ( 24.66666667,  -0.09246058)
  ( 24.75000000,  -0.10906058)
  ( 24.83333333,  -0.12378388)
  ( 24.91666667,  -0.13920413)
  ( 25.00000000,  -0.15330480)
  ( 25.08333333,  -0.16883729)
  ( 25.16666667,  -0.18599824)
  ( 25.25000000,  -0.20143037)
  ( 25.33333333,  -0.21368198)
  ( 25.41666667,  -0.22564464)
  ( 25.50000000,  -0.23818611)
  ( 25.58333333,  -0.25219557)
  ( 25.66666667,  -0.26627772)
  ( 25.75000000,  -0.27801140)
  ( 25.83333333,  -0.28656283)
  ( 25.91666667,  -0.29893313)
  ( 26.00000000,  -0.30796727)
  ( 26.08333333,  -0.31434257)
  ( 26.16666667,  -0.32333719)
  ( 26.25000000,  -0.33277166)
  ( 26.33333333,  -0.33635429)
  ( 26.41666667,  -0.34355861)
  ( 26.50000000,  -0.34998957)
  ( 26.58333333,  -0.35556133)
  ( 26.66666667,  -0.36212139)
  ( 26.75000000,  -0.36090131)
  ( 26.83333333,  -0.36053211)
  ( 26.91666667,  -0.36343916)
  ( 27.00000000,  -0.36473338)
  ( 27.08333333,  -0.36240633)
  ( 27.16666667,  -0.36056167)
  ( 27.25000000,  -0.36017198)
  ( 27.33333333,  -0.35755779)
  ( 27.41666667,  -0.35269038)
  ( 27.50000000,  -0.34822546)
  ( 27.58333333,  -0.34234448)
  ( 27.66666667,  -0.33836007)
  ( 27.75000000,  -0.33075303)
  ( 27.83333333,  -0.32486863)
  ( 27.91666667,  -0.31720301)
  ( 28.00000000,  -0.31104907)
  ( 28.08333333,  -0.30384161)
  ( 28.16666667,  -0.29221374)
  ( 28.25000000,  -0.28324126)
  ( 28.33333333,  -0.27581347)
  ( 28.41666667,  -0.26483592)
  ( 28.50000000,  -0.25482356)
  ( 28.58333333,  -0.24781442)
  ( 28.66666667,  -0.23989418)
  ( 28.75000000,  -0.22939036)
  ( 28.83333333,  -0.21732099)
  ( 28.91666667,  -0.20346608)
  ( 29.00000000,  -0.18929861)
  ( 29.08333333,  -0.17688640)
  ( 29.16666667,  -0.16390762)
  ( 29.25000000,  -0.14929793)
  ( 29.33333333,  -0.13728133)
  ( 29.41666667,  -0.12555573)
  ( 29.50000000,  -0.10945511)
  ( 29.58333333,  -0.09900316)
  ( 29.66666667,  -0.08127144)
  ( 29.75000000,  -0.06708873)
  ( 29.83333333,  -0.05266984)
  ( 29.91666667,  -0.04053517)
  ( 30.00000000,  -0.02911487)
  ( 30.08333333,  -0.01521345)
  ( 30.16666667,  -0.00560777)
  ( 30.25000000,   0.01115638)
  ( 30.33333333,   0.02696969)
  ( 30.41666667,   0.04497904)
  ( 30.50000000,   0.05585040)
  ( 30.58333333,   0.06976813)
  ( 30.66666667,   0.08188224)
  ( 30.75000000,   0.09323877)
  ( 30.83333333,   0.10560060)
  ( 30.91666667,   0.11793538)
  ( 31.00000000,   0.12875143)
  ( 31.08333333,   0.14268079)
  ( 31.16666667,   0.15318552)
  ( 31.25000000,   0.16220508)
  ( 31.33333333,   0.17052177)
  ( 31.41666667,   0.18184342)
  ( 31.50000000,   0.19067226)
  ( 31.58333333,   0.20140155)
  ( 31.66666667,   0.20939629)
  ( 31.75000000,   0.21392902)
  ( 31.83333333,   0.22342175)
  ( 31.91666667,   0.23137341)
  ( 32.00000000,   0.23622641)
  ( 32.08333333,   0.23948088)
  ( 32.16666667,   0.24474056)
  ( 32.25000000,   0.24638414)
  ( 32.33333333,   0.24773338)
  ( 32.41666667,   0.24785294)
  ( 32.50000000,   0.24674328)
  ( 32.58333333,   0.24428198)
  ( 32.66666667,   0.24124082)
  ( 32.75000000,   0.23798986)
  ( 32.83333333,   0.23864699)
  ( 32.91666667,   0.23439790)
  ( 33.00000000,   0.23208921)
  ( 33.08333333,   0.22644363)
  ( 33.16666667,   0.22153659)
  ( 33.25000000,   0.21426592)
  ( 33.33333333,   0.20631049)
  ( 33.41666667,   0.19388103)
  ( 33.50000000,   0.18484113)
  ( 33.58333333,   0.17465489)
  ( 33.66666667,   0.16344429)
  ( 33.75000000,   0.15416969)
  ( 33.83333333,   0.14533187)
  ( 33.91666667,   0.13349336)
  ( 34.00000000,   0.12056791)
  ( 34.08333333,   0.10911793)
  ( 34.16666667,   0.09779036)
  ( 34.25000000,   0.08551165)
  ( 34.33333333,   0.06934179)
  ( 34.41666667,   0.05426285)
  ( 34.50000000,   0.04067462)
  ( 34.58333333,   0.02624798)
  ( 34.66666667,   0.01026921)
  ( 34.75000000,  -0.00281481)
  ( 34.83333333,  -0.01526150)
  ( 34.91666667,  -0.02910638)
  ( 35.00000000,  -0.04324784)
  ( 35.08333333,  -0.05627001)
  ( 35.16666667,  -0.07301662)
  ( 35.25000000,  -0.08829375)
  ( 35.33333333,  -0.10540914)
  ( 35.41666667,  -0.11883488)
  ( 35.50000000,  -0.13364465)
  ( 35.58333333,  -0.14472999)
  ( 35.66666667,  -0.15971946)
  ( 35.75000000,  -0.17376280)
  ( 35.83333333,  -0.18552468)
  ( 35.91666667,  -0.19905576)
  ( 36.00000000,  -0.21095976)
  ( 36.08333333,  -0.22125237)
  ( 36.16666667,  -0.23060874)
  ( 36.25000000,  -0.24393400)
  ( 36.33333333,  -0.25045262)
  ( 36.41666667,  -0.25996108)
  ( 36.50000000,  -0.27218960)
  ( 36.58333333,  -0.28116187)
  ( 36.66666667,  -0.29139658)
  ( 36.75000000,  -0.29607834)
  ( 36.83333333,  -0.30188301)
  ( 36.91666667,  -0.30858766)
  ( 37.00000000,  -0.31066765)
  ( 37.08333333,  -0.31611474)
  ( 37.16666667,  -0.31949932)
  ( 37.25000000,  -0.32351690)
  ( 37.33333333,  -0.33049651)
  ( 37.41666667,  -0.33058775)
  ( 37.50000000,  -0.32898161)
  ( 37.58333333,  -0.33122575)
  ( 37.66666667,  -0.33271223)
  ( 37.75000000,  -0.33267102)
  ( 37.83333333,  -0.33180767)
  ( 37.91666667,  -0.33296693)
  ( 38.00000000,  -0.33134035)
  ( 38.08333333,  -0.32939957)
  ( 38.16666667,  -0.32835873)
  ( 38.25000000,  -0.32225623)
  ( 38.33333333,  -0.31737955)
  ( 38.41666667,  -0.31149828)
  ( 38.50000000,  -0.30491177)
  ( 38.58333333,  -0.30022158)
  ( 38.66666667,  -0.29386682)
  ( 38.75000000,  -0.28817574)
  ( 38.83333333,  -0.28241430)
  ( 38.91666667,  -0.27370359)
  ( 39.00000000,  -0.26554572)
  ( 39.08333333,  -0.25671753)
  ( 39.16666667,  -0.24474468)
  ( 39.25000000,  -0.23405472)
  ( 39.33333333,  -0.22552368)
  ( 39.41666667,  -0.21587366)
  ( 39.50000000,  -0.20644038)
  ( 39.58333333,  -0.19652456)
  ( 39.66666667,  -0.18542585)
  ( 39.75000000,  -0.17414903)
  ( 39.83333333,  -0.15971444)
  ( 39.91666667,  -0.14688333)
  ( 40.00000000,  -0.13874751)
  ( 40.08333333,  -0.12729535)
  ( 40.16666667,  -0.11080244)
  ( 40.25000000,  -0.10103280)
  ( 40.33333333,  -0.08735783)
  ( 40.41666667,  -0.07519562)
  ( 40.50000000,  -0.06438066)
  ( 40.58333333,  -0.05207981)
  ( 40.66666667,  -0.03656746)
  ( 40.75000000,  -0.02854661)
  ( 40.83333333,  -0.01785194)
  ( 40.91666667,  -0.00455820)
  ( 41.00000000,   0.00713230)
  ( 41.08333333,   0.02099145)
  ( 41.16666667,   0.02987571)
  ( 41.25000000,   0.04093009)
  ( 41.33333333,   0.05319365)
  ( 41.41666667,   0.06551690)
  ( 41.50000000,   0.07750934)
  ( 41.58333333,   0.08485410)
  ( 41.66666667,   0.09348302)
  ( 41.75000000,   0.09998211)
  ( 41.83333333,   0.11250421)
  ( 41.91666667,   0.12126590)
  ( 42.00000000,   0.13133919)
  ( 42.08333333,   0.13523975)
  ( 42.16666667,   0.14008927)
  ( 42.25000000,   0.14660379)
  ( 42.33333333,   0.15270305)
  ( 42.41666667,   0.15878433)
  ( 42.50000000,   0.16444520)
  ( 42.58333333,   0.16989593)
  ( 42.66666667,   0.17186335)
  ( 42.75000000,   0.17267407)
  ( 42.83333333,   0.17555293)
  ( 42.91666667,   0.17682505)
  ( 43.00000000,   0.17554184)
  ( 43.08333333,   0.17666449)
  ( 43.16666667,   0.17982034)
  ( 43.25000000,   0.17953136)
  ( 43.33333333,   0.17875985)
  ( 43.41666667,   0.17481751)
  ( 43.50000000,   0.17101357)
  ( 43.58333333,   0.17026437)
  ( 43.66666667,   0.17232105)
  ( 43.75000000,   0.16543672)
  ( 43.83333333,   0.16183842)
  ( 43.91666667,   0.15695437)
  ( 44.00000000,   0.15298739)
  ( 44.08333333,   0.14619706)
  ( 44.16666667,   0.14152070)
  ( 44.25000000,   0.13484755)
  ( 44.33333333,   0.12826272)
  ( 44.41666667,   0.12167486)
  ( 44.50000000,   0.11689655)
  ( 44.58333333,   0.10725618)
  ( 44.66666667,   0.10126658)
  ( 44.75000000,   0.09412499)
  ( 44.83333333,   0.08491183)
  ( 44.91666667,   0.07342113)
  ( 45.00000000,   0.06369316)
  ( 45.08333333,   0.05319625)
  ( 45.16666667,   0.04386982)
  ( 45.25000000,   0.03731387)
  ( 45.33333333,   0.02754184)
  ( 45.41666667,   0.01699227)
  ( 45.50000000,   0.00736962)
  ( 45.58333333,  -0.00243904)
  ( 45.66666667,  -0.01271700)
  ( 45.75000000,  -0.01662130)
  ( 45.83333333,  -0.02501877)
  ( 45.91666667,  -0.03629944)
  ( 46.00000000,  -0.04512665)
  ( 46.08333333,  -0.05546667)
  ( 46.16666667,  -0.06383613)
  ( 46.25000000,  -0.07156938)
  ( 46.33333333,  -0.07980440)
  ( 46.41666667,  -0.09148578)
  ( 46.50000000,  -0.09923523)
  ( 46.58333333,  -0.10297153)
  ( 46.66666667,  -0.10858516)
  ( 46.75000000,  -0.11641536)
  ( 46.83333333,  -0.12409792)
  ( 46.91666667,  -0.13100116)
  ( 47.00000000,  -0.13450251)
  ( 47.08333333,  -0.14147795)
  ( 47.16666667,  -0.14786033)
  ( 47.25000000,  -0.15554158)
  ( 47.33333333,  -0.16128797)
  ( 47.41666667,  -0.16789565)
  ( 47.50000000,  -0.17374646)
  ( 47.58333333,  -0.17733146)
  ( 47.66666667,  -0.18121543)
  ( 47.75000000,  -0.18480355)
  ( 47.83333333,  -0.18612206)
  ( 47.91666667,  -0.18968622)
  ( 48.00000000,  -0.19287363)
  ( 48.08333333,  -0.19622609)
  ( 48.16666667,  -0.19724837)
  ( 48.25000000,  -0.19897150)
  ( 48.33333333,  -0.20104146)
  ( 48.41666667,  -0.20392379)
  ( 48.50000000,  -0.20258673)
  ( 48.58333333,  -0.20551352)
  ( 48.66666667,  -0.20917736)
  ( 48.75000000,  -0.20918688)
  ( 48.83333333,  -0.20509517)
  ( 48.91666667,  -0.20362680)
  ( 49.00000000,  -0.20432749)
  ( 49.08333333,  -0.20239318)
  ( 49.16666667,  -0.20188391)
  ( 49.25000000,  -0.19931853)
  ( 49.33333333,  -0.20362849)
  ( 49.41666667,  -0.20278417)
  ( 49.50000000,  -0.20159640)
  ( 49.58333333,  -0.19676481)
  ( 49.66666667,  -0.19285764)
  ( 49.75000000,  -0.19063885)
  ( 49.83333333,  -0.18951680)
  ( 49.91666667,  -0.18296078)
  ( 50.00000000,  -0.17939887)
  ( 50.08333333,  -0.17726509)
  ( 50.16666667,  -0.17424656)
  ( 50.25000000,  -0.17017760)
  ( 50.33333333,  -0.16336318)
  ( 50.41666667,  -0.15725605)
  ( 50.50000000,  -0.15376270)
  ( 50.58333333,  -0.14870191)
  ( 50.66666667,  -0.14392738)
  ( 50.75000000,  -0.13912755)
  ( 50.83333333,  -0.13081217)
  ( 50.91666667,  -0.12490562)
  ( 51.00000000,  -0.11825610)
  ( 51.08333333,  -0.11269340)
  ( 51.16666667,  -0.10686457)
  ( 51.25000000,  -0.10112324)
  ( 51.33333333,  -0.09080166)
  ( 51.41666667,  -0.08678650)
  ( 51.50000000,  -0.07978044)
  ( 51.58333333,  -0.07311078)
  ( 51.66666667,  -0.06650456)
  ( 51.75000000,  -0.05814431)
  ( 51.83333333,  -0.04918152)
  ( 51.91666667,  -0.04383710)
  ( 52.00000000,  -0.03890790)
  ( 52.08333333,  -0.03051950)
  ( 52.16666667,  -0.02318012)
  ( 52.25000000,  -0.01498290)
  ( 52.33333333,  -0.01205528)
  ( 52.41666667,  -0.00888852)
  ( 52.50000000,   0.00005299)
  ( 52.58333333,   0.00725378)
  ( 52.66666667,   0.01336392)
  ( 52.75000000,   0.01914838)
  ( 52.83333333,   0.02674752)
  ( 52.91666667,   0.03034626)
  ( 53.00000000,   0.03562636)
  ( 53.08333333,   0.03793496)
  ( 53.16666667,   0.04303558)
  ( 53.25000000,   0.04569230)
  ( 53.33333333,   0.04847155)
  ( 53.41666667,   0.05293771)
  ( 53.50000000,   0.05486621)
  ( 53.58333333,   0.05464163)
  ( 53.66666667,   0.05809567)
  ( 53.75000000,   0.05941649)
  ( 53.83333333,   0.06293921)
  ( 53.91666667,   0.06651960)
  ( 54.00000000,   0.06947559)
  ( 54.08333333,   0.06966318)
  ( 54.16666667,   0.07184694)
  ( 54.25000000,   0.07540864)
  ( 54.33333333,   0.07756032)
  ( 54.41666667,   0.07806338)
  ( 54.50000000,   0.07650081)
  ( 54.58333333,   0.07738179)
  ( 54.66666667,   0.07642051)
  ( 54.75000000,   0.07665697)
  ( 54.83333333,   0.07569897)
  ( 54.91666667,   0.07460848)
  ( 55.00000000,   0.07573854)
  ( 55.08333333,   0.07862155)
  ( 55.16666667,   0.07379538)
  ( 55.25000000,   0.06908923)
  ( 55.33333333,   0.06957695)
  ( 55.41666667,   0.06872435)
  ( 55.50000000,   0.06621533)
  ( 55.58333333,   0.06444014)
  ( 55.66666667,   0.05976599)
  ( 55.75000000,   0.05657073)
  ( 55.83333333,   0.05587255)
  ( 55.91666667,   0.05176026)
  ( 56.00000000,   0.04804191)
  ( 56.08333333,   0.04531977)
  ( 56.16666667,   0.04059371)
  ( 56.25000000,   0.03443871)
  ( 56.33333333,   0.03285149)
  ( 56.41666667,   0.02809764)
  ( 56.50000000,   0.02664525)
  ( 56.58333333,   0.02316762)
  ( 56.66666667,   0.01892258)
  ( 56.75000000,   0.01760270)
  ( 56.83333333,   0.01594374)
  ( 56.91666667,   0.01247566)
  ( 57.00000000,   0.00813599)
  ( 57.08333333,   0.00134454)
  ( 57.16666667,  -0.00369239)
  ( 57.25000000,  -0.00743881)
  ( 57.33333333,  -0.01184514)
  ( 57.41666667,  -0.01663279)
  ( 57.50000000,  -0.02098012)
  ( 57.58333333,  -0.02476519)
  ( 57.66666667,  -0.02611422)
  ( 57.75000000,  -0.02964491)
  ( 57.83333333,  -0.03483109)
  ( 57.91666667,  -0.03771524)
  ( 58.00000000,  -0.04457170)
  ( 58.08333333,  -0.04839165)
  ( 58.16666667,  -0.05196774)
  ( 58.25000000,  -0.05701878)
  ( 58.33333333,  -0.06544248)
  ( 58.41666667,  -0.07040036)
  ( 58.50000000,  -0.07476004)
  ( 58.58333333,  -0.07901736)
  ( 58.66666667,  -0.07906298)
  ( 58.75000000,  -0.08540963)
  ( 58.83333333,  -0.09152182)
  ( 58.91666667,  -0.09700048)
  ( 59.00000000,  -0.10346445)
  ( 59.08333333,  -0.10846779)
  ( 59.16666667,  -0.11295000)
  ( 59.25000000,  -0.11774429)
  ( 59.33333333,  -0.12058400)
  ( 59.41666667,  -0.12764045)
  ( 59.50000000,  -0.12893096)
  ( 59.58333333,  -0.13135295)
  ( 59.66666667,  -0.13410720)
  ( 59.75000000,  -0.13851194)
  ( 59.83333333,  -0.13813472)
  ( 59.91666667,  -0.14109598)
  ( 60.00000000,  -0.14345420)
  ( 60.08333333,  -0.14809480)
  ( 60.16666667,  -0.15304670)
  ( 60.25000000,  -0.15294851)
  ( 60.33333333,  -0.15261443)
  ( 60.41666667,  -0.15297675)
  ( 60.50000000,  -0.15415522)
  ( 60.58333333,  -0.15340727)
  ( 60.66666667,  -0.15244026)
  ( 60.75000000,  -0.15063770)
  ( 60.83333333,  -0.14882005)
  ( 60.91666667,  -0.14767695)
  ( 61.00000000,  -0.14540964)
  ( 61.08333333,  -0.14300950)
  ( 61.16666667,  -0.13877673)
  ( 61.25000000,  -0.13516295)
  ( 61.33333333,  -0.13469397)
  ( 61.41666667,  -0.13167954)
  ( 61.50000000,  -0.13012702)
  ( 61.58333333,  -0.13040442)
  ( 61.66666667,  -0.12541908)
  ( 61.75000000,  -0.12133286)
  ( 61.83333333,  -0.11842111)
  ( 61.91666667,  -0.11198189)
  ( 62.00000000,  -0.10415303)
  ( 62.08333333,  -0.09949801)
  ( 62.16666667,  -0.09437690)
  ( 62.25000000,  -0.08932587)
  ( 62.33333333,  -0.08578190)
  ( 62.41666667,  -0.08446544)
  ( 62.50000000,  -0.07921160)
  ( 62.58333333,  -0.07821984)
  ( 62.66666667,  -0.07166051)
  ( 62.75000000,  -0.06290625)
  ( 62.83333333,  -0.05743275)
  ( 62.91666667,  -0.05066142)
  ( 63.00000000,  -0.04735914)
  ( 63.08333333,  -0.04104144)
  ( 63.16666667,  -0.03626355)
  ( 63.25000000,  -0.02787626)
  ( 63.33333333,  -0.02315032)
  ( 63.41666667,  -0.01748586)
  ( 63.50000000,  -0.01424110)
  ( 63.58333333,  -0.00751855)
  ( 63.66666667,  -0.00544815)
  ( 63.75000000,  -0.00169448)
  ( 63.83333333,   0.00392109)
  ( 63.91666667,   0.01290793)
  ( 64.00000000,   0.01784282)
  ( 64.08333333,   0.02608588)
  ( 64.16666667,   0.03087892)
  ( 64.25000000,   0.03573463)
  ( 64.33333333,   0.04013432)
  ( 64.41666667,   0.04393327)
  ( 64.50000000,   0.04500853)
  ( 64.58333333,   0.04725778)
  ( 64.66666667,   0.05141461)
  ( 64.75000000,   0.05592632)
  ( 64.83333333,   0.06085270)
  ( 64.91666667,   0.06266377)
  ( 65.00000000,   0.06701181)
  ( 65.08333333,   0.06908520)
  ( 65.16666667,   0.07095892)
  ( 65.25000000,   0.07232213)
  ( 65.33333333,   0.07268636)
  ( 65.41666667,   0.07493613)
  ( 65.50000000,   0.07931823)
  ( 65.58333333,   0.08099865)
  ( 65.66666667,   0.08233489)
  ( 65.75000000,   0.08034936)
  ( 65.83333333,   0.07733387)
  ( 65.91666667,   0.07523361)
  ( 66.00000000,   0.07679048)
  ( 66.08333333,   0.07855388)
  ( 66.16666667,   0.08002001)
  ( 66.25000000,   0.08071156)
  ( 66.33333333,   0.07859363)
  ( 66.41666667,   0.07734205)
  ( 66.50000000,   0.07400054)
  ( 66.58333333,   0.07403090)
  ( 66.66666667,   0.06965659)
  ( 66.75000000,   0.06765661)
  ( 66.83333333,   0.06508284)
  ( 66.91666667,   0.06365563)
  ( 67.00000000,   0.06012695)
  ( 67.08333333,   0.05458278)
  ( 67.16666667,   0.05177897)
  ( 67.25000000,   0.05054147)
  ( 67.33333333,   0.04917366)
  ( 67.41666667,   0.04657192)
  ( 67.50000000,   0.04192193)
  ( 67.58333333,   0.03494183)
  ( 67.66666667,   0.02933067)
  ( 67.75000000,   0.02418762)
  ( 67.83333333,   0.02310008)
  ( 67.91666667,   0.01823376)
  ( 68.00000000,   0.01318210)
  ( 68.08333333,   0.00977551)
  ( 68.16666667,   0.00577953)
  ( 68.25000000,   0.00230464)
  ( 68.33333333,   0.00062434)
  ( 68.41666667,  -0.00853815)
  ( 68.50000000,  -0.01240826)
  ( 68.58333333,  -0.01650004)
  ( 68.66666667,  -0.02032167)
  ( 68.75000000,  -0.02887913)
  ( 68.83333333,  -0.03478394)
  ( 68.91666667,  -0.03661734)
  ( 69.00000000,  -0.04053312)
  ( 69.08333333,  -0.04185930)
  ( 69.16666667,  -0.04900035)
  ( 69.25000000,  -0.05213849)
  ( 69.33333333,  -0.05334012)
  ( 69.41666667,  -0.05590225)
  ( 69.50000000,  -0.06054821)
  ( 69.58333333,  -0.06418443)
  ( 69.66666667,  -0.06851323)
  ( 69.75000000,  -0.07210987)
  ( 69.83333333,  -0.07607495)
  ( 69.91666667,  -0.07694401)
  ( 70.00000000,  -0.07918216)
  ( 70.08333333,  -0.08154594)
  ( 70.16666667,  -0.08501387)
  ( 70.25000000,  -0.08699421)
  ( 70.33333333,  -0.09067645)
  ( 70.41666667,  -0.09565979)
  ( 70.50000000,  -0.10047495)
  ( 70.58333333,  -0.09929874)
  ( 70.66666667,  -0.10257971)
  ( 70.75000000,  -0.10018750)
  ( 70.83333333,  -0.10328867)
  ( 70.91666667,  -0.10610490)
  ( 71.00000000,  -0.10570213)
  ( 71.08333333,  -0.10481146)
  ( 71.16666667,  -0.10489624)
  ( 71.25000000,  -0.10562879)
  ( 71.33333333,  -0.10805190)
  ( 71.41666667,  -0.10535555)
  ( 71.50000000,  -0.10733179)
  ( 71.58333333,  -0.10461097)
  ( 71.66666667,  -0.10302646)
  ( 71.75000000,  -0.09834841)
  ( 71.83333333,  -0.09985116)
  ( 71.91666667,  -0.09903787)
  ( 72.00000000,  -0.09568226)
  ( 72.08333333,  -0.09504319)
  ( 72.16666667,  -0.09315092)
  ( 72.25000000,  -0.09031581)
  ( 72.33333333,  -0.08778915)
  ( 72.41666667,  -0.08248443)
  ( 72.50000000,  -0.08208853)
  ( 72.58333333,  -0.07915277)
  ( 72.66666667,  -0.07526180)
  ( 72.75000000,  -0.07337244)
  ( 72.83333333,  -0.07242680)
  ( 72.91666667,  -0.06821541)
  ( 73.00000000,  -0.06447962)
  ( 73.08333333,  -0.06156013)
  ( 73.16666667,  -0.05702479)
  ( 73.25000000,  -0.05286858)
  ( 73.33333333,  -0.04772455)
  ( 73.41666667,  -0.04122367)
  ( 73.50000000,  -0.03648858)
  ( 73.58333333,  -0.03420146)
  ( 73.66666667,  -0.02945344)
  ( 73.75000000,  -0.02710700)
  ( 73.83333333,  -0.02231134)
  ( 73.91666667,  -0.01806393)
  ( 74.00000000,  -0.01444364)
  ( 74.08333333,  -0.01055586)
  ( 74.16666667,  -0.00328597)
  ( 74.25000000,   0.00108283)
  ( 74.33333333,   0.00476195)
  ( 74.41666667,   0.01265235)
  ( 74.50000000,   0.01585078)
  ( 74.58333333,   0.01884034)
  ( 74.66666667,   0.02078691)
  ( 74.75000000,   0.02428989)
  ( 74.83333333,   0.02752349)
  ( 74.91666667,   0.03301374)
  ( 75.00000000,   0.03480043)
  ( 75.08333333,   0.03918234)
  ( 75.16666667,   0.04161379)
  ( 75.25000000,   0.04778748)
  ( 75.33333333,   0.05090452)
  ( 75.41666667,   0.05491382)
  ( 75.50000000,   0.06070343)
  ( 75.58333333,   0.06490781)
  ( 75.66666667,   0.06631025)
  ( 75.75000000,   0.07183698)
  ( 75.83333333,   0.07197454)
  ( 75.91666667,   0.07462689)
  ( 76.00000000,   0.07511987)
  ( 76.08333333,   0.07821212)
  ( 76.16666667,   0.08027481)
  ( 76.25000000,   0.08325348)
  ( 76.33333333,   0.08671330)
  ( 76.41666667,   0.08697193)
  ( 76.50000000,   0.08525471)
  ( 76.58333333,   0.08213956)
  ( 76.66666667,   0.08472069)
  ( 76.75000000,   0.08429913)
  ( 76.83333333,   0.08644732)
  ( 76.91666667,   0.08598895)
  ( 77.00000000,   0.08640156)
  ( 77.08333333,   0.08866653)
  ( 77.16666667,   0.08707990)
  ( 77.25000000,   0.08247652)
  ( 77.33333333,   0.07913438)
  ( 77.41666667,   0.07814229)
  ( 77.50000000,   0.07238094)
  ( 77.58333333,   0.07277846)
  ( 77.66666667,   0.07338217)
  ( 77.75000000,   0.07063418)
  ( 77.83333333,   0.07275718)
  ( 77.91666667,   0.07416921)
  ( 78.00000000,   0.07095605)
  ( 78.08333333,   0.06809362)
  ( 78.16666667,   0.06570655)
  ( 78.25000000,   0.06242016)
  ( 78.33333333,   0.06006128)
  ( 78.41666667,   0.05317941)
  ( 78.50000000,   0.04911785)
  ( 78.58333333,   0.04501787)
  ( 78.66666667,   0.04110067)
  ( 78.75000000,   0.03896249)
  ( 78.83333333,   0.03710834)
  ( 78.91666667,   0.03521038)
  ( 79.00000000,   0.03273532)
  ( 79.08333333,   0.02879183)
  ( 79.16666667,   0.02410928)
  ( 79.25000000,   0.02329890)
  ( 79.33333333,   0.02069222)
  ( 79.41666667,   0.01252089)
  ( 79.50000000,   0.00827795)
  ( 79.58333333,   0.00416799)
  ( 79.66666667,   0.00027192)
  ( 79.75000000,  -0.00115635)
  ( 79.83333333,  -0.00702653)
  ( 79.91666667,  -0.01021715)
  ( 80.00000000,  -0.00954331)
  ( 80.08333333,  -0.01094772)
  ( 80.16666667,  -0.01551993)
  ( 80.25000000,  -0.01799323)
  ( 80.33333333,  -0.01943166)
  ( 80.41666667,  -0.02189588)
  ( 80.50000000,  -0.02403750)
  ( 80.58333333,  -0.02786204)
  ( 80.66666667,  -0.03123465)
  ( 80.75000000,  -0.03319871)
  ( 80.83333333,  -0.03365869)
  ( 80.91666667,  -0.03620970)
  ( 81.00000000,  -0.03694369)
  ( 81.08333333,  -0.04084313)
  ( 81.16666667,  -0.04362937)
  ( 81.25000000,  -0.04619582)
  ( 81.33333333,  -0.04679415)
  ( 81.41666667,  -0.04859489)
  ( 81.50000000,  -0.05209910)
  ( 81.58333333,  -0.05628433)
  ( 81.66666667,  -0.05626909)
  ( 81.75000000,  -0.05443246)
  ( 81.83333333,  -0.05562083)
  ( 81.91666667,  -0.05769422)
  ( 82.00000000,  -0.06165006)
  ( 82.08333333,  -0.06237812)
  ( 82.16666667,  -0.05932737)
  ( 82.25000000,  -0.05889917)
  ( 82.33333333,  -0.05919838)
  ( 82.41666667,  -0.06089715)
  ( 82.50000000,  -0.06140521)
  ( 82.58333333,  -0.06293568)
  ( 82.66666667,  -0.06395739)
  ( 82.75000000,  -0.06428751)
  ( 82.83333333,  -0.06397184)
  ( 82.91666667,  -0.06080717)
  ( 83.00000000,  -0.06112729)
  ( 83.08333333,  -0.05747781)
  ( 83.16666667,  -0.05560307)
  ( 83.25000000,  -0.05423729)
  ( 83.33333333,  -0.05476341)
  ( 83.41666667,  -0.05405715)
  ( 83.50000000,  -0.05304203)
  ( 83.58333333,  -0.05127202)
  ( 83.66666667,  -0.04835925)
  ( 83.75000000,  -0.04279926)
  ( 83.83333333,  -0.03965657)
  ( 83.91666667,  -0.03727555)
  ( 84.00000000,  -0.03349877)
  ( 84.08333333,  -0.02914067)
  ( 84.16666667,  -0.02736591)
  ( 84.25000000,  -0.02522823)
  ( 84.33333333,  -0.02237591)
  ( 84.41666667,  -0.01791668)
  ( 84.50000000,  -0.01084304)
  ( 84.58333333,  -0.00547885)
  ( 84.66666667,   0.00175812)
  ( 84.75000000,   0.00595241)
  ( 84.83333333,   0.01060110)
  ( 84.91666667,   0.01566797)
  ( 85.00000000,   0.02090216)
  ( 85.08333333,   0.02683213)
  ( 85.16666667,   0.02978970)
  ( 85.25000000,   0.03659039)
  ( 85.33333333,   0.04031724)
  ( 85.41666667,   0.04641604)
  ( 85.50000000,   0.04947316)
  ( 85.58333333,   0.05519680)
  ( 85.66666667,   0.06078982)
  ( 85.75000000,   0.06805304)
  ( 85.83333333,   0.07465476)
  ( 85.91666667,   0.08171293)
  ( 86.00000000,   0.08697727)
  ( 86.08333333,   0.09375965)
  ( 86.16666667,   0.09836050)
  ( 86.25000000,   0.10327387)
  ( 86.33333333,   0.10943557)
  ( 86.41666667,   0.11479120)
  ( 86.50000000,   0.11773169)
  ( 86.58333333,   0.11722191)
  ( 86.66666667,   0.12147968)
  ( 86.75000000,   0.12525967)
  ( 86.83333333,   0.12895090)
  ( 86.91666667,   0.13040138)
  ( 87.00000000,   0.13154882)
  ( 87.08333333,   0.13708256)
  ( 87.16666667,   0.14048696)
  ( 87.25000000,   0.14190073)
  ( 87.33333333,   0.14356368)
  ( 87.41666667,   0.14450391)
  ( 87.50000000,   0.14053373)
  ( 87.58333333,   0.14348908)
  ( 87.66666667,   0.14314759)
  ( 87.75000000,   0.14126346)
  ( 87.83333333,   0.13909832)
  ( 87.91666667,   0.13741997)
  ( 88.00000000,   0.13676628)
  ( 88.08333333,   0.13762573)
  ( 88.16666667,   0.13522035)
  ( 88.25000000,   0.13252067)
  ( 88.33333333,   0.13431032)
  ( 88.41666667,   0.13028453)
  ( 88.50000000,   0.12401729)
  ( 88.58333333,   0.12230993)
  ( 88.66666667,   0.12047025)
  ( 88.75000000,   0.11423331)
  ( 88.83333333,   0.11306449)
  ( 88.91666667,   0.10948233)
  ( 89.00000000,   0.10894000)
  ( 89.08333333,   0.10364356)
  ( 89.16666667,   0.10013509)
  ( 89.25000000,   0.09849137)
  ( 89.33333333,   0.09378363)
  ( 89.41666667,   0.08722224)
  ( 89.50000000,   0.08546221)
  ( 89.58333333,   0.08050610)
  ( 89.66666667,   0.07437708)
  ( 89.75000000,   0.07250997)
  ( 89.83333333,   0.06931299)
  ( 89.91666667,   0.06243128)
  ( 90.00000000,   0.05522962)
  ( 90.08333333,   0.05082697)
  ( 90.16666667,   0.04440452)
  ( 90.25000000,   0.04387751)
  ( 90.33333333,   0.03864389)
  ( 90.41666667,   0.03111359)
  ( 90.50000000,   0.02543615)
  ( 90.58333333,   0.02274110)
  ( 90.66666667,   0.01714583)
  ( 90.75000000,   0.01471014)
  ( 90.83333333,   0.00854020)
  ( 90.91666667,   0.00046912)
  ( 91.00000000,  -0.00489619)
  ( 91.08333333,  -0.00884471)
  ( 91.16666667,  -0.01665024)
  ( 91.25000000,  -0.02458195)
  ( 91.33333333,  -0.02875026)
  ( 91.41666667,  -0.03036753)
  ( 91.50000000,  -0.03047347)
  ( 91.58333333,  -0.03469770)
  ( 91.66666667,  -0.03877924)
  ( 91.75000000,  -0.04247663)
  ( 91.83333333,  -0.04595893)
  ( 91.91666667,  -0.05047583)
  ( 92.00000000,  -0.05449065)
  ( 92.08333333,  -0.05957552)
  ( 92.16666667,  -0.06460413)
  ( 92.25000000,  -0.06928247)
  ( 92.33333333,  -0.07070329)
  ( 92.41666667,  -0.07057560)
  ( 92.50000000,  -0.07191242)
  ( 92.58333333,  -0.07516292)
  ( 92.66666667,  -0.07991406)
  ( 92.75000000,  -0.07783883)
  ( 92.83333333,  -0.07814127)
  ( 92.91666667,  -0.08094590)
  ( 93.00000000,  -0.08389145)
  ( 93.08333333,  -0.08826009)
  ( 93.16666667,  -0.08726836)
  ( 93.25000000,  -0.08881018)
  ( 93.33333333,  -0.08905693)
  ( 93.41666667,  -0.09182528)
  ( 93.50000000,  -0.09164801)
  ( 93.58333333,  -0.08938176)
  ( 93.66666667,  -0.09104521)
  ( 93.75000000,  -0.08820477)
  ( 93.83333333,  -0.08776415)
  ( 93.91666667,  -0.08539882)
  ( 94.00000000,  -0.08376455)
  ( 94.08333333,  -0.08083564)
  ( 94.16666667,  -0.07755108)
  ( 94.25000000,  -0.07483471)
  ( 94.33333333,  -0.07024665)
  ( 94.41666667,  -0.06811193)
  ( 94.50000000,  -0.06410650)
  ( 94.58333333,  -0.06179417)
  ( 94.66666667,  -0.05554742)
  ( 94.75000000,  -0.05258153)
  ( 94.83333333,  -0.04900484)
  ( 94.91666667,  -0.04699911)
  ( 95.00000000,  -0.04352412)
  ( 95.08333333,  -0.03793432)
  ( 95.16666667,  -0.02949475)
  ( 95.25000000,  -0.02213913)
  ( 95.33333333,  -0.01798246)
  ( 95.41666667,  -0.00903807)
  ( 95.50000000,  -0.00221556)
  ( 95.58333333,  -0.00114126)
  ( 95.66666667,   0.00301808)
  ( 95.75000000,   0.00596507)
  ( 95.83333333,   0.01464475)
  ( 95.91666667,   0.02048373)
  ( 96.00000000,   0.02732180)
  ( 96.08333333,   0.03656497)
  ( 96.16666667,   0.04637172)
  ( 96.25000000,   0.05276093)
  ( 96.33333333,   0.05681545)
  ( 96.41666667,   0.06160146)
  ( 96.50000000,   0.06763277)
  ( 96.58333333,   0.07036688)
  ( 96.66666667,   0.07580621)
  ( 96.75000000,   0.08111630)
  ( 96.83333333,   0.08839396)
  ( 96.91666667,   0.09181951)
  ( 97.00000000,   0.09661616)
  ( 97.08333333,   0.10202882)
  ( 97.16666667,   0.10699594)
  ( 97.25000000,   0.11020742)
  ( 97.33333333,   0.11478211)
  ( 97.41666667,   0.12082581)
  ( 97.50000000,   0.12721588)
  ( 97.58333333,   0.13112448)
  ( 97.66666667,   0.13247222)
  ( 97.75000000,   0.13479996)
  ( 97.83333333,   0.13801458)
  ( 97.91666667,   0.13969333)
  ( 98.00000000,   0.14157285)
  ( 98.08333333,   0.14309644)
  ( 98.16666667,   0.14373115)
  ( 98.25000000,   0.14600591)
  ( 98.33333333,   0.14734400)
  ( 98.41666667,   0.14827949)
  ( 98.50000000,   0.14998682)
  ( 98.58333333,   0.14919798)
  ( 98.66666667,   0.14869267)
  ( 98.75000000,   0.14877769)
  ( 98.83333333,   0.14820292)
  ( 98.91666667,   0.14234222)
  ( 99.00000000,   0.14147848)
  ( 99.08333333,   0.13790268)
  ( 99.16666667,   0.13687047)
  ( 99.25000000,   0.13441699)
  ( 99.33333333,   0.12756546)
  ( 99.41666667,   0.12448697)
  ( 99.50000000,   0.12323717)
  ( 99.58333333,   0.11777558)
  ( 99.66666667,   0.11493183)
  ( 99.75000000,   0.11149587)
  ( 99.83333333,   0.10765322)
  ( 99.91666667,   0.10010138)
  (100.00000000,   0.09717195)
  (100.08333333,   0.08953859)
  (100.16666667,   0.08524220)
  (100.25000000,   0.07723072)
  (100.33333333,   0.07222931)
  (100.41666667,   0.06838573)
  (100.50000000,   0.06525513)
  (100.58333333,   0.05970747)
  (100.66666667,   0.05373245)
  (100.75000000,   0.04560074)
  (100.83333333,   0.03825047)
  (100.91666667,   0.03190229)
  (101.00000000,   0.02505096)
  (101.08333333,   0.01949404)
  (101.16666667,   0.01587782)
  (101.25000000,   0.01328384)
  (101.33333333,   0.00873041)
  (101.41666667,   0.00443397)
  (101.50000000,  -0.00143783)
  (101.58333333,  -0.00959493)
  (101.66666667,  -0.01920315)
  (101.75000000,  -0.02238765)
  (101.83333333,  -0.02709313)
  (101.91666667,  -0.03299480)
  (102.00000000,  -0.04037810)
  (102.08333333,  -0.04448965)
  (102.16666667,  -0.04912575)
  (102.25000000,  -0.05148595)
  (102.33333333,  -0.05713705)
  (102.41666667,  -0.06096411)
  (102.50000000,  -0.06422769)
  (102.58333333,  -0.06905674)
  (102.66666667,  -0.07283394)
  (102.75000000,  -0.07826701)
  (102.83333333,  -0.08280644)
  (102.91666667,  -0.08608879)
  (103.00000000,  -0.08750988)
  (103.08333333,  -0.08941965)
  (103.16666667,  -0.08868487)
  (103.25000000,  -0.09240823)
  (103.33333333,  -0.09542069)
  (103.41666667,  -0.09607262)
  (103.50000000,  -0.09423289)
  (103.58333333,  -0.09491475)
  (103.66666667,  -0.09667873)
  (103.75000000,  -0.09714652)
  (103.83333333,  -0.09701679)
  (103.91666667,  -0.09363118)
  (104.00000000,  -0.09410063)
  (104.08333333,  -0.09612953)
  (104.16666667,  -0.09450396)
  (104.25000000,  -0.09443932)
  (104.33333333,  -0.09199026)
  (104.41666667,  -0.08888228)
  (104.50000000,  -0.08773917)
  (104.58333333,  -0.08364258)
  (104.66666667,  -0.07958911)
  (104.75000000,  -0.07477689)
  (104.83333333,  -0.07374167)
  (104.91666667,  -0.06960019)
  (105.00000000,  -0.06832453)
  (105.08333333,  -0.06420484)
  (105.16666667,  -0.05866938)
  (105.25000000,  -0.05625182)
  (105.33333333,  -0.05128419)
  (105.41666667,  -0.04698158)
  (105.50000000,  -0.04158111)
  (105.58333333,  -0.03693051)
  (105.66666667,  -0.03015053)
  (105.75000000,  -0.02486792)
  (105.83333333,  -0.01728989)
  (105.91666667,  -0.00900874)
  (106.00000000,  -0.00467422)
  (106.08333333,  -0.00286411)
  (106.16666667,   0.00382706)
  (106.25000000,   0.00811627)
  (106.33333333,   0.01364682)
  (106.41666667,   0.01913181)
  (106.50000000,   0.02602968)
  (106.58333333,   0.03387421)
  (106.66666667,   0.04118110)
  (106.75000000,   0.04921331)
  (106.83333333,   0.05465272)
  (106.91666667,   0.05785887)
  (107.00000000,   0.06184142)
  (107.08333333,   0.06855039)
  (107.16666667,   0.07632497)
  (107.25000000,   0.08344112)
  (107.33333333,   0.09104431)
  (107.41666667,   0.09555872)
  (107.50000000,   0.10305779)
  (107.58333333,   0.11104340)
  (107.66666667,   0.11552601)
  (107.75000000,   0.12182861)
  (107.83333333,   0.12693884)
  (107.91666667,   0.12812123)
  (108.00000000,   0.13221741)
  (108.08333333,   0.13813380)
  (108.16666667,   0.14290542)
  (108.25000000,   0.14906644)
  (108.33333333,   0.15283945)
  (108.41666667,   0.15614940)
  (108.50000000,   0.16043984)
  (108.58333333,   0.16494561)
  (108.66666667,   0.16901760)
  (108.75000000,   0.17294291)
  (108.83333333,   0.17566286)
  (108.91666667,   0.17770443)
  (109.00000000,   0.17726317)
  (109.08333333,   0.17767515)
  (109.16666667,   0.17882314)
  (109.25000000,   0.18053891)
  (109.33333333,   0.17920032)
  (109.41666667,   0.18025564)
  (109.50000000,   0.17817356)
  (109.58333333,   0.17550572)
  (109.66666667,   0.17530082)
  (109.75000000,   0.17234481)
  (109.83333333,   0.16993829)
  (109.91666667,   0.16909012)
  (110.00000000,   0.16880783)
  (110.08333333,   0.16390224)
  (110.16666667,   0.15999916)
  (110.25000000,   0.15460119)
  (110.33333333,   0.14790109)
  (110.41666667,   0.14008737)
  (110.50000000,   0.13623796)
  (110.58333333,   0.13138520)
  (110.66666667,   0.12353374)
  (110.75000000,   0.11749456)
  (110.83333333,   0.11170483)
  (110.91666667,   0.10723559)
  (111.00000000,   0.10276801)
  (111.08333333,   0.08988476)
  (111.16666667,   0.08324091)
  (111.25000000,   0.07897145)
  (111.33333333,   0.07510451)
  (111.41666667,   0.06568376)
  (111.50000000,   0.05616794)
  (111.58333333,   0.04936616)
  (111.66666667,   0.03797442)
  (111.75000000,   0.02941587)
  (111.83333333,   0.02014064)
  (111.91666667,   0.01147188)
  (112.00000000,   0.00509516)
  (112.08333333,  -0.00224344)
  (112.16666667,  -0.00887021)
  (112.25000000,  -0.01622109)
  (112.33333333,  -0.02514808)
  (112.41666667,  -0.03487961)
  (112.50000000,  -0.04104589)
  (112.58333333,  -0.04669242)
  (112.66666667,  -0.05169983)
  (112.75000000,  -0.05745820)
  (112.83333333,  -0.06377099)
  (112.91666667,  -0.07034868)
  (113.00000000,  -0.07669861)
  (113.08333333,  -0.08337788)
  (113.16666667,  -0.09027755)
  (113.25000000,  -0.09396197)
  (113.33333333,  -0.09886276)
  (113.41666667,  -0.10410417)
  (113.50000000,  -0.10937599)
  (113.58333333,  -0.11426473)
  (113.66666667,  -0.11478509)
  (113.75000000,  -0.11774246)
  (113.83333333,  -0.12154380)
  (113.91666667,  -0.12491932)
  (114.00000000,  -0.12834661)
  (114.08333333,  -0.13026198)
  (114.16666667,  -0.13160459)
  (114.25000000,  -0.13218809)
  (114.33333333,  -0.13450777)
  (114.41666667,  -0.13457690)
  (114.50000000,  -0.13474258)
  (114.58333333,  -0.13588759)
  (114.66666667,  -0.13691438)
  (114.75000000,  -0.13890123)
  (114.83333333,  -0.13828317)
  (114.91666667,  -0.13589001)
  (115.00000000,  -0.13536652)
  (115.08333333,  -0.13414300)
  (115.16666667,  -0.13328226)
  (115.25000000,  -0.13047148)
  (115.33333333,  -0.12780302)
  (115.41666667,  -0.12328637)
  (115.50000000,  -0.12145838)
  (115.58333333,  -0.11665596)
  (115.66666667,  -0.11295053)
  (115.75000000,  -0.11122831)
  (115.83333333,  -0.10724916)
  (115.91666667,  -0.10326091)
  (116.00000000,  -0.09973813)
  (116.08333333,  -0.09489943)
  (116.16666667,  -0.08977085)
  (116.25000000,  -0.08524179)
  (116.33333333,  -0.07599510)
  (116.41666667,  -0.07230466)
  (116.50000000,  -0.06507856)
  (116.58333333,  -0.05768048)
  (116.66666667,  -0.05398423)
  (116.75000000,  -0.04937410)
  (116.83333333,  -0.04478535)
  (116.91666667,  -0.03668893)
  (117.00000000,  -0.02855301)
  (117.08333333,  -0.01956903)
  (117.16666667,  -0.01271417)
  (117.25000000,  -0.00495412)
  (117.33333333,   0.00394680)
  (117.41666667,   0.01120028)
  (117.50000000,   0.01685303)
  (117.58333333,   0.02615947)
  (117.66666667,   0.03181040)
  (117.75000000,   0.04204835)
  (117.83333333,   0.05125114)
  (117.91666667,   0.06123892)
  (118.00000000,   0.06880441)
  (118.08333333,   0.07927716)
  (118.16666667,   0.08771966)
  (118.25000000,   0.09532248)
  (118.33333333,   0.10335681)
  (118.41666667,   0.10904623)
  (118.50000000,   0.11602702)
  (118.58333333,   0.12264059)
  (118.66666667,   0.13133112)
  (118.75000000,   0.13826855)
  (118.83333333,   0.14581262)
  (118.91666667,   0.15229990)
  (119.00000000,   0.15910934)
  (119.08333333,   0.16519499)
  (119.16666667,   0.17047410)
  (119.25000000,   0.17676463)
  (119.33333333,   0.18171930)
  (119.41666667,   0.18479822)
  (119.50000000,   0.18764042)
  (119.58333333,   0.19084092)
  (119.66666667,   0.19259846)
  (119.75000000,   0.19598122)
  (119.83333333,   0.19719360)
  (119.91666667,   0.20092637)
  (120.00000000,   0.20274352)
  (120.08333333,   0.19984759)
  (120.16666667,   0.20114333)
  (120.25000000,   0.20138766)
  (120.33333333,   0.20100183)
  (120.41666667,   0.19754631)
  (120.50000000,   0.19345614)
  (120.58333333,   0.18949345)
  (120.66666667,   0.18866391)
  (120.75000000,   0.18500130)
  (120.83333333,   0.17980717)
  (120.91666667,   0.17517508)
  (121.00000000,   0.16939831)
  (121.08333333,   0.15850706)
  (121.16666667,   0.15424843)
  (121.25000000,   0.14686857)
  (121.33333333,   0.14030232)
  (121.41666667,   0.13116382)
  (121.50000000,   0.12035823)
  (121.58333333,   0.11283843)
  (121.66666667,   0.10720637)
  (121.75000000,   0.09808109)
  (121.83333333,   0.08551231)
  (121.91666667,   0.07606481)
  (122.00000000,   0.06862378)
  (122.08333333,   0.06015867)
  (122.16666667,   0.05107274)
  (122.25000000,   0.04062705)
  (122.33333333,   0.02915772)
  (122.41666667,   0.02236444)
  (122.50000000,   0.01479440)
  (122.58333333,   0.00530180)
  (122.66666667,  -0.00563131)
  (122.75000000,  -0.01740164)
  (122.83333333,  -0.02725827)
  (122.91666667,  -0.03630865)
  (123.00000000,  -0.04564456)
  (123.08333333,  -0.05366942)
  (123.16666667,  -0.06360389)
  (123.25000000,  -0.07271151)
  (123.33333333,  -0.07995051)
  (123.41666667,  -0.08726855)
  (123.50000000,  -0.09692313)
  (123.58333333,  -0.10325124)
  (123.66666667,  -0.10798324)
  (123.75000000,  -0.11654186)
  (123.83333333,  -0.12302650)
  (123.91666667,  -0.13089212)
  (124.00000000,  -0.13747525)
  (124.08333333,  -0.14444312)
  (124.16666667,  -0.14803316)
  (124.25000000,  -0.15253018)
  (124.33333333,  -0.15441553)
  (124.41666667,  -0.15679717)
  (124.50000000,  -0.15951412)
  (124.58333333,  -0.16388007)
  (124.66666667,  -0.16622388)
  (124.75000000,  -0.16862748)
  (124.83333333,  -0.17091905)
  (124.91666667,  -0.17521420)
  (125.00000000,  -0.17590202)
  (125.08333333,  -0.17610516)
  (125.16666667,  -0.17426057)
  (125.25000000,  -0.17507827)
  (125.33333333,  -0.17548931)
  (125.41666667,  -0.17395591)
  (125.50000000,  -0.17107995)
  (125.58333333,  -0.16673427)
  (125.66666667,  -0.16456483)
  (125.75000000,  -0.16381599)
  (125.83333333,  -0.16003129)
  (125.91666667,  -0.15708656)
  (126.00000000,  -0.15437668)
  (126.08333333,  -0.14995090)
  (126.16666667,  -0.14645307)
  (126.25000000,  -0.13990370)
  (126.33333333,  -0.13412967)
  (126.41666667,  -0.12927947)
  (126.50000000,  -0.12521176)
  (126.58333333,  -0.11787691)
  (126.66666667,  -0.11167541)
  (126.75000000,  -0.10557201)
  (126.83333333,  -0.10221299)
  (126.91666667,  -0.09718340)
  (127.00000000,  -0.08571280)
  (127.08333333,  -0.07928172)
  (127.16666667,  -0.07336851)
  (127.25000000,  -0.06660419)
  (127.33333333,  -0.05660889)
  (127.41666667,  -0.04952817)
  (127.50000000,  -0.04198211)
  (127.58333333,  -0.03740669)
  (127.66666667,  -0.03153287)
  (127.75000000,  -0.02036833)
  (127.83333333,  -0.01191114)
  (127.91666667,  -0.00656360)
  (128.00000000,   0.00109690)
  (128.08333333,   0.00755717)
  (128.16666667,   0.01513014)
  (128.25000000,   0.02311200)
  (128.33333333,   0.03076396)
  (128.41666667,   0.03733225)
  (128.50000000,   0.04598915)
  (128.58333333,   0.05258379)
  (128.66666667,   0.05835690)
  (128.75000000,   0.06391308)
  (128.83333333,   0.07060426)
  (128.91666667,   0.07901313)
  (129.00000000,   0.08639946)
  (129.08333333,   0.09401976)
  (129.16666667,   0.10054716)
  (129.25000000,   0.10723774)
  (129.33333333,   0.11521547)
  (129.41666667,   0.11940743)
  (129.50000000,   0.12326957)
  (129.58333333,   0.12888780)
  (129.66666667,   0.13341623)
  (129.75000000,   0.13681635)
  (129.83333333,   0.13961515)
  (129.91666667,   0.14417116)
  (130.00000000,   0.14605134)
  (130.08333333,   0.14922351)
  (130.16666667,   0.15074426)
  (130.25000000,   0.15233739)
  (130.33333333,   0.15365672)
  (130.41666667,   0.15415350)
  (130.50000000,   0.15435888)
  (130.58333333,   0.15567825)
  (130.66666667,   0.15732798)
  (130.75000000,   0.15530222)
  (130.83333333,   0.15354404)
  (130.91666667,   0.14996186)
  (131.00000000,   0.14833479)
  (131.08333333,   0.14487920)
  (131.16666667,   0.13995016)
  (131.25000000,   0.13753288)
  (131.33333333,   0.13307432)
  (131.41666667,   0.12891854)
  (131.50000000,   0.12344572)
  (131.58333333,   0.11660882)
  (131.66666667,   0.11041005)
  (131.75000000,   0.10542702)
  (131.83333333,   0.10091997)
  (131.91666667,   0.09323142)
  (132.00000000,   0.08597150)
  (132.08333333,   0.08054522)
  (132.16666667,   0.07155114)
  (132.25000000,   0.06711452)
  (132.33333333,   0.05892502)
  (132.41666667,   0.04992716)
  (132.50000000,   0.04033240)
  (132.58333333,   0.03179186)
  (132.66666667,   0.02463448)
  (132.75000000,   0.01683611)
  (132.83333333,   0.01221455)
  (132.91666667,   0.00296724)
  (133.00000000,  -0.00321948)
  (133.08333333,  -0.00834651)
  (133.16666667,  -0.01641339)
  (133.25000000,  -0.02627432)
  (133.33333333,  -0.03353897)
  (133.41666667,  -0.04111652)
  (133.50000000,  -0.04728291)
  (133.58333333,  -0.05387026)
  (133.66666667,  -0.06002339)
  (133.75000000,  -0.06574882)
  (133.83333333,  -0.07204900)
  (133.91666667,  -0.07766002)
  (134.00000000,  -0.08508771)
  (134.08333333,  -0.08857903)
  (134.16666667,  -0.09388119)
  (134.25000000,  -0.09923429)
  (134.33333333,  -0.10758643)
  (134.41666667,  -0.10931184)
  (134.50000000,  -0.11556707)
  (134.58333333,  -0.12329773)
  (134.66666667,  -0.12830267)
  (134.75000000,  -0.13350466)
  (134.83333333,  -0.13568463)
  (134.91666667,  -0.13841984)
  (135.00000000,  -0.13920269)
  (135.08333333,  -0.14340902)
  (135.16666667,  -0.14526840)
  (135.25000000,  -0.14899103)
  (135.33333333,  -0.15172115)
  (135.41666667,  -0.15389774)
  (135.50000000,  -0.15626312)
  (135.58333333,  -0.15590243)
  (135.66666667,  -0.15567869)
  (135.75000000,  -0.15509825)
  (135.83333333,  -0.15613220)
  (135.91666667,  -0.15936701)
  (136.00000000,  -0.15744763)
  (136.08333333,  -0.15860098)
  (136.16666667,  -0.15660670)
  (136.25000000,  -0.15437566)
  (136.33333333,  -0.15207396)
  (136.41666667,  -0.15226584)
  (136.50000000,  -0.15079592)
  (136.58333333,  -0.14790220)
  (136.66666667,  -0.14715017)
  (136.75000000,  -0.14416956)
  (136.83333333,  -0.14222763)
  (136.91666667,  -0.13858497)
  (137.00000000,  -0.13683969)
  (137.08333333,  -0.13277354)
  (137.16666667,  -0.12854910)
  (137.25000000,  -0.12485940)
  (137.33333333,  -0.12218845)
  (137.41666667,  -0.11766460)
  (137.50000000,  -0.11434809)
  (137.58333333,  -0.11068051)
  (137.66666667,  -0.10505417)
  (137.75000000,  -0.09915319)
  (137.83333333,  -0.09351584)
  (137.91666667,  -0.09190103)
  (138.00000000,  -0.08605560)
  (138.08333333,  -0.08041526)
  (138.16666667,  -0.07640023)
  (138.25000000,  -0.07446675)
  (138.33333333,  -0.06779493)
  (138.41666667,  -0.06364805)
  (138.50000000,  -0.05798409)
  (138.58333333,  -0.05162343)
  (138.66666667,  -0.04708093)
  (138.75000000,  -0.04117384)
  (138.83333333,  -0.03593815)
  (138.91666667,  -0.03091665)
  (139.00000000,  -0.02391873)
  (139.08333333,  -0.01771276)
  (139.16666667,  -0.01055826)
  (139.25000000,  -0.00539343)
  (139.33333333,  -0.00070155)
  (139.41666667,   0.00256956)
  (139.50000000,   0.00637298)
  (139.58333333,   0.01130092)
  (139.66666667,   0.01736904)
  (139.75000000,   0.02204775)
  (139.83333333,   0.02802399)
  (139.91666667,   0.03495867)
  (140.00000000,   0.03923896)
  (140.08333333,   0.04173088)
  (140.16666667,   0.04571738)
  (140.25000000,   0.04706828)
  (140.33333333,   0.05039357)
  (140.41666667,   0.05152922)
  (140.50000000,   0.05594732)
  (140.58333333,   0.05976961)
  (140.66666667,   0.06557188)
  (140.75000000,   0.06936004)
  (140.83333333,   0.07185342)
  (140.91666667,   0.07236479)
  (141.00000000,   0.07532090)
  (141.08333333,   0.07831326)
  (141.16666667,   0.07802353)
  (141.25000000,   0.07893329)
  (141.33333333,   0.07931621)
  (141.41666667,   0.08163175)
  (141.50000000,   0.08271823)
  (141.58333333,   0.08135490)
  (141.66666667,   0.07969407)
  (141.75000000,   0.08023251)
  (141.83333333,   0.08035166)
  (141.91666667,   0.07637021)
  (142.00000000,   0.07889477)
  (142.08333333,   0.07750396)
  (142.16666667,   0.07579412)
  (142.25000000,   0.07186758)
  (142.33333333,   0.06766118)
  (142.41666667,   0.06794279)
  (142.50000000,   0.06489688)
  (142.58333333,   0.06026725)
  (142.66666667,   0.05778956)
  (142.75000000,   0.05604780)
  (142.83333333,   0.05424273)
  (142.91666667,   0.05205550)
  (143.00000000,   0.04688843)
  (143.08333333,   0.04292635)
  (143.16666667,   0.03912116)
  (143.25000000,   0.03168036)
  (143.33333333,   0.02642473)
  (143.41666667,   0.02503413)
  (143.50000000,   0.01983202)
  (143.58333333,   0.01426471)
  (143.66666667,   0.00912537)
  (143.75000000,   0.00637761)
  (143.83333333,  -0.00260802)
  (143.91666667,  -0.00918404)
  (144.00000000,  -0.01752239)
  (144.08333333,  -0.02153025)
  (144.16666667,  -0.02511238)
  (144.25000000,  -0.03274649)
  (144.33333333,  -0.03794034)
  (144.41666667,  -0.04130185)
  (144.50000000,  -0.04787918)
  (144.58333333,  -0.05308080)
  (144.66666667,  -0.05871955)
  (144.75000000,  -0.06422670)
  (144.83333333,  -0.07097928)
  (144.91666667,  -0.07521086)
  (145.00000000,  -0.07971611)
  (145.08333333,  -0.08319207)
  (145.16666667,  -0.08731162)
  (145.25000000,  -0.09219943)
  (145.33333333,  -0.09306575)
  (145.41666667,  -0.09617240)
  (145.50000000,  -0.10052822)
  (145.58333333,  -0.10340353)
  (145.66666667,  -0.10652130)
  (145.75000000,  -0.10920170)
  (145.83333333,  -0.11009427)
  (145.91666667,  -0.11361319)
  (146.00000000,  -0.11584709)
  (146.08333333,  -0.11890172)
  (146.16666667,  -0.11982293)
  (146.25000000,  -0.12004800)
  (146.33333333,  -0.12285665)
  (146.41666667,  -0.12505605)
  (146.50000000,  -0.12548847)
  (146.58333333,  -0.12278477)
  (146.66666667,  -0.12372626)
  (146.75000000,  -0.12412373)
  (146.83333333,  -0.12287100)
  (146.91666667,  -0.12389260)
  (147.00000000,  -0.12293201)
  (147.08333333,  -0.12075301)
  (147.16666667,  -0.11744702)
  (147.25000000,  -0.11685863)
  (147.33333333,  -0.11424633)
  (147.41666667,  -0.11227590)
  (147.50000000,  -0.10920343)
  (147.58333333,  -0.10890832)
  (147.66666667,  -0.10730100)
  (147.75000000,  -0.10334650)
  (147.83333333,  -0.10170424)
  (147.91666667,  -0.10010566)
  (148.00000000,  -0.09728986)
  (148.08333333,  -0.09392734)
  (148.16666667,  -0.09138806)
  (148.25000000,  -0.08899319)
  (148.33333333,  -0.08834092)
  (148.41666667,  -0.08430865)
  (148.50000000,  -0.07906745)
  (148.58333333,  -0.07635807)
  (148.66666667,  -0.07190961)
  (148.75000000,  -0.06784604)
  (148.83333333,  -0.06465184)
  (148.91666667,  -0.06429341)
  (149.00000000,  -0.06209882)
  (149.08333333,  -0.05872150)
  (149.16666667,  -0.05425640)
  (149.25000000,  -0.04841370)
  (149.33333333,  -0.04366847)
  (149.41666667,  -0.04019792)
  (149.50000000,  -0.03805087)
  (149.58333333,  -0.03411818)
  (149.66666667,  -0.03097817)
  (149.75000000,  -0.02810040)
  (149.83333333,  -0.02330940)
  (149.91666667,  -0.02190913)
  (150.00000000,  -0.01828486)
  (150.08333333,  -0.01328941)
  (150.16666667,  -0.00977059)
  (150.25000000,  -0.00753245)
  (150.33333333,  -0.00203620)
  (150.41666667,   0.00161094)
  (150.50000000,   0.00570067)
  (150.58333333,   0.00948075)
  (150.66666667,   0.01242548)
  (150.75000000,   0.01630158)
  (150.83333333,   0.01761440)
  (150.91666667,   0.01986956)
  (151.00000000,   0.02132024)
  (151.08333333,   0.02393720)
  (151.16666667,   0.02662979)
  (151.25000000,   0.03416891)
  (151.33333333,   0.03465163)
  (151.41666667,   0.03957226)
  (151.50000000,   0.04449493)
  (151.58333333,   0.04476350)
  (151.66666667,   0.04326946)
  (151.75000000,   0.04573596)
  (151.83333333,   0.04519059)
  (151.91666667,   0.04621570)
  (152.00000000,   0.05054892)
  (152.08333333,   0.04722354)
  (152.16666667,   0.04530208)
  (152.25000000,   0.04581251)
  (152.33333333,   0.04619589)
  (152.41666667,   0.04978135)
  (152.50000000,   0.05029247)
  (152.58333333,   0.04850236)
  (152.66666667,   0.04818686)
  (152.75000000,   0.04690841)
  (152.83333333,   0.04571348)
  (152.91666667,   0.04323512)
  (153.00000000,   0.03991298)
  (153.08333333,   0.03888476)
  (153.16666667,   0.03966261)
  (153.25000000,   0.03569670)
  (153.33333333,   0.03414358)
  (153.41666667,   0.03256975)
  (153.50000000,   0.03227577)
  (153.58333333,   0.03057259)
  (153.66666667,   0.02850572)
  (153.75000000,   0.02560471)
  (153.83333333,   0.02421518)
  (153.91666667,   0.02188379)
  (154.00000000,   0.01907220)
  (154.08333333,   0.01618247)
  (154.16666667,   0.01210155)
  (154.25000000,   0.00761368)
  (154.33333333,   0.00578982)
  (154.41666667,   0.00020735)
  (154.50000000,  -0.00182585)
  (154.58333333,  -0.00488321)
  (154.66666667,  -0.00962766)
  (154.75000000,  -0.01176896)
  (154.83333333,  -0.01529081)
  (154.91666667,  -0.01830621)
  (155.00000000,  -0.02139471)
  (155.08333333,  -0.02544188)
  (155.16666667,  -0.02861093)
  (155.25000000,  -0.03131803)
  (155.33333333,  -0.03704361)
  (155.41666667,  -0.04153096)
  (155.50000000,  -0.04354652)
  (155.58333333,  -0.04373315)
  (155.66666667,  -0.04579679)
  (155.75000000,  -0.04804785)
  (155.83333333,  -0.05021273)
  (155.91666667,  -0.05172924)
  (156.00000000,  -0.05425981)
  (156.08333333,  -0.05771904)
  (156.16666667,  -0.05982875)
  (156.25000000,  -0.06157560)
  (156.33333333,  -0.06247513)
  (156.41666667,  -0.06263576)
  (156.50000000,  -0.06124548)
  (156.58333333,  -0.06595949)
  (156.66666667,  -0.06543083)
  (156.75000000,  -0.06688022)
  (156.83333333,  -0.06655864)
  (156.91666667,  -0.06754273)
  (157.00000000,  -0.06417075)
  (157.08333333,  -0.06486554)
  (157.16666667,  -0.06431904)
  (157.25000000,  -0.06287313)
  (157.33333333,  -0.06227905)
  (157.41666667,  -0.06228670)
  (157.50000000,  -0.06043811)
  (157.58333333,  -0.05885131)
  (157.66666667,  -0.05880656)
  (157.75000000,  -0.05715286)
  (157.83333333,  -0.05549754)
  (157.91666667,  -0.05512018)
  (158.00000000,  -0.05402233)
  (158.08333333,  -0.05244867)
  (158.16666667,  -0.04858703)
  (158.25000000,  -0.04759817)
  (158.33333333,  -0.04754709)
  (158.41666667,  -0.04485563)
  (158.50000000,  -0.04363440)
  (158.58333333,  -0.04105704)
  (158.66666667,  -0.04000132)
  (158.75000000,  -0.03987880)
  (158.83333333,  -0.03850271)
  (158.91666667,  -0.03697267)
  (159.00000000,  -0.03458575)
  (159.08333333,  -0.03270432)
  (159.16666667,  -0.03221271)
  (159.25000000,  -0.03215036)
  (159.33333333,  -0.03266896)
  (159.41666667,  -0.03081373)
  (159.50000000,  -0.03256867)
  (159.58333333,  -0.03217459)
  (159.66666667,  -0.03119920)
  (159.75000000,  -0.02728190)
  (159.83333333,  -0.02708739)
  (159.91666667,  -0.03000134)
  (160.00000000,  -0.03026515)
  (160.08333333,  -0.03031938)
  (160.16666667,  -0.02952859)
  (160.25000000,  -0.03008532)
  (160.33333333,  -0.02882309)
  (160.41666667,  -0.03052679)
  (160.50000000,  -0.02963663)
  (160.58333333,  -0.03077874)
  (160.66666667,  -0.03036696)
  (160.75000000,  -0.03169375)
  (160.83333333,  -0.03385808)
  (160.91666667,  -0.03336674)
  (161.00000000,  -0.03025956)
  (161.08333333,  -0.03018670)
  (161.16666667,  -0.03103432)
  (161.25000000,  -0.02900217)
  (161.33333333,  -0.02957648)
  (161.41666667,  -0.03103426)
  (161.50000000,  -0.02928037)
  (161.58333333,  -0.02848908)
  (161.66666667,  -0.02875897)
  (161.75000000,  -0.02722052)
  (161.83333333,  -0.02424337)
  (161.91666667,  -0.02503007)
  (162.00000000,  -0.02535411)
  (162.08333333,  -0.02602918)
  (162.16666667,  -0.02439780)
  (162.25000000,  -0.02371364)
  (162.33333333,  -0.02332770)
  (162.41666667,  -0.02524613)
  (162.50000000,  -0.02379127)
  (162.58333333,  -0.02137762)
  (162.66666667,  -0.02008900)
  (162.75000000,  -0.02076100)
  (162.83333333,  -0.01782400)
  (162.91666667,  -0.01672722)
  (163.00000000,  -0.02117426)
  (163.08333333,  -0.01966829)
  (163.16666667,  -0.01847110)
  (163.25000000,  -0.01797710)
  (163.33333333,  -0.01927609)
  (163.41666667,  -0.01838093)
  (163.50000000,  -0.01846640)
  (163.58333333,  -0.01790719)
  (163.66666667,  -0.01788392)
  (163.75000000,  -0.01831002)
  (163.83333333,  -0.01971689)
  (163.91666667,  -0.01898895)
  (164.00000000,  -0.01959370)
  (164.08333333,  -0.01797536)
  (164.16666667,  -0.01599845)
  (164.25000000,  -0.01538160)
  (164.33333333,  -0.01603071)
  (164.41666667,  -0.01648961)
  (164.50000000,  -0.01385237)
  (164.58333333,  -0.01495376)
  (164.66666667,  -0.01401422)
  (164.75000000,  -0.01404943)
  (164.83333333,  -0.01308411)
  (164.91666667,  -0.01446012)
  (165.00000000,  -0.01221711)
  (165.08333333,  -0.01414114)
  (165.16666667,  -0.01322936)
  (165.25000000,  -0.01208611)
  (165.33333333,  -0.01091082)
  (165.41666667,  -0.00830454)
  (165.50000000,  -0.00602983)
  (165.58333333,  -0.00346846)
  (165.66666667,  -0.00400249)
  (165.75000000,  -0.00392499)
  (165.83333333,  -0.00591591)
  (165.91666667,  -0.00398635)
  (166.00000000,  -0.00159868)
  (166.08333333,  -0.00075604)
  (166.16666667,  -0.00021337)
  (166.25000000,   0.00330499)
  (166.33333333,   0.00386085)
  (166.41666667,   0.00650211)
  (166.50000000,   0.00656717)
  (166.58333333,   0.00974573)
  (166.66666667,   0.01048868)
]
