%=============================================================================
% Daniel J. Greenhoe 
% Sunspot data file suitable for use with LaTeX PStricks / pst-plot
% For an example, see "sunspots_walsh_basis.tex"
% This file auto-generated using "sunspots.R" --- hand-editing not recommended
%=============================================================================
[
  (  0.00000000,   1.00000000)
  (  0.08333333,  -1.00000000)
  (  0.16666667,   1.00000000)
  (  0.25000000,  -1.00000000)
  (  0.33333333,   1.00000000)
  (  0.41666667,  -1.00000000)
  (  0.50000000,   1.00000000)
  (  0.58333333,  -1.00000000)
  (  0.66666667,   1.00000000)
  (  0.75000000,  -1.00000000)
  (  0.83333333,   1.00000000)
  (  0.91666667,  -1.00000000)
  (  1.00000000,   1.00000000)
  (  1.08333333,  -1.00000000)
  (  1.16666667,   1.00000000)
  (  1.25000000,  -1.00000000)
  (  1.33333333,   1.00000000)
  (  1.41666667,  -1.00000000)
  (  1.50000000,   1.00000000)
  (  1.58333333,  -1.00000000)
  (  1.66666667,   1.00000000)
  (  1.75000000,  -1.00000000)
  (  1.83333333,   1.00000000)
  (  1.91666667,  -1.00000000)
  (  2.00000000,   1.00000000)
  (  2.08333333,  -1.00000000)
  (  2.16666667,   1.00000000)
  (  2.25000000,  -1.00000000)
  (  2.33333333,   1.00000000)
  (  2.41666667,  -1.00000000)
  (  2.50000000,   1.00000000)
  (  2.58333333,  -1.00000000)
  (  2.66666667,   1.00000000)
  (  2.75000000,  -1.00000000)
  (  2.83333333,   1.00000000)
  (  2.91666667,  -1.00000000)
  (  3.00000000,   1.00000000)
  (  3.08333333,  -1.00000000)
  (  3.16666667,   1.00000000)
  (  3.25000000,  -1.00000000)
  (  3.33333333,   1.00000000)
  (  3.41666667,  -1.00000000)
  (  3.50000000,   1.00000000)
  (  3.58333333,  -1.00000000)
  (  3.66666667,   1.00000000)
  (  3.75000000,  -1.00000000)
  (  3.83333333,   1.00000000)
  (  3.91666667,  -1.00000000)
  (  4.00000000,   1.00000000)
  (  4.08333333,  -1.00000000)
  (  4.16666667,   1.00000000)
  (  4.25000000,  -1.00000000)
  (  4.33333333,   1.00000000)
  (  4.41666667,  -1.00000000)
  (  4.50000000,   1.00000000)
  (  4.58333333,  -1.00000000)
  (  4.66666667,   1.00000000)
  (  4.75000000,  -1.00000000)
  (  4.83333333,   1.00000000)
  (  4.91666667,  -1.00000000)
  (  5.00000000,   1.00000000)
  (  5.08333333,  -1.00000000)
  (  5.16666667,   1.00000000)
  (  5.25000000,  -1.00000000)
  (  5.33333333,   1.00000000)
  (  5.41666667,  -1.00000000)
  (  5.50000000,   1.00000000)
  (  5.58333333,  -1.00000000)
  (  5.66666667,   1.00000000)
  (  5.75000000,  -1.00000000)
  (  5.83333333,   1.00000000)
  (  5.91666667,  -1.00000000)
  (  6.00000000,   1.00000000)
  (  6.08333333,  -1.00000000)
  (  6.16666667,   1.00000000)
  (  6.25000000,  -1.00000000)
  (  6.33333333,   1.00000000)
  (  6.41666667,  -1.00000000)
  (  6.50000000,   1.00000000)
  (  6.58333333,  -1.00000000)
  (  6.66666667,   1.00000000)
  (  6.75000000,  -1.00000000)
  (  6.83333333,   1.00000000)
  (  6.91666667,  -1.00000000)
  (  7.00000000,   1.00000000)
  (  7.08333333,  -1.00000000)
  (  7.16666667,   1.00000000)
  (  7.25000000,  -1.00000000)
  (  7.33333333,   1.00000000)
  (  7.41666667,  -1.00000000)
  (  7.50000000,   1.00000000)
  (  7.58333333,  -1.00000000)
  (  7.66666667,   1.00000000)
  (  7.75000000,  -1.00000000)
  (  7.83333333,   1.00000000)
  (  7.91666667,  -1.00000000)
  (  8.00000000,   1.00000000)
  (  8.08333333,  -1.00000000)
  (  8.16666667,   1.00000000)
  (  8.25000000,  -1.00000000)
  (  8.33333333,   1.00000000)
  (  8.41666667,  -1.00000000)
  (  8.50000000,   1.00000000)
  (  8.58333333,  -1.00000000)
  (  8.66666667,   1.00000000)
  (  8.75000000,  -1.00000000)
  (  8.83333333,   1.00000000)
  (  8.91666667,  -1.00000000)
  (  9.00000000,   1.00000000)
  (  9.08333333,  -1.00000000)
  (  9.16666667,   1.00000000)
  (  9.25000000,  -1.00000000)
  (  9.33333333,   1.00000000)
  (  9.41666667,  -1.00000000)
  (  9.50000000,   1.00000000)
  (  9.58333333,  -1.00000000)
  (  9.66666667,   1.00000000)
  (  9.75000000,  -1.00000000)
  (  9.83333333,   1.00000000)
  (  9.91666667,  -1.00000000)
  ( 10.00000000,   1.00000000)
  ( 10.08333333,  -1.00000000)
  ( 10.16666667,   1.00000000)
  ( 10.25000000,  -1.00000000)
  ( 10.33333333,   1.00000000)
  ( 10.41666667,  -1.00000000)
  ( 10.50000000,   1.00000000)
  ( 10.58333333,  -1.00000000)
  ( 10.66666667,   1.00000000)
  ( 10.75000000,  -1.00000000)
  ( 10.83333333,   1.00000000)
  ( 10.91666667,  -1.00000000)
  ( 11.00000000,   1.00000000)
  ( 11.08333333,  -1.00000000)
  ( 11.16666667,   1.00000000)
  ( 11.25000000,  -1.00000000)
  ( 11.33333333,   1.00000000)
  ( 11.41666667,  -1.00000000)
  ( 11.50000000,   1.00000000)
  ( 11.58333333,  -1.00000000)
  ( 11.66666667,   1.00000000)
  ( 11.75000000,  -1.00000000)
  ( 11.83333333,   1.00000000)
  ( 11.91666667,  -1.00000000)
  ( 12.00000000,   1.00000000)
  ( 12.08333333,  -1.00000000)
  ( 12.16666667,   1.00000000)
  ( 12.25000000,  -1.00000000)
  ( 12.33333333,   1.00000000)
  ( 12.41666667,  -1.00000000)
  ( 12.50000000,   1.00000000)
  ( 12.58333333,  -1.00000000)
  ( 12.66666667,   1.00000000)
  ( 12.75000000,  -1.00000000)
  ( 12.83333333,   1.00000000)
  ( 12.91666667,  -1.00000000)
  ( 13.00000000,   1.00000000)
  ( 13.08333333,  -1.00000000)
  ( 13.16666667,   1.00000000)
  ( 13.25000000,  -1.00000000)
  ( 13.33333333,   1.00000000)
  ( 13.41666667,  -1.00000000)
  ( 13.50000000,   1.00000000)
  ( 13.58333333,  -1.00000000)
  ( 13.66666667,   1.00000000)
  ( 13.75000000,  -1.00000000)
  ( 13.83333333,   1.00000000)
  ( 13.91666667,  -1.00000000)
  ( 14.00000000,   1.00000000)
  ( 14.08333333,  -1.00000000)
  ( 14.16666667,   1.00000000)
  ( 14.25000000,  -1.00000000)
  ( 14.33333333,   1.00000000)
  ( 14.41666667,  -1.00000000)
  ( 14.50000000,   1.00000000)
  ( 14.58333333,  -1.00000000)
  ( 14.66666667,   1.00000000)
  ( 14.75000000,  -1.00000000)
  ( 14.83333333,   1.00000000)
  ( 14.91666667,  -1.00000000)
  ( 15.00000000,   1.00000000)
  ( 15.08333333,  -1.00000000)
  ( 15.16666667,   1.00000000)
  ( 15.25000000,  -1.00000000)
  ( 15.33333333,   1.00000000)
  ( 15.41666667,  -1.00000000)
  ( 15.50000000,   1.00000000)
  ( 15.58333333,  -1.00000000)
  ( 15.66666667,   1.00000000)
  ( 15.75000000,  -1.00000000)
  ( 15.83333333,   1.00000000)
  ( 15.91666667,  -1.00000000)
  ( 16.00000000,   1.00000000)
  ( 16.08333333,  -1.00000000)
  ( 16.16666667,   1.00000000)
  ( 16.25000000,  -1.00000000)
  ( 16.33333333,   1.00000000)
  ( 16.41666667,  -1.00000000)
  ( 16.50000000,   1.00000000)
  ( 16.58333333,  -1.00000000)
  ( 16.66666667,   1.00000000)
  ( 16.75000000,  -1.00000000)
  ( 16.83333333,   1.00000000)
  ( 16.91666667,  -1.00000000)
  ( 17.00000000,   1.00000000)
  ( 17.08333333,  -1.00000000)
  ( 17.16666667,   1.00000000)
  ( 17.25000000,  -1.00000000)
  ( 17.33333333,   1.00000000)
  ( 17.41666667,  -1.00000000)
  ( 17.50000000,   1.00000000)
  ( 17.58333333,  -1.00000000)
  ( 17.66666667,   1.00000000)
  ( 17.75000000,  -1.00000000)
  ( 17.83333333,   1.00000000)
  ( 17.91666667,  -1.00000000)
  ( 18.00000000,   1.00000000)
  ( 18.08333333,  -1.00000000)
  ( 18.16666667,   1.00000000)
  ( 18.25000000,  -1.00000000)
  ( 18.33333333,   1.00000000)
  ( 18.41666667,  -1.00000000)
  ( 18.50000000,   1.00000000)
  ( 18.58333333,  -1.00000000)
  ( 18.66666667,   1.00000000)
  ( 18.75000000,  -1.00000000)
  ( 18.83333333,   1.00000000)
  ( 18.91666667,  -1.00000000)
  ( 19.00000000,   1.00000000)
  ( 19.08333333,  -1.00000000)
  ( 19.16666667,   1.00000000)
  ( 19.25000000,  -1.00000000)
  ( 19.33333333,   1.00000000)
  ( 19.41666667,  -1.00000000)
  ( 19.50000000,   1.00000000)
  ( 19.58333333,  -1.00000000)
  ( 19.66666667,   1.00000000)
  ( 19.75000000,  -1.00000000)
  ( 19.83333333,   1.00000000)
  ( 19.91666667,  -1.00000000)
  ( 20.00000000,   1.00000000)
  ( 20.08333333,  -1.00000000)
  ( 20.16666667,   1.00000000)
  ( 20.25000000,  -1.00000000)
  ( 20.33333333,   1.00000000)
  ( 20.41666667,  -1.00000000)
  ( 20.50000000,   1.00000000)
  ( 20.58333333,  -1.00000000)
  ( 20.66666667,   1.00000000)
  ( 20.75000000,  -1.00000000)
  ( 20.83333333,   1.00000000)
  ( 20.91666667,  -1.00000000)
  ( 21.00000000,   1.00000000)
  ( 21.08333333,  -1.00000000)
  ( 21.16666667,   1.00000000)
  ( 21.25000000,  -1.00000000)
  ( 21.33333333,   1.00000000)
  ( 21.41666667,  -1.00000000)
  ( 21.50000000,   1.00000000)
  ( 21.58333333,  -1.00000000)
  ( 21.66666667,   1.00000000)
  ( 21.75000000,  -1.00000000)
  ( 21.83333333,   1.00000000)
  ( 21.91666667,  -1.00000000)
  ( 22.00000000,   1.00000000)
  ( 22.08333333,  -1.00000000)
  ( 22.16666667,   1.00000000)
  ( 22.25000000,  -1.00000000)
  ( 22.33333333,   1.00000000)
  ( 22.41666667,  -1.00000000)
  ( 22.50000000,   1.00000000)
  ( 22.58333333,  -1.00000000)
  ( 22.66666667,   1.00000000)
  ( 22.75000000,  -1.00000000)
  ( 22.83333333,   1.00000000)
  ( 22.91666667,  -1.00000000)
  ( 23.00000000,   1.00000000)
  ( 23.08333333,  -1.00000000)
  ( 23.16666667,   1.00000000)
  ( 23.25000000,  -1.00000000)
  ( 23.33333333,   1.00000000)
  ( 23.41666667,  -1.00000000)
  ( 23.50000000,   1.00000000)
  ( 23.58333333,  -1.00000000)
  ( 23.66666667,   1.00000000)
  ( 23.75000000,  -1.00000000)
  ( 23.83333333,   1.00000000)
  ( 23.91666667,  -1.00000000)
  ( 24.00000000,   1.00000000)
  ( 24.08333333,  -1.00000000)
  ( 24.16666667,   1.00000000)
  ( 24.25000000,  -1.00000000)
  ( 24.33333333,   1.00000000)
  ( 24.41666667,  -1.00000000)
  ( 24.50000000,   1.00000000)
  ( 24.58333333,  -1.00000000)
  ( 24.66666667,   1.00000000)
  ( 24.75000000,  -1.00000000)
  ( 24.83333333,   1.00000000)
  ( 24.91666667,  -1.00000000)
  ( 25.00000000,   1.00000000)
  ( 25.08333333,  -1.00000000)
  ( 25.16666667,   1.00000000)
  ( 25.25000000,  -1.00000000)
  ( 25.33333333,   1.00000000)
  ( 25.41666667,  -1.00000000)
  ( 25.50000000,   1.00000000)
  ( 25.58333333,  -1.00000000)
  ( 25.66666667,   1.00000000)
  ( 25.75000000,  -1.00000000)
  ( 25.83333333,   1.00000000)
  ( 25.91666667,  -1.00000000)
  ( 26.00000000,   1.00000000)
  ( 26.08333333,  -1.00000000)
  ( 26.16666667,   1.00000000)
  ( 26.25000000,  -1.00000000)
  ( 26.33333333,   1.00000000)
  ( 26.41666667,  -1.00000000)
  ( 26.50000000,   1.00000000)
  ( 26.58333333,  -1.00000000)
  ( 26.66666667,   1.00000000)
  ( 26.75000000,  -1.00000000)
  ( 26.83333333,   1.00000000)
  ( 26.91666667,  -1.00000000)
  ( 27.00000000,   1.00000000)
  ( 27.08333333,  -1.00000000)
  ( 27.16666667,   1.00000000)
  ( 27.25000000,  -1.00000000)
  ( 27.33333333,   1.00000000)
  ( 27.41666667,  -1.00000000)
  ( 27.50000000,   1.00000000)
  ( 27.58333333,  -1.00000000)
  ( 27.66666667,   1.00000000)
  ( 27.75000000,  -1.00000000)
  ( 27.83333333,   1.00000000)
  ( 27.91666667,  -1.00000000)
  ( 28.00000000,   1.00000000)
  ( 28.08333333,  -1.00000000)
  ( 28.16666667,   1.00000000)
  ( 28.25000000,  -1.00000000)
  ( 28.33333333,   1.00000000)
  ( 28.41666667,  -1.00000000)
  ( 28.50000000,   1.00000000)
  ( 28.58333333,  -1.00000000)
  ( 28.66666667,   1.00000000)
  ( 28.75000000,  -1.00000000)
  ( 28.83333333,   1.00000000)
  ( 28.91666667,  -1.00000000)
  ( 29.00000000,   1.00000000)
  ( 29.08333333,  -1.00000000)
  ( 29.16666667,   1.00000000)
  ( 29.25000000,  -1.00000000)
  ( 29.33333333,   1.00000000)
  ( 29.41666667,  -1.00000000)
  ( 29.50000000,   1.00000000)
  ( 29.58333333,  -1.00000000)
  ( 29.66666667,   1.00000000)
  ( 29.75000000,  -1.00000000)
  ( 29.83333333,   1.00000000)
  ( 29.91666667,  -1.00000000)
  ( 30.00000000,   1.00000000)
  ( 30.08333333,  -1.00000000)
  ( 30.16666667,   1.00000000)
  ( 30.25000000,  -1.00000000)
  ( 30.33333333,   1.00000000)
  ( 30.41666667,  -1.00000000)
  ( 30.50000000,   1.00000000)
  ( 30.58333333,  -1.00000000)
  ( 30.66666667,   1.00000000)
  ( 30.75000000,  -1.00000000)
  ( 30.83333333,   1.00000000)
  ( 30.91666667,  -1.00000000)
  ( 31.00000000,   1.00000000)
  ( 31.08333333,  -1.00000000)
  ( 31.16666667,   1.00000000)
  ( 31.25000000,  -1.00000000)
  ( 31.33333333,   1.00000000)
  ( 31.41666667,  -1.00000000)
  ( 31.50000000,   1.00000000)
  ( 31.58333333,  -1.00000000)
  ( 31.66666667,   1.00000000)
  ( 31.75000000,  -1.00000000)
  ( 31.83333333,   1.00000000)
  ( 31.91666667,  -1.00000000)
  ( 32.00000000,   1.00000000)
  ( 32.08333333,  -1.00000000)
  ( 32.16666667,   1.00000000)
  ( 32.25000000,  -1.00000000)
  ( 32.33333333,   1.00000000)
  ( 32.41666667,  -1.00000000)
  ( 32.50000000,   1.00000000)
  ( 32.58333333,  -1.00000000)
  ( 32.66666667,   1.00000000)
  ( 32.75000000,  -1.00000000)
  ( 32.83333333,   1.00000000)
  ( 32.91666667,  -1.00000000)
  ( 33.00000000,   1.00000000)
  ( 33.08333333,  -1.00000000)
  ( 33.16666667,   1.00000000)
  ( 33.25000000,  -1.00000000)
  ( 33.33333333,   1.00000000)
  ( 33.41666667,  -1.00000000)
  ( 33.50000000,   1.00000000)
  ( 33.58333333,  -1.00000000)
  ( 33.66666667,   1.00000000)
  ( 33.75000000,  -1.00000000)
  ( 33.83333333,   1.00000000)
  ( 33.91666667,  -1.00000000)
  ( 34.00000000,   1.00000000)
  ( 34.08333333,  -1.00000000)
  ( 34.16666667,   1.00000000)
  ( 34.25000000,  -1.00000000)
  ( 34.33333333,   1.00000000)
  ( 34.41666667,  -1.00000000)
  ( 34.50000000,   1.00000000)
  ( 34.58333333,  -1.00000000)
  ( 34.66666667,   1.00000000)
  ( 34.75000000,  -1.00000000)
  ( 34.83333333,   1.00000000)
  ( 34.91666667,  -1.00000000)
  ( 35.00000000,   1.00000000)
  ( 35.08333333,  -1.00000000)
  ( 35.16666667,   1.00000000)
  ( 35.25000000,  -1.00000000)
  ( 35.33333333,   1.00000000)
  ( 35.41666667,  -1.00000000)
  ( 35.50000000,   1.00000000)
  ( 35.58333333,  -1.00000000)
  ( 35.66666667,   1.00000000)
  ( 35.75000000,  -1.00000000)
  ( 35.83333333,   1.00000000)
  ( 35.91666667,  -1.00000000)
  ( 36.00000000,   1.00000000)
  ( 36.08333333,  -1.00000000)
  ( 36.16666667,   1.00000000)
  ( 36.25000000,  -1.00000000)
  ( 36.33333333,   1.00000000)
  ( 36.41666667,  -1.00000000)
  ( 36.50000000,   1.00000000)
  ( 36.58333333,  -1.00000000)
  ( 36.66666667,   1.00000000)
  ( 36.75000000,  -1.00000000)
  ( 36.83333333,   1.00000000)
  ( 36.91666667,  -1.00000000)
  ( 37.00000000,   1.00000000)
  ( 37.08333333,  -1.00000000)
  ( 37.16666667,   1.00000000)
  ( 37.25000000,  -1.00000000)
  ( 37.33333333,   1.00000000)
  ( 37.41666667,  -1.00000000)
  ( 37.50000000,   1.00000000)
  ( 37.58333333,  -1.00000000)
  ( 37.66666667,   1.00000000)
  ( 37.75000000,  -1.00000000)
  ( 37.83333333,   1.00000000)
  ( 37.91666667,  -1.00000000)
  ( 38.00000000,   1.00000000)
  ( 38.08333333,  -1.00000000)
  ( 38.16666667,   1.00000000)
  ( 38.25000000,  -1.00000000)
  ( 38.33333333,   1.00000000)
  ( 38.41666667,  -1.00000000)
  ( 38.50000000,   1.00000000)
  ( 38.58333333,  -1.00000000)
  ( 38.66666667,   1.00000000)
  ( 38.75000000,  -1.00000000)
  ( 38.83333333,   1.00000000)
  ( 38.91666667,  -1.00000000)
  ( 39.00000000,   1.00000000)
  ( 39.08333333,  -1.00000000)
  ( 39.16666667,   1.00000000)
  ( 39.25000000,  -1.00000000)
  ( 39.33333333,   1.00000000)
  ( 39.41666667,  -1.00000000)
  ( 39.50000000,   1.00000000)
  ( 39.58333333,  -1.00000000)
  ( 39.66666667,   1.00000000)
  ( 39.75000000,  -1.00000000)
  ( 39.83333333,   1.00000000)
  ( 39.91666667,  -1.00000000)
  ( 40.00000000,   1.00000000)
  ( 40.08333333,  -1.00000000)
  ( 40.16666667,   1.00000000)
  ( 40.25000000,  -1.00000000)
  ( 40.33333333,   1.00000000)
  ( 40.41666667,  -1.00000000)
  ( 40.50000000,   1.00000000)
  ( 40.58333333,  -1.00000000)
  ( 40.66666667,   1.00000000)
  ( 40.75000000,  -1.00000000)
  ( 40.83333333,   1.00000000)
  ( 40.91666667,  -1.00000000)
  ( 41.00000000,   1.00000000)
  ( 41.08333333,  -1.00000000)
  ( 41.16666667,   1.00000000)
  ( 41.25000000,  -1.00000000)
  ( 41.33333333,   1.00000000)
  ( 41.41666667,  -1.00000000)
  ( 41.50000000,   1.00000000)
  ( 41.58333333,  -1.00000000)
  ( 41.66666667,   1.00000000)
  ( 41.75000000,  -1.00000000)
  ( 41.83333333,   1.00000000)
  ( 41.91666667,  -1.00000000)
  ( 42.00000000,   1.00000000)
  ( 42.08333333,  -1.00000000)
  ( 42.16666667,   1.00000000)
  ( 42.25000000,  -1.00000000)
  ( 42.33333333,   1.00000000)
  ( 42.41666667,  -1.00000000)
  ( 42.50000000,   1.00000000)
  ( 42.58333333,  -1.00000000)
  ( 42.66666667,   1.00000000)
  ( 42.75000000,  -1.00000000)
  ( 42.83333333,   1.00000000)
  ( 42.91666667,  -1.00000000)
  ( 43.00000000,   1.00000000)
  ( 43.08333333,  -1.00000000)
  ( 43.16666667,   1.00000000)
  ( 43.25000000,  -1.00000000)
  ( 43.33333333,   1.00000000)
  ( 43.41666667,  -1.00000000)
  ( 43.50000000,   1.00000000)
  ( 43.58333333,  -1.00000000)
  ( 43.66666667,   1.00000000)
  ( 43.75000000,  -1.00000000)
  ( 43.83333333,   1.00000000)
  ( 43.91666667,  -1.00000000)
  ( 44.00000000,   1.00000000)
  ( 44.08333333,  -1.00000000)
  ( 44.16666667,   1.00000000)
  ( 44.25000000,  -1.00000000)
  ( 44.33333333,   1.00000000)
  ( 44.41666667,  -1.00000000)
  ( 44.50000000,   1.00000000)
  ( 44.58333333,  -1.00000000)
  ( 44.66666667,   1.00000000)
  ( 44.75000000,  -1.00000000)
  ( 44.83333333,   1.00000000)
  ( 44.91666667,  -1.00000000)
  ( 45.00000000,   1.00000000)
  ( 45.08333333,  -1.00000000)
  ( 45.16666667,   1.00000000)
  ( 45.25000000,  -1.00000000)
  ( 45.33333333,   1.00000000)
  ( 45.41666667,  -1.00000000)
  ( 45.50000000,   1.00000000)
  ( 45.58333333,  -1.00000000)
  ( 45.66666667,   1.00000000)
  ( 45.75000000,  -1.00000000)
  ( 45.83333333,   1.00000000)
  ( 45.91666667,  -1.00000000)
  ( 46.00000000,   1.00000000)
  ( 46.08333333,  -1.00000000)
  ( 46.16666667,   1.00000000)
  ( 46.25000000,  -1.00000000)
  ( 46.33333333,   1.00000000)
  ( 46.41666667,  -1.00000000)
  ( 46.50000000,   1.00000000)
  ( 46.58333333,  -1.00000000)
  ( 46.66666667,   1.00000000)
  ( 46.75000000,  -1.00000000)
  ( 46.83333333,   1.00000000)
  ( 46.91666667,  -1.00000000)
  ( 47.00000000,   1.00000000)
  ( 47.08333333,  -1.00000000)
  ( 47.16666667,   1.00000000)
  ( 47.25000000,  -1.00000000)
  ( 47.33333333,   1.00000000)
  ( 47.41666667,  -1.00000000)
  ( 47.50000000,   1.00000000)
  ( 47.58333333,  -1.00000000)
  ( 47.66666667,   1.00000000)
  ( 47.75000000,  -1.00000000)
  ( 47.83333333,   1.00000000)
  ( 47.91666667,  -1.00000000)
  ( 48.00000000,   1.00000000)
  ( 48.08333333,  -1.00000000)
  ( 48.16666667,   1.00000000)
  ( 48.25000000,  -1.00000000)
  ( 48.33333333,   1.00000000)
  ( 48.41666667,  -1.00000000)
  ( 48.50000000,   1.00000000)
  ( 48.58333333,  -1.00000000)
  ( 48.66666667,   1.00000000)
  ( 48.75000000,  -1.00000000)
  ( 48.83333333,   1.00000000)
  ( 48.91666667,  -1.00000000)
  ( 49.00000000,   1.00000000)
  ( 49.08333333,  -1.00000000)
  ( 49.16666667,   1.00000000)
  ( 49.25000000,  -1.00000000)
  ( 49.33333333,   1.00000000)
  ( 49.41666667,  -1.00000000)
  ( 49.50000000,   1.00000000)
  ( 49.58333333,  -1.00000000)
  ( 49.66666667,   1.00000000)
  ( 49.75000000,  -1.00000000)
  ( 49.83333333,   1.00000000)
  ( 49.91666667,  -1.00000000)
  ( 50.00000000,   1.00000000)
  ( 50.08333333,  -1.00000000)
  ( 50.16666667,   1.00000000)
  ( 50.25000000,  -1.00000000)
  ( 50.33333333,   1.00000000)
  ( 50.41666667,  -1.00000000)
  ( 50.50000000,   1.00000000)
  ( 50.58333333,  -1.00000000)
  ( 50.66666667,   1.00000000)
  ( 50.75000000,  -1.00000000)
  ( 50.83333333,   1.00000000)
  ( 50.91666667,  -1.00000000)
  ( 51.00000000,   1.00000000)
  ( 51.08333333,  -1.00000000)
  ( 51.16666667,   1.00000000)
  ( 51.25000000,  -1.00000000)
  ( 51.33333333,   1.00000000)
  ( 51.41666667,  -1.00000000)
  ( 51.50000000,   1.00000000)
  ( 51.58333333,  -1.00000000)
  ( 51.66666667,   1.00000000)
  ( 51.75000000,  -1.00000000)
  ( 51.83333333,   1.00000000)
  ( 51.91666667,  -1.00000000)
  ( 52.00000000,   1.00000000)
  ( 52.08333333,  -1.00000000)
  ( 52.16666667,   1.00000000)
  ( 52.25000000,  -1.00000000)
  ( 52.33333333,   1.00000000)
  ( 52.41666667,  -1.00000000)
  ( 52.50000000,   1.00000000)
  ( 52.58333333,  -1.00000000)
  ( 52.66666667,   1.00000000)
  ( 52.75000000,  -1.00000000)
  ( 52.83333333,   1.00000000)
  ( 52.91666667,  -1.00000000)
  ( 53.00000000,   1.00000000)
  ( 53.08333333,  -1.00000000)
  ( 53.16666667,   1.00000000)
  ( 53.25000000,  -1.00000000)
  ( 53.33333333,   1.00000000)
  ( 53.41666667,  -1.00000000)
  ( 53.50000000,   1.00000000)
  ( 53.58333333,  -1.00000000)
  ( 53.66666667,   1.00000000)
  ( 53.75000000,  -1.00000000)
  ( 53.83333333,   1.00000000)
  ( 53.91666667,  -1.00000000)
  ( 54.00000000,   1.00000000)
  ( 54.08333333,  -1.00000000)
  ( 54.16666667,   1.00000000)
  ( 54.25000000,  -1.00000000)
  ( 54.33333333,   1.00000000)
  ( 54.41666667,  -1.00000000)
  ( 54.50000000,   1.00000000)
  ( 54.58333333,  -1.00000000)
  ( 54.66666667,   1.00000000)
  ( 54.75000000,  -1.00000000)
  ( 54.83333333,   1.00000000)
  ( 54.91666667,  -1.00000000)
  ( 55.00000000,   1.00000000)
  ( 55.08333333,  -1.00000000)
  ( 55.16666667,   1.00000000)
  ( 55.25000000,  -1.00000000)
  ( 55.33333333,   1.00000000)
  ( 55.41666667,  -1.00000000)
  ( 55.50000000,   1.00000000)
  ( 55.58333333,  -1.00000000)
  ( 55.66666667,   1.00000000)
  ( 55.75000000,  -1.00000000)
  ( 55.83333333,   1.00000000)
  ( 55.91666667,  -1.00000000)
  ( 56.00000000,   1.00000000)
  ( 56.08333333,  -1.00000000)
  ( 56.16666667,   1.00000000)
  ( 56.25000000,  -1.00000000)
  ( 56.33333333,   1.00000000)
  ( 56.41666667,  -1.00000000)
  ( 56.50000000,   1.00000000)
  ( 56.58333333,  -1.00000000)
  ( 56.66666667,   1.00000000)
  ( 56.75000000,  -1.00000000)
  ( 56.83333333,   1.00000000)
  ( 56.91666667,  -1.00000000)
  ( 57.00000000,   1.00000000)
  ( 57.08333333,  -1.00000000)
  ( 57.16666667,   1.00000000)
  ( 57.25000000,  -1.00000000)
  ( 57.33333333,   1.00000000)
  ( 57.41666667,  -1.00000000)
  ( 57.50000000,   1.00000000)
  ( 57.58333333,  -1.00000000)
  ( 57.66666667,   1.00000000)
  ( 57.75000000,  -1.00000000)
  ( 57.83333333,   1.00000000)
  ( 57.91666667,  -1.00000000)
  ( 58.00000000,   1.00000000)
  ( 58.08333333,  -1.00000000)
  ( 58.16666667,   1.00000000)
  ( 58.25000000,  -1.00000000)
  ( 58.33333333,   1.00000000)
  ( 58.41666667,  -1.00000000)
  ( 58.50000000,   1.00000000)
  ( 58.58333333,  -1.00000000)
  ( 58.66666667,   1.00000000)
  ( 58.75000000,  -1.00000000)
  ( 58.83333333,   1.00000000)
  ( 58.91666667,  -1.00000000)
  ( 59.00000000,   1.00000000)
  ( 59.08333333,  -1.00000000)
  ( 59.16666667,   1.00000000)
  ( 59.25000000,  -1.00000000)
  ( 59.33333333,   1.00000000)
  ( 59.41666667,  -1.00000000)
  ( 59.50000000,   1.00000000)
  ( 59.58333333,  -1.00000000)
  ( 59.66666667,   1.00000000)
  ( 59.75000000,  -1.00000000)
  ( 59.83333333,   1.00000000)
  ( 59.91666667,  -1.00000000)
  ( 60.00000000,   1.00000000)
  ( 60.08333333,  -1.00000000)
  ( 60.16666667,   1.00000000)
  ( 60.25000000,  -1.00000000)
  ( 60.33333333,   1.00000000)
  ( 60.41666667,  -1.00000000)
  ( 60.50000000,   1.00000000)
  ( 60.58333333,  -1.00000000)
  ( 60.66666667,   1.00000000)
  ( 60.75000000,  -1.00000000)
  ( 60.83333333,   1.00000000)
  ( 60.91666667,  -1.00000000)
  ( 61.00000000,   1.00000000)
  ( 61.08333333,  -1.00000000)
  ( 61.16666667,   1.00000000)
  ( 61.25000000,  -1.00000000)
  ( 61.33333333,   1.00000000)
  ( 61.41666667,  -1.00000000)
  ( 61.50000000,   1.00000000)
  ( 61.58333333,  -1.00000000)
  ( 61.66666667,   1.00000000)
  ( 61.75000000,  -1.00000000)
  ( 61.83333333,   1.00000000)
  ( 61.91666667,  -1.00000000)
  ( 62.00000000,   1.00000000)
  ( 62.08333333,  -1.00000000)
  ( 62.16666667,   1.00000000)
  ( 62.25000000,  -1.00000000)
  ( 62.33333333,   1.00000000)
  ( 62.41666667,  -1.00000000)
  ( 62.50000000,   1.00000000)
  ( 62.58333333,  -1.00000000)
  ( 62.66666667,   1.00000000)
  ( 62.75000000,  -1.00000000)
  ( 62.83333333,   1.00000000)
  ( 62.91666667,  -1.00000000)
  ( 63.00000000,   1.00000000)
  ( 63.08333333,  -1.00000000)
  ( 63.16666667,   1.00000000)
  ( 63.25000000,  -1.00000000)
  ( 63.33333333,   1.00000000)
  ( 63.41666667,  -1.00000000)
  ( 63.50000000,   1.00000000)
  ( 63.58333333,  -1.00000000)
  ( 63.66666667,   1.00000000)
  ( 63.75000000,  -1.00000000)
  ( 63.83333333,   1.00000000)
  ( 63.91666667,  -1.00000000)
  ( 64.00000000,   1.00000000)
  ( 64.08333333,  -1.00000000)
  ( 64.16666667,   1.00000000)
  ( 64.25000000,  -1.00000000)
  ( 64.33333333,   1.00000000)
  ( 64.41666667,  -1.00000000)
  ( 64.50000000,   1.00000000)
  ( 64.58333333,  -1.00000000)
  ( 64.66666667,   1.00000000)
  ( 64.75000000,  -1.00000000)
  ( 64.83333333,   1.00000000)
  ( 64.91666667,  -1.00000000)
  ( 65.00000000,   1.00000000)
  ( 65.08333333,  -1.00000000)
  ( 65.16666667,   1.00000000)
  ( 65.25000000,  -1.00000000)
  ( 65.33333333,   1.00000000)
  ( 65.41666667,  -1.00000000)
  ( 65.50000000,   1.00000000)
  ( 65.58333333,  -1.00000000)
  ( 65.66666667,   1.00000000)
  ( 65.75000000,  -1.00000000)
  ( 65.83333333,   1.00000000)
  ( 65.91666667,  -1.00000000)
  ( 66.00000000,   1.00000000)
  ( 66.08333333,  -1.00000000)
  ( 66.16666667,   1.00000000)
  ( 66.25000000,  -1.00000000)
  ( 66.33333333,   1.00000000)
  ( 66.41666667,  -1.00000000)
  ( 66.50000000,   1.00000000)
  ( 66.58333333,  -1.00000000)
  ( 66.66666667,   1.00000000)
  ( 66.75000000,  -1.00000000)
  ( 66.83333333,   1.00000000)
  ( 66.91666667,  -1.00000000)
  ( 67.00000000,   1.00000000)
  ( 67.08333333,  -1.00000000)
  ( 67.16666667,   1.00000000)
  ( 67.25000000,  -1.00000000)
  ( 67.33333333,   1.00000000)
  ( 67.41666667,  -1.00000000)
  ( 67.50000000,   1.00000000)
  ( 67.58333333,  -1.00000000)
  ( 67.66666667,   1.00000000)
  ( 67.75000000,  -1.00000000)
  ( 67.83333333,   1.00000000)
  ( 67.91666667,  -1.00000000)
  ( 68.00000000,   1.00000000)
  ( 68.08333333,  -1.00000000)
  ( 68.16666667,   1.00000000)
  ( 68.25000000,  -1.00000000)
  ( 68.33333333,   1.00000000)
  ( 68.41666667,  -1.00000000)
  ( 68.50000000,   1.00000000)
  ( 68.58333333,  -1.00000000)
  ( 68.66666667,   1.00000000)
  ( 68.75000000,  -1.00000000)
  ( 68.83333333,   1.00000000)
  ( 68.91666667,  -1.00000000)
  ( 69.00000000,   1.00000000)
  ( 69.08333333,  -1.00000000)
  ( 69.16666667,   1.00000000)
  ( 69.25000000,  -1.00000000)
  ( 69.33333333,   1.00000000)
  ( 69.41666667,  -1.00000000)
  ( 69.50000000,   1.00000000)
  ( 69.58333333,  -1.00000000)
  ( 69.66666667,   1.00000000)
  ( 69.75000000,  -1.00000000)
  ( 69.83333333,   1.00000000)
  ( 69.91666667,  -1.00000000)
  ( 70.00000000,   1.00000000)
  ( 70.08333333,  -1.00000000)
  ( 70.16666667,   1.00000000)
  ( 70.25000000,  -1.00000000)
  ( 70.33333333,   1.00000000)
  ( 70.41666667,  -1.00000000)
  ( 70.50000000,   1.00000000)
  ( 70.58333333,  -1.00000000)
  ( 70.66666667,   1.00000000)
  ( 70.75000000,  -1.00000000)
  ( 70.83333333,   1.00000000)
  ( 70.91666667,  -1.00000000)
  ( 71.00000000,   1.00000000)
  ( 71.08333333,  -1.00000000)
  ( 71.16666667,   1.00000000)
  ( 71.25000000,  -1.00000000)
  ( 71.33333333,   1.00000000)
  ( 71.41666667,  -1.00000000)
  ( 71.50000000,   1.00000000)
  ( 71.58333333,  -1.00000000)
  ( 71.66666667,   1.00000000)
  ( 71.75000000,  -1.00000000)
  ( 71.83333333,   1.00000000)
  ( 71.91666667,  -1.00000000)
  ( 72.00000000,   1.00000000)
  ( 72.08333333,  -1.00000000)
  ( 72.16666667,   1.00000000)
  ( 72.25000000,  -1.00000000)
  ( 72.33333333,   1.00000000)
  ( 72.41666667,  -1.00000000)
  ( 72.50000000,   1.00000000)
  ( 72.58333333,  -1.00000000)
  ( 72.66666667,   1.00000000)
  ( 72.75000000,  -1.00000000)
  ( 72.83333333,   1.00000000)
  ( 72.91666667,  -1.00000000)
  ( 73.00000000,   1.00000000)
  ( 73.08333333,  -1.00000000)
  ( 73.16666667,   1.00000000)
  ( 73.25000000,  -1.00000000)
  ( 73.33333333,   1.00000000)
  ( 73.41666667,  -1.00000000)
  ( 73.50000000,   1.00000000)
  ( 73.58333333,  -1.00000000)
  ( 73.66666667,   1.00000000)
  ( 73.75000000,  -1.00000000)
  ( 73.83333333,   1.00000000)
  ( 73.91666667,  -1.00000000)
  ( 74.00000000,   1.00000000)
  ( 74.08333333,  -1.00000000)
  ( 74.16666667,   1.00000000)
  ( 74.25000000,  -1.00000000)
  ( 74.33333333,   1.00000000)
  ( 74.41666667,  -1.00000000)
  ( 74.50000000,   1.00000000)
  ( 74.58333333,  -1.00000000)
  ( 74.66666667,   1.00000000)
  ( 74.75000000,  -1.00000000)
  ( 74.83333333,   1.00000000)
  ( 74.91666667,  -1.00000000)
  ( 75.00000000,   1.00000000)
  ( 75.08333333,  -1.00000000)
  ( 75.16666667,   1.00000000)
  ( 75.25000000,  -1.00000000)
  ( 75.33333333,   1.00000000)
  ( 75.41666667,  -1.00000000)
  ( 75.50000000,   1.00000000)
  ( 75.58333333,  -1.00000000)
  ( 75.66666667,   1.00000000)
  ( 75.75000000,  -1.00000000)
  ( 75.83333333,   1.00000000)
  ( 75.91666667,  -1.00000000)
  ( 76.00000000,   1.00000000)
  ( 76.08333333,  -1.00000000)
  ( 76.16666667,   1.00000000)
  ( 76.25000000,  -1.00000000)
  ( 76.33333333,   1.00000000)
  ( 76.41666667,  -1.00000000)
  ( 76.50000000,   1.00000000)
  ( 76.58333333,  -1.00000000)
  ( 76.66666667,   1.00000000)
  ( 76.75000000,  -1.00000000)
  ( 76.83333333,   1.00000000)
  ( 76.91666667,  -1.00000000)
  ( 77.00000000,   1.00000000)
  ( 77.08333333,  -1.00000000)
  ( 77.16666667,   1.00000000)
  ( 77.25000000,  -1.00000000)
  ( 77.33333333,   1.00000000)
  ( 77.41666667,  -1.00000000)
  ( 77.50000000,   1.00000000)
  ( 77.58333333,  -1.00000000)
  ( 77.66666667,   1.00000000)
  ( 77.75000000,  -1.00000000)
  ( 77.83333333,   1.00000000)
  ( 77.91666667,  -1.00000000)
  ( 78.00000000,   1.00000000)
  ( 78.08333333,  -1.00000000)
  ( 78.16666667,   1.00000000)
  ( 78.25000000,  -1.00000000)
  ( 78.33333333,   1.00000000)
  ( 78.41666667,  -1.00000000)
  ( 78.50000000,   1.00000000)
  ( 78.58333333,  -1.00000000)
  ( 78.66666667,   1.00000000)
  ( 78.75000000,  -1.00000000)
  ( 78.83333333,   1.00000000)
  ( 78.91666667,  -1.00000000)
  ( 79.00000000,   1.00000000)
  ( 79.08333333,  -1.00000000)
  ( 79.16666667,   1.00000000)
  ( 79.25000000,  -1.00000000)
  ( 79.33333333,   1.00000000)
  ( 79.41666667,  -1.00000000)
  ( 79.50000000,   1.00000000)
  ( 79.58333333,  -1.00000000)
  ( 79.66666667,   1.00000000)
  ( 79.75000000,  -1.00000000)
  ( 79.83333333,   1.00000000)
  ( 79.91666667,  -1.00000000)
  ( 80.00000000,   1.00000000)
  ( 80.08333333,  -1.00000000)
  ( 80.16666667,   1.00000000)
  ( 80.25000000,  -1.00000000)
  ( 80.33333333,   1.00000000)
  ( 80.41666667,  -1.00000000)
  ( 80.50000000,   1.00000000)
  ( 80.58333333,  -1.00000000)
  ( 80.66666667,   1.00000000)
  ( 80.75000000,  -1.00000000)
  ( 80.83333333,   1.00000000)
  ( 80.91666667,  -1.00000000)
  ( 81.00000000,   1.00000000)
  ( 81.08333333,  -1.00000000)
  ( 81.16666667,   1.00000000)
  ( 81.25000000,  -1.00000000)
  ( 81.33333333,   1.00000000)
  ( 81.41666667,  -1.00000000)
  ( 81.50000000,   1.00000000)
  ( 81.58333333,  -1.00000000)
  ( 81.66666667,   1.00000000)
  ( 81.75000000,  -1.00000000)
  ( 81.83333333,   1.00000000)
  ( 81.91666667,  -1.00000000)
  ( 82.00000000,   1.00000000)
  ( 82.08333333,  -1.00000000)
  ( 82.16666667,   1.00000000)
  ( 82.25000000,  -1.00000000)
  ( 82.33333333,   1.00000000)
  ( 82.41666667,  -1.00000000)
  ( 82.50000000,   1.00000000)
  ( 82.58333333,  -1.00000000)
  ( 82.66666667,   1.00000000)
  ( 82.75000000,  -1.00000000)
  ( 82.83333333,   1.00000000)
  ( 82.91666667,  -1.00000000)
  ( 83.00000000,   1.00000000)
  ( 83.08333333,  -1.00000000)
  ( 83.16666667,   1.00000000)
  ( 83.25000000,  -1.00000000)
  ( 83.33333333,   1.00000000)
  ( 83.41666667,  -1.00000000)
  ( 83.50000000,   1.00000000)
  ( 83.58333333,  -1.00000000)
  ( 83.66666667,   1.00000000)
  ( 83.75000000,  -1.00000000)
  ( 83.83333333,   1.00000000)
  ( 83.91666667,  -1.00000000)
  ( 84.00000000,   1.00000000)
  ( 84.08333333,  -1.00000000)
  ( 84.16666667,   1.00000000)
  ( 84.25000000,  -1.00000000)
  ( 84.33333333,   1.00000000)
  ( 84.41666667,  -1.00000000)
  ( 84.50000000,   1.00000000)
  ( 84.58333333,  -1.00000000)
  ( 84.66666667,   1.00000000)
  ( 84.75000000,  -1.00000000)
  ( 84.83333333,   1.00000000)
  ( 84.91666667,  -1.00000000)
  ( 85.00000000,   1.00000000)
  ( 85.08333333,  -1.00000000)
  ( 85.16666667,   1.00000000)
  ( 85.25000000,  -1.00000000)
  ( 85.33333333,   1.00000000)
  ( 85.41666667,  -1.00000000)
  ( 85.50000000,   1.00000000)
  ( 85.58333333,  -1.00000000)
  ( 85.66666667,   1.00000000)
  ( 85.75000000,  -1.00000000)
  ( 85.83333333,   1.00000000)
  ( 85.91666667,  -1.00000000)
  ( 86.00000000,   1.00000000)
  ( 86.08333333,  -1.00000000)
  ( 86.16666667,   1.00000000)
  ( 86.25000000,  -1.00000000)
  ( 86.33333333,   1.00000000)
  ( 86.41666667,  -1.00000000)
  ( 86.50000000,   1.00000000)
  ( 86.58333333,  -1.00000000)
  ( 86.66666667,   1.00000000)
  ( 86.75000000,  -1.00000000)
  ( 86.83333333,   1.00000000)
  ( 86.91666667,  -1.00000000)
  ( 87.00000000,   1.00000000)
  ( 87.08333333,  -1.00000000)
  ( 87.16666667,   1.00000000)
  ( 87.25000000,  -1.00000000)
  ( 87.33333333,   1.00000000)
  ( 87.41666667,  -1.00000000)
  ( 87.50000000,   1.00000000)
  ( 87.58333333,  -1.00000000)
  ( 87.66666667,   1.00000000)
  ( 87.75000000,  -1.00000000)
  ( 87.83333333,   1.00000000)
  ( 87.91666667,  -1.00000000)
  ( 88.00000000,   1.00000000)
  ( 88.08333333,  -1.00000000)
  ( 88.16666667,   1.00000000)
  ( 88.25000000,  -1.00000000)
  ( 88.33333333,   1.00000000)
  ( 88.41666667,  -1.00000000)
  ( 88.50000000,   1.00000000)
  ( 88.58333333,  -1.00000000)
  ( 88.66666667,   1.00000000)
  ( 88.75000000,  -1.00000000)
  ( 88.83333333,   1.00000000)
  ( 88.91666667,  -1.00000000)
  ( 89.00000000,   1.00000000)
  ( 89.08333333,  -1.00000000)
  ( 89.16666667,   1.00000000)
  ( 89.25000000,  -1.00000000)
  ( 89.33333333,   1.00000000)
  ( 89.41666667,  -1.00000000)
  ( 89.50000000,   1.00000000)
  ( 89.58333333,  -1.00000000)
  ( 89.66666667,   1.00000000)
  ( 89.75000000,  -1.00000000)
  ( 89.83333333,   1.00000000)
  ( 89.91666667,  -1.00000000)
  ( 90.00000000,   1.00000000)
  ( 90.08333333,  -1.00000000)
  ( 90.16666667,   1.00000000)
  ( 90.25000000,  -1.00000000)
  ( 90.33333333,   1.00000000)
  ( 90.41666667,  -1.00000000)
  ( 90.50000000,   1.00000000)
  ( 90.58333333,  -1.00000000)
  ( 90.66666667,   1.00000000)
  ( 90.75000000,  -1.00000000)
  ( 90.83333333,   1.00000000)
  ( 90.91666667,  -1.00000000)
  ( 91.00000000,   1.00000000)
  ( 91.08333333,  -1.00000000)
  ( 91.16666667,   1.00000000)
  ( 91.25000000,  -1.00000000)
  ( 91.33333333,   1.00000000)
  ( 91.41666667,  -1.00000000)
  ( 91.50000000,   1.00000000)
  ( 91.58333333,  -1.00000000)
  ( 91.66666667,   1.00000000)
  ( 91.75000000,  -1.00000000)
  ( 91.83333333,   1.00000000)
  ( 91.91666667,  -1.00000000)
  ( 92.00000000,   1.00000000)
  ( 92.08333333,  -1.00000000)
  ( 92.16666667,   1.00000000)
  ( 92.25000000,  -1.00000000)
  ( 92.33333333,   1.00000000)
  ( 92.41666667,  -1.00000000)
  ( 92.50000000,   1.00000000)
  ( 92.58333333,  -1.00000000)
  ( 92.66666667,   1.00000000)
  ( 92.75000000,  -1.00000000)
  ( 92.83333333,   1.00000000)
  ( 92.91666667,  -1.00000000)
  ( 93.00000000,   1.00000000)
  ( 93.08333333,  -1.00000000)
  ( 93.16666667,   1.00000000)
  ( 93.25000000,  -1.00000000)
  ( 93.33333333,   1.00000000)
  ( 93.41666667,  -1.00000000)
  ( 93.50000000,   1.00000000)
  ( 93.58333333,  -1.00000000)
  ( 93.66666667,   1.00000000)
  ( 93.75000000,  -1.00000000)
  ( 93.83333333,   1.00000000)
  ( 93.91666667,  -1.00000000)
  ( 94.00000000,   1.00000000)
  ( 94.08333333,  -1.00000000)
  ( 94.16666667,   1.00000000)
  ( 94.25000000,  -1.00000000)
  ( 94.33333333,   1.00000000)
  ( 94.41666667,  -1.00000000)
  ( 94.50000000,   1.00000000)
  ( 94.58333333,  -1.00000000)
  ( 94.66666667,   1.00000000)
  ( 94.75000000,  -1.00000000)
  ( 94.83333333,   1.00000000)
  ( 94.91666667,  -1.00000000)
  ( 95.00000000,   1.00000000)
  ( 95.08333333,  -1.00000000)
  ( 95.16666667,   1.00000000)
  ( 95.25000000,  -1.00000000)
  ( 95.33333333,   1.00000000)
  ( 95.41666667,  -1.00000000)
  ( 95.50000000,   1.00000000)
  ( 95.58333333,  -1.00000000)
  ( 95.66666667,   1.00000000)
  ( 95.75000000,  -1.00000000)
  ( 95.83333333,   1.00000000)
  ( 95.91666667,  -1.00000000)
  ( 96.00000000,   1.00000000)
  ( 96.08333333,  -1.00000000)
  ( 96.16666667,   1.00000000)
  ( 96.25000000,  -1.00000000)
  ( 96.33333333,   1.00000000)
  ( 96.41666667,  -1.00000000)
  ( 96.50000000,   1.00000000)
  ( 96.58333333,  -1.00000000)
  ( 96.66666667,   1.00000000)
  ( 96.75000000,  -1.00000000)
  ( 96.83333333,   1.00000000)
  ( 96.91666667,  -1.00000000)
  ( 97.00000000,   1.00000000)
  ( 97.08333333,  -1.00000000)
  ( 97.16666667,   1.00000000)
  ( 97.25000000,  -1.00000000)
  ( 97.33333333,   1.00000000)
  ( 97.41666667,  -1.00000000)
  ( 97.50000000,   1.00000000)
  ( 97.58333333,  -1.00000000)
  ( 97.66666667,   1.00000000)
  ( 97.75000000,  -1.00000000)
  ( 97.83333333,   1.00000000)
  ( 97.91666667,  -1.00000000)
  ( 98.00000000,   1.00000000)
  ( 98.08333333,  -1.00000000)
  ( 98.16666667,   1.00000000)
  ( 98.25000000,  -1.00000000)
  ( 98.33333333,   1.00000000)
  ( 98.41666667,  -1.00000000)
  ( 98.50000000,   1.00000000)
  ( 98.58333333,  -1.00000000)
  ( 98.66666667,   1.00000000)
  ( 98.75000000,  -1.00000000)
  ( 98.83333333,   1.00000000)
  ( 98.91666667,  -1.00000000)
  ( 99.00000000,   1.00000000)
  ( 99.08333333,  -1.00000000)
  ( 99.16666667,   1.00000000)
  ( 99.25000000,  -1.00000000)
  ( 99.33333333,   1.00000000)
  ( 99.41666667,  -1.00000000)
  ( 99.50000000,   1.00000000)
  ( 99.58333333,  -1.00000000)
  ( 99.66666667,   1.00000000)
  ( 99.75000000,  -1.00000000)
  ( 99.83333333,   1.00000000)
  ( 99.91666667,  -1.00000000)
  (100.00000000,   1.00000000)
  (100.08333333,  -1.00000000)
  (100.16666667,   1.00000000)
  (100.25000000,  -1.00000000)
  (100.33333333,   1.00000000)
  (100.41666667,  -1.00000000)
  (100.50000000,   1.00000000)
  (100.58333333,  -1.00000000)
  (100.66666667,   1.00000000)
  (100.75000000,  -1.00000000)
  (100.83333333,   1.00000000)
  (100.91666667,  -1.00000000)
  (101.00000000,   1.00000000)
  (101.08333333,  -1.00000000)
  (101.16666667,   1.00000000)
  (101.25000000,  -1.00000000)
  (101.33333333,   1.00000000)
  (101.41666667,  -1.00000000)
  (101.50000000,   1.00000000)
  (101.58333333,  -1.00000000)
  (101.66666667,   1.00000000)
  (101.75000000,  -1.00000000)
  (101.83333333,   1.00000000)
  (101.91666667,  -1.00000000)
  (102.00000000,   1.00000000)
  (102.08333333,  -1.00000000)
  (102.16666667,   1.00000000)
  (102.25000000,  -1.00000000)
  (102.33333333,   1.00000000)
  (102.41666667,  -1.00000000)
  (102.50000000,   1.00000000)
  (102.58333333,  -1.00000000)
  (102.66666667,   1.00000000)
  (102.75000000,  -1.00000000)
  (102.83333333,   1.00000000)
  (102.91666667,  -1.00000000)
  (103.00000000,   1.00000000)
  (103.08333333,  -1.00000000)
  (103.16666667,   1.00000000)
  (103.25000000,  -1.00000000)
  (103.33333333,   1.00000000)
  (103.41666667,  -1.00000000)
  (103.50000000,   1.00000000)
  (103.58333333,  -1.00000000)
  (103.66666667,   1.00000000)
  (103.75000000,  -1.00000000)
  (103.83333333,   1.00000000)
  (103.91666667,  -1.00000000)
  (104.00000000,   1.00000000)
  (104.08333333,  -1.00000000)
  (104.16666667,   1.00000000)
  (104.25000000,  -1.00000000)
  (104.33333333,   1.00000000)
  (104.41666667,  -1.00000000)
  (104.50000000,   1.00000000)
  (104.58333333,  -1.00000000)
  (104.66666667,   1.00000000)
  (104.75000000,  -1.00000000)
  (104.83333333,   1.00000000)
  (104.91666667,  -1.00000000)
  (105.00000000,   1.00000000)
  (105.08333333,  -1.00000000)
  (105.16666667,   1.00000000)
  (105.25000000,  -1.00000000)
  (105.33333333,   1.00000000)
  (105.41666667,  -1.00000000)
  (105.50000000,   1.00000000)
  (105.58333333,  -1.00000000)
  (105.66666667,   1.00000000)
  (105.75000000,  -1.00000000)
  (105.83333333,   1.00000000)
  (105.91666667,  -1.00000000)
  (106.00000000,   1.00000000)
  (106.08333333,  -1.00000000)
  (106.16666667,   1.00000000)
  (106.25000000,  -1.00000000)
  (106.33333333,   1.00000000)
  (106.41666667,  -1.00000000)
  (106.50000000,   1.00000000)
  (106.58333333,  -1.00000000)
  (106.66666667,   1.00000000)
  (106.75000000,  -1.00000000)
  (106.83333333,   1.00000000)
  (106.91666667,  -1.00000000)
  (107.00000000,   1.00000000)
  (107.08333333,  -1.00000000)
  (107.16666667,   1.00000000)
  (107.25000000,  -1.00000000)
  (107.33333333,   1.00000000)
  (107.41666667,  -1.00000000)
  (107.50000000,   1.00000000)
  (107.58333333,  -1.00000000)
  (107.66666667,   1.00000000)
  (107.75000000,  -1.00000000)
  (107.83333333,   1.00000000)
  (107.91666667,  -1.00000000)
  (108.00000000,   1.00000000)
  (108.08333333,  -1.00000000)
  (108.16666667,   1.00000000)
  (108.25000000,  -1.00000000)
  (108.33333333,   1.00000000)
  (108.41666667,  -1.00000000)
  (108.50000000,   1.00000000)
  (108.58333333,  -1.00000000)
  (108.66666667,   1.00000000)
  (108.75000000,  -1.00000000)
  (108.83333333,   1.00000000)
  (108.91666667,  -1.00000000)
  (109.00000000,   1.00000000)
  (109.08333333,  -1.00000000)
  (109.16666667,   1.00000000)
  (109.25000000,  -1.00000000)
  (109.33333333,   1.00000000)
  (109.41666667,  -1.00000000)
  (109.50000000,   1.00000000)
  (109.58333333,  -1.00000000)
  (109.66666667,   1.00000000)
  (109.75000000,  -1.00000000)
  (109.83333333,   1.00000000)
  (109.91666667,  -1.00000000)
  (110.00000000,   1.00000000)
  (110.08333333,  -1.00000000)
  (110.16666667,   1.00000000)
  (110.25000000,  -1.00000000)
  (110.33333333,   1.00000000)
  (110.41666667,  -1.00000000)
  (110.50000000,   1.00000000)
  (110.58333333,  -1.00000000)
  (110.66666667,   1.00000000)
  (110.75000000,  -1.00000000)
  (110.83333333,   1.00000000)
  (110.91666667,  -1.00000000)
  (111.00000000,   1.00000000)
  (111.08333333,  -1.00000000)
  (111.16666667,   1.00000000)
  (111.25000000,  -1.00000000)
  (111.33333333,   1.00000000)
  (111.41666667,  -1.00000000)
  (111.50000000,   1.00000000)
  (111.58333333,  -1.00000000)
  (111.66666667,   1.00000000)
  (111.75000000,  -1.00000000)
  (111.83333333,   1.00000000)
  (111.91666667,  -1.00000000)
  (112.00000000,   1.00000000)
  (112.08333333,  -1.00000000)
  (112.16666667,   1.00000000)
  (112.25000000,  -1.00000000)
  (112.33333333,   1.00000000)
  (112.41666667,  -1.00000000)
  (112.50000000,   1.00000000)
  (112.58333333,  -1.00000000)
  (112.66666667,   1.00000000)
  (112.75000000,  -1.00000000)
  (112.83333333,   1.00000000)
  (112.91666667,  -1.00000000)
  (113.00000000,   1.00000000)
  (113.08333333,  -1.00000000)
  (113.16666667,   1.00000000)
  (113.25000000,  -1.00000000)
  (113.33333333,   1.00000000)
  (113.41666667,  -1.00000000)
  (113.50000000,   1.00000000)
  (113.58333333,  -1.00000000)
  (113.66666667,   1.00000000)
  (113.75000000,  -1.00000000)
  (113.83333333,   1.00000000)
  (113.91666667,  -1.00000000)
  (114.00000000,   1.00000000)
  (114.08333333,  -1.00000000)
  (114.16666667,   1.00000000)
  (114.25000000,  -1.00000000)
  (114.33333333,   1.00000000)
  (114.41666667,  -1.00000000)
  (114.50000000,   1.00000000)
  (114.58333333,  -1.00000000)
  (114.66666667,   1.00000000)
  (114.75000000,  -1.00000000)
  (114.83333333,   1.00000000)
  (114.91666667,  -1.00000000)
  (115.00000000,   1.00000000)
  (115.08333333,  -1.00000000)
  (115.16666667,   1.00000000)
  (115.25000000,  -1.00000000)
  (115.33333333,   1.00000000)
  (115.41666667,  -1.00000000)
  (115.50000000,   1.00000000)
  (115.58333333,  -1.00000000)
  (115.66666667,   1.00000000)
  (115.75000000,  -1.00000000)
  (115.83333333,   1.00000000)
  (115.91666667,  -1.00000000)
  (116.00000000,   1.00000000)
  (116.08333333,  -1.00000000)
  (116.16666667,   1.00000000)
  (116.25000000,  -1.00000000)
  (116.33333333,   1.00000000)
  (116.41666667,  -1.00000000)
  (116.50000000,   1.00000000)
  (116.58333333,  -1.00000000)
  (116.66666667,   1.00000000)
  (116.75000000,  -1.00000000)
  (116.83333333,   1.00000000)
  (116.91666667,  -1.00000000)
  (117.00000000,   1.00000000)
  (117.08333333,  -1.00000000)
  (117.16666667,   1.00000000)
  (117.25000000,  -1.00000000)
  (117.33333333,   1.00000000)
  (117.41666667,  -1.00000000)
  (117.50000000,   1.00000000)
  (117.58333333,  -1.00000000)
  (117.66666667,   1.00000000)
  (117.75000000,  -1.00000000)
  (117.83333333,   1.00000000)
  (117.91666667,  -1.00000000)
  (118.00000000,   1.00000000)
  (118.08333333,  -1.00000000)
  (118.16666667,   1.00000000)
  (118.25000000,  -1.00000000)
  (118.33333333,   1.00000000)
  (118.41666667,  -1.00000000)
  (118.50000000,   1.00000000)
  (118.58333333,  -1.00000000)
  (118.66666667,   1.00000000)
  (118.75000000,  -1.00000000)
  (118.83333333,   1.00000000)
  (118.91666667,  -1.00000000)
  (119.00000000,   1.00000000)
  (119.08333333,  -1.00000000)
  (119.16666667,   1.00000000)
  (119.25000000,  -1.00000000)
  (119.33333333,   1.00000000)
  (119.41666667,  -1.00000000)
  (119.50000000,   1.00000000)
  (119.58333333,  -1.00000000)
  (119.66666667,   1.00000000)
  (119.75000000,  -1.00000000)
  (119.83333333,   1.00000000)
  (119.91666667,  -1.00000000)
  (120.00000000,   1.00000000)
  (120.08333333,  -1.00000000)
  (120.16666667,   1.00000000)
  (120.25000000,  -1.00000000)
  (120.33333333,   1.00000000)
  (120.41666667,  -1.00000000)
  (120.50000000,   1.00000000)
  (120.58333333,  -1.00000000)
  (120.66666667,   1.00000000)
  (120.75000000,  -1.00000000)
  (120.83333333,   1.00000000)
  (120.91666667,  -1.00000000)
  (121.00000000,   1.00000000)
  (121.08333333,  -1.00000000)
  (121.16666667,   1.00000000)
  (121.25000000,  -1.00000000)
  (121.33333333,   1.00000000)
  (121.41666667,  -1.00000000)
  (121.50000000,   1.00000000)
  (121.58333333,  -1.00000000)
  (121.66666667,   1.00000000)
  (121.75000000,  -1.00000000)
  (121.83333333,   1.00000000)
  (121.91666667,  -1.00000000)
  (122.00000000,   1.00000000)
  (122.08333333,  -1.00000000)
  (122.16666667,   1.00000000)
  (122.25000000,  -1.00000000)
  (122.33333333,   1.00000000)
  (122.41666667,  -1.00000000)
  (122.50000000,   1.00000000)
  (122.58333333,  -1.00000000)
  (122.66666667,   1.00000000)
  (122.75000000,  -1.00000000)
  (122.83333333,   1.00000000)
  (122.91666667,  -1.00000000)
  (123.00000000,   1.00000000)
  (123.08333333,  -1.00000000)
  (123.16666667,   1.00000000)
  (123.25000000,  -1.00000000)
  (123.33333333,   1.00000000)
  (123.41666667,  -1.00000000)
  (123.50000000,   1.00000000)
  (123.58333333,  -1.00000000)
  (123.66666667,   1.00000000)
  (123.75000000,  -1.00000000)
  (123.83333333,   1.00000000)
  (123.91666667,  -1.00000000)
  (124.00000000,   1.00000000)
  (124.08333333,  -1.00000000)
  (124.16666667,   1.00000000)
  (124.25000000,  -1.00000000)
  (124.33333333,   1.00000000)
  (124.41666667,  -1.00000000)
  (124.50000000,   1.00000000)
  (124.58333333,  -1.00000000)
  (124.66666667,   1.00000000)
  (124.75000000,  -1.00000000)
  (124.83333333,   1.00000000)
  (124.91666667,  -1.00000000)
  (125.00000000,   1.00000000)
  (125.08333333,  -1.00000000)
  (125.16666667,   1.00000000)
  (125.25000000,  -1.00000000)
  (125.33333333,   1.00000000)
  (125.41666667,  -1.00000000)
  (125.50000000,   1.00000000)
  (125.58333333,  -1.00000000)
  (125.66666667,   1.00000000)
  (125.75000000,  -1.00000000)
  (125.83333333,   1.00000000)
  (125.91666667,  -1.00000000)
  (126.00000000,   1.00000000)
  (126.08333333,  -1.00000000)
  (126.16666667,   1.00000000)
  (126.25000000,  -1.00000000)
  (126.33333333,   1.00000000)
  (126.41666667,  -1.00000000)
  (126.50000000,   1.00000000)
  (126.58333333,  -1.00000000)
  (126.66666667,   1.00000000)
  (126.75000000,  -1.00000000)
  (126.83333333,   1.00000000)
  (126.91666667,  -1.00000000)
  (127.00000000,   1.00000000)
  (127.08333333,  -1.00000000)
  (127.16666667,   1.00000000)
  (127.25000000,  -1.00000000)
  (127.33333333,   1.00000000)
  (127.41666667,  -1.00000000)
  (127.50000000,   1.00000000)
  (127.58333333,  -1.00000000)
  (127.66666667,   1.00000000)
  (127.75000000,  -1.00000000)
  (127.83333333,   1.00000000)
  (127.91666667,  -1.00000000)
  (128.00000000,   1.00000000)
  (128.08333333,  -1.00000000)
  (128.16666667,   1.00000000)
  (128.25000000,  -1.00000000)
  (128.33333333,   1.00000000)
  (128.41666667,  -1.00000000)
  (128.50000000,   1.00000000)
  (128.58333333,  -1.00000000)
  (128.66666667,   1.00000000)
  (128.75000000,  -1.00000000)
  (128.83333333,   1.00000000)
  (128.91666667,  -1.00000000)
  (129.00000000,   1.00000000)
  (129.08333333,  -1.00000000)
  (129.16666667,   1.00000000)
  (129.25000000,  -1.00000000)
  (129.33333333,   1.00000000)
  (129.41666667,  -1.00000000)
  (129.50000000,   1.00000000)
  (129.58333333,  -1.00000000)
  (129.66666667,   1.00000000)
  (129.75000000,  -1.00000000)
  (129.83333333,   1.00000000)
  (129.91666667,  -1.00000000)
  (130.00000000,   1.00000000)
  (130.08333333,  -1.00000000)
  (130.16666667,   1.00000000)
  (130.25000000,  -1.00000000)
  (130.33333333,   1.00000000)
  (130.41666667,  -1.00000000)
  (130.50000000,   1.00000000)
  (130.58333333,  -1.00000000)
  (130.66666667,   1.00000000)
  (130.75000000,  -1.00000000)
  (130.83333333,   1.00000000)
  (130.91666667,  -1.00000000)
  (131.00000000,   1.00000000)
  (131.08333333,  -1.00000000)
  (131.16666667,   1.00000000)
  (131.25000000,  -1.00000000)
  (131.33333333,   1.00000000)
  (131.41666667,  -1.00000000)
  (131.50000000,   1.00000000)
  (131.58333333,  -1.00000000)
  (131.66666667,   1.00000000)
  (131.75000000,  -1.00000000)
  (131.83333333,   1.00000000)
  (131.91666667,  -1.00000000)
  (132.00000000,   1.00000000)
  (132.08333333,  -1.00000000)
  (132.16666667,   1.00000000)
  (132.25000000,  -1.00000000)
  (132.33333333,   1.00000000)
  (132.41666667,  -1.00000000)
  (132.50000000,   1.00000000)
  (132.58333333,  -1.00000000)
  (132.66666667,   1.00000000)
  (132.75000000,  -1.00000000)
  (132.83333333,   1.00000000)
  (132.91666667,  -1.00000000)
  (133.00000000,   1.00000000)
  (133.08333333,  -1.00000000)
  (133.16666667,   1.00000000)
  (133.25000000,  -1.00000000)
  (133.33333333,   1.00000000)
  (133.41666667,  -1.00000000)
  (133.50000000,   1.00000000)
  (133.58333333,  -1.00000000)
  (133.66666667,   1.00000000)
  (133.75000000,  -1.00000000)
  (133.83333333,   1.00000000)
  (133.91666667,  -1.00000000)
  (134.00000000,   1.00000000)
  (134.08333333,  -1.00000000)
  (134.16666667,   1.00000000)
  (134.25000000,  -1.00000000)
  (134.33333333,   1.00000000)
  (134.41666667,  -1.00000000)
  (134.50000000,   1.00000000)
  (134.58333333,  -1.00000000)
  (134.66666667,   1.00000000)
  (134.75000000,  -1.00000000)
  (134.83333333,   1.00000000)
  (134.91666667,  -1.00000000)
  (135.00000000,   1.00000000)
  (135.08333333,  -1.00000000)
  (135.16666667,   1.00000000)
  (135.25000000,  -1.00000000)
  (135.33333333,   1.00000000)
  (135.41666667,  -1.00000000)
  (135.50000000,   1.00000000)
  (135.58333333,  -1.00000000)
  (135.66666667,   1.00000000)
  (135.75000000,  -1.00000000)
  (135.83333333,   1.00000000)
  (135.91666667,  -1.00000000)
  (136.00000000,   1.00000000)
  (136.08333333,  -1.00000000)
  (136.16666667,   1.00000000)
  (136.25000000,  -1.00000000)
  (136.33333333,   1.00000000)
  (136.41666667,  -1.00000000)
  (136.50000000,   1.00000000)
  (136.58333333,  -1.00000000)
  (136.66666667,   1.00000000)
  (136.75000000,  -1.00000000)
  (136.83333333,   1.00000000)
  (136.91666667,  -1.00000000)
  (137.00000000,   1.00000000)
  (137.08333333,  -1.00000000)
  (137.16666667,   1.00000000)
  (137.25000000,  -1.00000000)
  (137.33333333,   1.00000000)
  (137.41666667,  -1.00000000)
  (137.50000000,   1.00000000)
  (137.58333333,  -1.00000000)
  (137.66666667,   1.00000000)
  (137.75000000,  -1.00000000)
  (137.83333333,   1.00000000)
  (137.91666667,  -1.00000000)
  (138.00000000,   1.00000000)
  (138.08333333,  -1.00000000)
  (138.16666667,   1.00000000)
  (138.25000000,  -1.00000000)
  (138.33333333,   1.00000000)
  (138.41666667,  -1.00000000)
  (138.50000000,   1.00000000)
  (138.58333333,  -1.00000000)
  (138.66666667,   1.00000000)
  (138.75000000,  -1.00000000)
  (138.83333333,   1.00000000)
  (138.91666667,  -1.00000000)
  (139.00000000,   1.00000000)
  (139.08333333,  -1.00000000)
  (139.16666667,   1.00000000)
  (139.25000000,  -1.00000000)
  (139.33333333,   1.00000000)
  (139.41666667,  -1.00000000)
  (139.50000000,   1.00000000)
  (139.58333333,  -1.00000000)
  (139.66666667,   1.00000000)
  (139.75000000,  -1.00000000)
  (139.83333333,   1.00000000)
  (139.91666667,  -1.00000000)
  (140.00000000,   1.00000000)
  (140.08333333,  -1.00000000)
  (140.16666667,   1.00000000)
  (140.25000000,  -1.00000000)
  (140.33333333,   1.00000000)
  (140.41666667,  -1.00000000)
  (140.50000000,   1.00000000)
  (140.58333333,  -1.00000000)
  (140.66666667,   1.00000000)
  (140.75000000,  -1.00000000)
  (140.83333333,   1.00000000)
  (140.91666667,  -1.00000000)
  (141.00000000,   1.00000000)
  (141.08333333,  -1.00000000)
  (141.16666667,   1.00000000)
  (141.25000000,  -1.00000000)
  (141.33333333,   1.00000000)
  (141.41666667,  -1.00000000)
  (141.50000000,   1.00000000)
  (141.58333333,  -1.00000000)
  (141.66666667,   1.00000000)
  (141.75000000,  -1.00000000)
  (141.83333333,   1.00000000)
  (141.91666667,  -1.00000000)
  (142.00000000,   1.00000000)
  (142.08333333,  -1.00000000)
  (142.16666667,   1.00000000)
  (142.25000000,  -1.00000000)
  (142.33333333,   1.00000000)
  (142.41666667,  -1.00000000)
  (142.50000000,   1.00000000)
  (142.58333333,  -1.00000000)
  (142.66666667,   1.00000000)
  (142.75000000,  -1.00000000)
  (142.83333333,   1.00000000)
  (142.91666667,  -1.00000000)
  (143.00000000,   1.00000000)
  (143.08333333,  -1.00000000)
  (143.16666667,   1.00000000)
  (143.25000000,  -1.00000000)
  (143.33333333,   1.00000000)
  (143.41666667,  -1.00000000)
  (143.50000000,   1.00000000)
  (143.58333333,  -1.00000000)
  (143.66666667,   1.00000000)
  (143.75000000,  -1.00000000)
  (143.83333333,   1.00000000)
  (143.91666667,  -1.00000000)
  (144.00000000,   1.00000000)
  (144.08333333,  -1.00000000)
  (144.16666667,   1.00000000)
  (144.25000000,  -1.00000000)
  (144.33333333,   1.00000000)
  (144.41666667,  -1.00000000)
  (144.50000000,   1.00000000)
  (144.58333333,  -1.00000000)
  (144.66666667,   1.00000000)
  (144.75000000,  -1.00000000)
  (144.83333333,   1.00000000)
  (144.91666667,  -1.00000000)
  (145.00000000,   1.00000000)
  (145.08333333,  -1.00000000)
  (145.16666667,   1.00000000)
  (145.25000000,  -1.00000000)
  (145.33333333,   1.00000000)
  (145.41666667,  -1.00000000)
  (145.50000000,   1.00000000)
  (145.58333333,  -1.00000000)
  (145.66666667,   1.00000000)
  (145.75000000,  -1.00000000)
  (145.83333333,   1.00000000)
  (145.91666667,  -1.00000000)
  (146.00000000,   1.00000000)
  (146.08333333,  -1.00000000)
  (146.16666667,   1.00000000)
  (146.25000000,  -1.00000000)
  (146.33333333,   1.00000000)
  (146.41666667,  -1.00000000)
  (146.50000000,   1.00000000)
  (146.58333333,  -1.00000000)
  (146.66666667,   1.00000000)
  (146.75000000,  -1.00000000)
  (146.83333333,   1.00000000)
  (146.91666667,  -1.00000000)
  (147.00000000,   1.00000000)
  (147.08333333,  -1.00000000)
  (147.16666667,   1.00000000)
  (147.25000000,  -1.00000000)
  (147.33333333,   1.00000000)
  (147.41666667,  -1.00000000)
  (147.50000000,   1.00000000)
  (147.58333333,  -1.00000000)
  (147.66666667,   1.00000000)
  (147.75000000,  -1.00000000)
  (147.83333333,   1.00000000)
  (147.91666667,  -1.00000000)
  (148.00000000,   1.00000000)
  (148.08333333,  -1.00000000)
  (148.16666667,   1.00000000)
  (148.25000000,  -1.00000000)
  (148.33333333,   1.00000000)
  (148.41666667,  -1.00000000)
  (148.50000000,   1.00000000)
  (148.58333333,  -1.00000000)
  (148.66666667,   1.00000000)
  (148.75000000,  -1.00000000)
  (148.83333333,   1.00000000)
  (148.91666667,  -1.00000000)
  (149.00000000,   1.00000000)
  (149.08333333,  -1.00000000)
  (149.16666667,   1.00000000)
  (149.25000000,  -1.00000000)
  (149.33333333,   1.00000000)
  (149.41666667,  -1.00000000)
  (149.50000000,   1.00000000)
  (149.58333333,  -1.00000000)
  (149.66666667,   1.00000000)
  (149.75000000,  -1.00000000)
  (149.83333333,   1.00000000)
  (149.91666667,  -1.00000000)
  (150.00000000,   1.00000000)
  (150.08333333,  -1.00000000)
  (150.16666667,   1.00000000)
  (150.25000000,  -1.00000000)
  (150.33333333,   1.00000000)
  (150.41666667,  -1.00000000)
  (150.50000000,   1.00000000)
  (150.58333333,  -1.00000000)
  (150.66666667,   1.00000000)
  (150.75000000,  -1.00000000)
  (150.83333333,   1.00000000)
  (150.91666667,  -1.00000000)
  (151.00000000,   1.00000000)
  (151.08333333,  -1.00000000)
  (151.16666667,   1.00000000)
  (151.25000000,  -1.00000000)
  (151.33333333,   1.00000000)
  (151.41666667,  -1.00000000)
  (151.50000000,   1.00000000)
  (151.58333333,  -1.00000000)
  (151.66666667,   1.00000000)
  (151.75000000,  -1.00000000)
  (151.83333333,   1.00000000)
  (151.91666667,  -1.00000000)
  (152.00000000,   1.00000000)
  (152.08333333,  -1.00000000)
  (152.16666667,   1.00000000)
  (152.25000000,  -1.00000000)
  (152.33333333,   1.00000000)
  (152.41666667,  -1.00000000)
  (152.50000000,   1.00000000)
  (152.58333333,  -1.00000000)
  (152.66666667,   1.00000000)
  (152.75000000,  -1.00000000)
  (152.83333333,   1.00000000)
  (152.91666667,  -1.00000000)
  (153.00000000,   1.00000000)
  (153.08333333,  -1.00000000)
  (153.16666667,   1.00000000)
  (153.25000000,  -1.00000000)
  (153.33333333,   1.00000000)
  (153.41666667,  -1.00000000)
  (153.50000000,   1.00000000)
  (153.58333333,  -1.00000000)
  (153.66666667,   1.00000000)
  (153.75000000,  -1.00000000)
  (153.83333333,   1.00000000)
  (153.91666667,  -1.00000000)
  (154.00000000,   1.00000000)
  (154.08333333,  -1.00000000)
  (154.16666667,   1.00000000)
  (154.25000000,  -1.00000000)
  (154.33333333,   1.00000000)
  (154.41666667,  -1.00000000)
  (154.50000000,   1.00000000)
  (154.58333333,  -1.00000000)
  (154.66666667,   1.00000000)
  (154.75000000,  -1.00000000)
  (154.83333333,   1.00000000)
  (154.91666667,  -1.00000000)
  (155.00000000,   1.00000000)
  (155.08333333,  -1.00000000)
  (155.16666667,   1.00000000)
  (155.25000000,  -1.00000000)
  (155.33333333,   1.00000000)
  (155.41666667,  -1.00000000)
  (155.50000000,   1.00000000)
  (155.58333333,  -1.00000000)
  (155.66666667,   1.00000000)
  (155.75000000,  -1.00000000)
  (155.83333333,   1.00000000)
  (155.91666667,  -1.00000000)
  (156.00000000,   1.00000000)
  (156.08333333,  -1.00000000)
  (156.16666667,   1.00000000)
  (156.25000000,  -1.00000000)
  (156.33333333,   1.00000000)
  (156.41666667,  -1.00000000)
  (156.50000000,   1.00000000)
  (156.58333333,  -1.00000000)
  (156.66666667,   1.00000000)
  (156.75000000,  -1.00000000)
  (156.83333333,   1.00000000)
  (156.91666667,  -1.00000000)
  (157.00000000,   1.00000000)
  (157.08333333,  -1.00000000)
  (157.16666667,   1.00000000)
  (157.25000000,  -1.00000000)
  (157.33333333,   1.00000000)
  (157.41666667,  -1.00000000)
  (157.50000000,   1.00000000)
  (157.58333333,  -1.00000000)
  (157.66666667,   1.00000000)
  (157.75000000,  -1.00000000)
  (157.83333333,   1.00000000)
  (157.91666667,  -1.00000000)
  (158.00000000,   1.00000000)
  (158.08333333,  -1.00000000)
  (158.16666667,   1.00000000)
  (158.25000000,  -1.00000000)
  (158.33333333,   1.00000000)
  (158.41666667,  -1.00000000)
  (158.50000000,   1.00000000)
  (158.58333333,  -1.00000000)
  (158.66666667,   1.00000000)
  (158.75000000,  -1.00000000)
  (158.83333333,   1.00000000)
  (158.91666667,  -1.00000000)
  (159.00000000,   1.00000000)
  (159.08333333,  -1.00000000)
  (159.16666667,   1.00000000)
  (159.25000000,  -1.00000000)
  (159.33333333,   1.00000000)
  (159.41666667,  -1.00000000)
  (159.50000000,   1.00000000)
  (159.58333333,  -1.00000000)
  (159.66666667,   1.00000000)
  (159.75000000,  -1.00000000)
  (159.83333333,   1.00000000)
  (159.91666667,  -1.00000000)
  (160.00000000,   1.00000000)
  (160.08333333,  -1.00000000)
  (160.16666667,   1.00000000)
  (160.25000000,  -1.00000000)
  (160.33333333,   1.00000000)
  (160.41666667,  -1.00000000)
  (160.50000000,   1.00000000)
  (160.58333333,  -1.00000000)
  (160.66666667,   1.00000000)
  (160.75000000,  -1.00000000)
  (160.83333333,   1.00000000)
  (160.91666667,  -1.00000000)
  (161.00000000,   1.00000000)
  (161.08333333,  -1.00000000)
  (161.16666667,   1.00000000)
  (161.25000000,  -1.00000000)
  (161.33333333,   1.00000000)
  (161.41666667,  -1.00000000)
  (161.50000000,   1.00000000)
  (161.58333333,  -1.00000000)
  (161.66666667,   1.00000000)
  (161.75000000,  -1.00000000)
  (161.83333333,   1.00000000)
  (161.91666667,  -1.00000000)
  (162.00000000,   1.00000000)
  (162.08333333,  -1.00000000)
  (162.16666667,   1.00000000)
  (162.25000000,  -1.00000000)
  (162.33333333,   1.00000000)
  (162.41666667,  -1.00000000)
  (162.50000000,   1.00000000)
  (162.58333333,  -1.00000000)
  (162.66666667,   1.00000000)
  (162.75000000,  -1.00000000)
  (162.83333333,   1.00000000)
  (162.91666667,  -1.00000000)
  (163.00000000,   1.00000000)
  (163.08333333,  -1.00000000)
  (163.16666667,   1.00000000)
  (163.25000000,  -1.00000000)
  (163.33333333,   1.00000000)
  (163.41666667,  -1.00000000)
  (163.50000000,   1.00000000)
  (163.58333333,  -1.00000000)
  (163.66666667,   1.00000000)
  (163.75000000,  -1.00000000)
  (163.83333333,   1.00000000)
  (163.91666667,  -1.00000000)
  (164.00000000,   1.00000000)
  (164.08333333,  -1.00000000)
  (164.16666667,   1.00000000)
  (164.25000000,  -1.00000000)
  (164.33333333,   1.00000000)
  (164.41666667,  -1.00000000)
  (164.50000000,   1.00000000)
  (164.58333333,  -1.00000000)
  (164.66666667,   1.00000000)
  (164.75000000,  -1.00000000)
  (164.83333333,   1.00000000)
  (164.91666667,  -1.00000000)
  (165.00000000,   1.00000000)
  (165.08333333,  -1.00000000)
  (165.16666667,   1.00000000)
  (165.25000000,  -1.00000000)
  (165.33333333,   1.00000000)
  (165.41666667,  -1.00000000)
  (165.50000000,   1.00000000)
  (165.58333333,  -1.00000000)
  (165.66666667,   1.00000000)
  (165.75000000,  -1.00000000)
  (165.83333333,   1.00000000)
  (165.91666667,  -1.00000000)
  (166.00000000,   1.00000000)
  (166.08333333,  -1.00000000)
  (166.16666667,   1.00000000)
  (166.25000000,  -1.00000000)
  (166.33333333,   1.00000000)
  (166.41666667,  -1.00000000)
  (166.50000000,   1.00000000)
  (166.58333333,  -1.00000000)
  (166.66666667,   1.00000000)
  (166.75000000,  -1.00000000)
  (166.83333333,   1.00000000)
  (166.91666667,  -1.00000000)
  (167.00000000,   1.00000000)
  (167.08333333,  -1.00000000)
  (167.16666667,   1.00000000)
  (167.25000000,  -1.00000000)
  (167.33333333,   1.00000000)
  (167.41666667,  -1.00000000)
  (167.50000000,   1.00000000)
  (167.58333333,  -1.00000000)
  (167.66666667,   1.00000000)
  (167.75000000,  -1.00000000)
  (167.83333333,   1.00000000)
  (167.91666667,  -1.00000000)
  (168.00000000,   1.00000000)
  (168.08333333,  -1.00000000)
  (168.16666667,   1.00000000)
  (168.25000000,  -1.00000000)
  (168.33333333,   1.00000000)
  (168.41666667,  -1.00000000)
  (168.50000000,   1.00000000)
  (168.58333333,  -1.00000000)
  (168.66666667,   1.00000000)
  (168.75000000,  -1.00000000)
  (168.83333333,   1.00000000)
  (168.91666667,  -1.00000000)
  (169.00000000,   1.00000000)
  (169.08333333,  -1.00000000)
  (169.16666667,   1.00000000)
  (169.25000000,  -1.00000000)
  (169.33333333,   1.00000000)
  (169.41666667,  -1.00000000)
  (169.50000000,   1.00000000)
  (169.58333333,  -1.00000000)
  (169.66666667,   1.00000000)
  (169.75000000,  -1.00000000)
  (169.83333333,   1.00000000)
  (169.91666667,  -1.00000000)
  (170.00000000,   1.00000000)
  (170.08333333,  -1.00000000)
  (170.16666667,   1.00000000)
  (170.25000000,  -1.00000000)
  (170.33333333,   1.00000000)
  (170.41666667,  -1.00000000)
  (170.50000000,   1.00000000)
  (170.58333333,  -1.00000000)
]
