%========================================================================
% Daniel J. Greenhoe 
% file: d2_phi.dat 
% number of data points = 768
% plot file for Daubechies-2 scaling function 
% 2011 July 23 Saturday 03:15:27 AM (GMT) 
% The command \fileplot{d2_phi.dat} may be used in a LaTeX environment for plotting data.
% \fileplot is available in the LaTeX PSTricks package.
% Reference: http://www.ctan.org/pkg/pstricks
%========================================================================
[
( 0.0000000000, 0.0007477204)
( 0.0039113429, 0.0644296576)
( 0.0078226858, 0.0944741217)
( 0.0117340287, 0.1120820051)
( 0.0156453716, 0.1384489872)
( 0.0195567145, 0.1467666951)
( 0.0234680574, 0.1640975367)
( 0.0273794003, 0.1847607500)
( 0.0312907432, 0.2028229350)
( 0.0352020860, 0.2043397624)
( 0.0391134289, 0.2148697235)
( 0.0430247718, 0.2287320564)
( 0.0469361147, 0.2402473958)
( 0.0508474576, 0.2565990237)
( 0.0547588005, 0.2705355897)
( 0.0586701434, 0.2835792494)
( 0.0625814863, 0.2970658176)
( 0.0664928292, 0.2936040549)
( 0.0704041721, 0.2991554260)
( 0.0743155150, 0.3080391688)
( 0.0782268579, 0.3145759182)
( 0.0821382008, 0.3259489561)
( 0.0860495437, 0.3349069320)
( 0.0899608866, 0.3429720017)
( 0.0938722295, 0.3517340148)
( 0.0977835724, 0.3649293431)
( 0.1016949153, 0.3757096094)
( 0.1056062581, 0.3855969695)
( 0.1095176010, 0.3961132046)
( 0.1134289439, 0.4053335600)
( 0.1173402868, 0.4152010294)
( 0.1212516297, 0.4253077523)
( 0.1251629726, 0.4350417632)
( 0.1290743155, 0.4279354197)
( 0.1329856584, 0.4298422099)
( 0.1368970013, 0.4350813719)
( 0.1408083442, 0.4379735404)
( 0.1447196871, 0.4457019974)
( 0.1486310300, 0.4510153925)
( 0.1525423729, 0.4554358812)
( 0.1564537158, 0.4605533135)
( 0.1603650587, 0.4701040609)
( 0.1642764016, 0.4772397464)
( 0.1681877445, 0.4834825256)
( 0.1720990874, 0.4903541798)
( 0.1760104302, 0.4959299544)
( 0.1799217731, 0.5021528429)
( 0.1838331160, 0.5086149849)
( 0.1877444589, 0.5149584500)
( 0.1916558018, 0.5258432066)
( 0.1955671447, 0.5343129013)
( 0.1994784876, 0.5418896897)
( 0.2033898305, 0.5500953531)
( 0.2073011734, 0.5570051369)
( 0.2112125163, 0.5645620345)
( 0.2151238592, 0.5723581857)
( 0.2190352021, 0.5799675915)
( 0.2229465450, 0.5863890940)
( 0.2268578879, 0.5934577105)
( 0.2307692308, 0.6007655804)
( 0.2346805737, 0.6079049438)
( 0.2385919166, 0.6153915371)
( 0.2425032595, 0.6227047368)
( 0.2464146023, 0.6299538287)
( 0.2503259452, 0.6370487534)
( 0.2542372881, 0.6272743915)
( 0.2581486310, 0.6265131633)
( 0.2620599739, 0.6290843069)
( 0.2659713168, 0.6293084571)
( 0.2698826597, 0.6343688957)
( 0.2737940026, 0.6370142724)
( 0.2777053455, 0.6387667428)
( 0.2816166884, 0.6412161567)
( 0.2855280313, 0.6480988858)
( 0.2894393742, 0.6525665529)
( 0.2933507171, 0.6561413138)
( 0.2972620600, 0.6603449496)
( 0.3011734029, 0.6632527058)
( 0.3050847458, 0.6668075759)
( 0.3089960887, 0.6706016996)
( 0.3129074316, 0.6742771463)
( 0.3168187744, 0.6824938845)
( 0.3207301173, 0.6882955609)
( 0.3246414602, 0.6932043309)
( 0.3285528031, 0.6987419759)
( 0.3324641460, 0.7029837413)
( 0.3363754889, 0.7078726206)
( 0.3402868318, 0.7130007535)
( 0.3441981747, 0.7179421409)
( 0.3481095176, 0.7216956250)
( 0.3520208605, 0.7260962231)
( 0.3559322034, 0.7307360747)
( 0.3598435463, 0.7352074197)
( 0.3637548892, 0.7400259947)
( 0.3676662321, 0.7446711760)
( 0.3715775750, 0.7492522495)
( 0.3754889179, 0.7539331908)
( 0.3794002608, 0.7631264916)
( 0.3833116037, 0.7699047304)
( 0.3872229465, 0.7757900629)
( 0.3911342894, 0.7823042704)
( 0.3950456323, 0.7875225983)
( 0.3989569752, 0.7933880402)
( 0.4028683181, 0.7994927355)
( 0.4067796610, 0.8054106854)
( 0.4106910039, 0.8101407321)
( 0.4146023468, 0.8155178926)
( 0.4185136897, 0.8211343067)
( 0.4224250326, 0.8265822143)
( 0.4263363755, 0.8323773517)
( 0.4302477184, 0.8379990955)
( 0.4341590613, 0.8435567315)
( 0.4380704042, 0.8491461669)
( 0.4419817471, 0.8535187669)
( 0.4458930900, 0.8585384807)
( 0.4498044329, 0.8637974481)
( 0.4537157757, 0.8688879090)
( 0.4576271186, 0.8743255997)
( 0.4615384615, 0.8795898969)
( 0.4654498044, 0.8847900862)
( 0.4693611473, 0.8900403138)
( 0.4732724902, 0.8956088391)
( 0.4771838331, 0.9010039708)
( 0.4810951760, 0.9063349946)
( 0.4850065189, 0.9117111697)
( 0.4889178618, 0.9169943048)
( 0.4928292047, 0.9223239006)
( 0.4967405476, 0.9276706740)
( 0.5006518905, 0.9328047214)
( 0.5045632334, 0.9210772345)
( 0.5084745763, 0.9183628813)
( 0.5123859192, 0.9189808999)
( 0.5162972621, 0.9172519251)
( 0.5202086050, 0.9203592387)
( 0.5241199478, 0.9210514905)
( 0.5280312907, 0.9208508359)
( 0.5319426336, 0.9213471247)
( 0.5358539765, 0.9262767288)
( 0.5397653194, 0.9287912709)
( 0.5436766623, 0.9304129068)
( 0.5475880052, 0.9326634176)
( 0.5514993481, 0.9336180488)
( 0.5554106910, 0.9352197940)
( 0.5593220339, 0.9370607926)
( 0.5632333768, 0.9387831143)
( 0.5671447197, 0.9450467276)
( 0.5710560626, 0.9488952789)
( 0.5749674055, 0.9518509239)
( 0.5788787484, 0.9554354439)
( 0.5827900913, 0.9577240843)
( 0.5867014342, 0.9606598387)
( 0.5906127771, 0.9638348465)
( 0.5945241199, 0.9668231089)
( 0.5984354628, 0.9686234681)
( 0.6023468057, 0.9710709411)
( 0.6062581486, 0.9737576677)
( 0.6101694915, 0.9762758878)
( 0.6140808344, 0.9791413377)
( 0.6179921773, 0.9818333940)
( 0.6219035202, 0.9844613425)
( 0.6258148631, 0.9871891588)
( 0.6297262060, 0.9944293346)
( 0.6336375489, 0.9992544484)
( 0.6375488918, 1.0031866559)
( 0.6414602347, 1.0077477385)
( 0.6453715776, 1.0110129414)
( 0.6492829205, 1.0149252582)
( 0.6531942634, 1.0190768285)
( 0.6571056063, 1.0230416534)
( 0.6610169492, 1.0258185751)
( 0.6649282920, 1.0292426107)
( 0.6688396349, 1.0329058997)
( 0.6727509778, 1.0364006823)
( 0.6766623207, 1.0402426947)
( 0.6805736636, 1.0439113135)
( 0.6844850065, 1.0475158245)
( 0.6883963494, 1.0511521349)
( 0.6923076923, 1.0535716099)
( 0.6962190352, 1.0566381988)
( 0.7001303781, 1.0599440412)
( 0.7040417210, 1.0630813770)
( 0.7079530639, 1.0665659428)
( 0.7118644068, 1.0698771149)
( 0.7157757497, 1.0731241792)
( 0.7196870926, 1.0764212818)
( 0.7235984355, 1.0800366821)
( 0.7275097784, 1.0834786888)
( 0.7314211213, 1.0868565877)
( 0.7353324641, 1.0902796377)
( 0.7392438070, 1.0936096478)
( 0.7431551499, 1.0969861186)
( 0.7470664928, 1.1003797671)
( 0.7509778357, 1.1038147244)
( 0.7548891786, 1.1117697935)
( 0.7588005215, 1.1173098008)
( 0.7627118644, 1.1219569016)
( 0.7666232073, 1.1272328775)
( 0.7705345502, 1.1312129738)
( 0.7744458931, 1.1358401840)
( 0.7783572360, 1.1407066477)
( 0.7822685789, 1.1453863659)
( 0.7861799218, 1.1488781810)
( 0.7900912647, 1.1530171099)
( 0.7940026076, 1.1573952924)
( 0.7979139505, 1.1616049683)
( 0.8018252934, 1.1661618741)
( 0.8057366362, 1.1705453862)
( 0.8096479791, 1.1748647906)
( 0.8135593220, 1.1792159944)
( 0.8174706649, 1.1823503627)
( 0.8213820078, 1.1861318450)
( 0.8252933507, 1.1901525807)
( 0.8292046936, 1.1940048100)
( 0.8331160365, 1.1982042691)
( 0.8370273794, 1.2022303345)
( 0.8409387223, 1.2061922922)
( 0.8448500652, 1.2102042882)
( 0.8487614081, 1.2145345819)
( 0.8526727510, 1.2186914819)
( 0.8565840939, 1.2227842742)
( 0.8604954368, 1.2269222176)
( 0.8644067797, 1.2309671211)
( 0.8683181226, 1.2350584852)
( 0.8722294654, 1.2391670270)
( 0.8761408083, 1.2432488093)
( 0.8800521512, 1.2461215085)
( 0.8839634941, 1.2496413216)
( 0.8878748370, 1.2534003883)
( 0.8917861799, 1.2569909484)
( 0.8956975228, 1.2609287383)
( 0.8996088657, 1.2646931347)
( 0.9035202086, 1.2683934232)
( 0.9074315515, 1.2721437501)
( 0.9113428944, 1.2762123746)
( 0.9152542373, 1.2801076055)
( 0.9191655802, 1.2839387286)
( 0.9230769231, 1.2878150029)
( 0.9269882660, 1.2915982373)
( 0.9308996089, 1.2954279323)
( 0.9348109518, 1.2992748050)
( 0.9387222947, 1.3031131570)
( 0.9426336375, 1.3072775591)
( 0.9465449804, 1.3112685675)
( 0.9504563233, 1.3151954682)
( 0.9543676662, 1.3191675201)
( 0.9582790091, 1.3230465319)
( 0.9621903520, 1.3269720045)
( 0.9661016949, 1.3309146547)
( 0.9700130378, 1.3348438972)
( 0.9739243807, 1.3386878521)
( 0.9778357236, 1.3425782676)
( 0.9817470665, 1.3464858608)
( 0.9856584094, 1.3503813558)
( 0.9895697523, 1.3543017808)
( 0.9934810952, 1.3582097566)
( 0.9973924381, 1.3621131297)
( 1.0013037810, 1.3645243779)
( 1.0052151239, 1.2410667535)
( 1.0091264668, 1.1848840752)
( 1.0130378096, 1.1535745585)
( 1.0169491525, 1.1047468443)
( 1.0208604954, 1.0920176785)
( 1.0247718383, 1.0612622453)
( 1.0286831812, 1.0238420686)
( 1.0325945241, 0.9916239487)
( 1.0365058670, 0.9924965440)
( 1.0404172099, 0.9753428717)
( 1.0443285528, 0.9515244559)
( 1.0482398957, 0.9324000270)
( 1.0521512386, 0.9036030212)
( 1.0560625815, 0.8796361392)
( 1.0599739244, 0.8574550698)
( 1.0638852673, 0.8343881835)
( 1.0677966102, 0.8452179589)
( 1.0717079531, 0.8380214667)
( 1.0756192960, 0.8241602311)
( 1.0795306389, 0.8149929823)
( 1.0834419817, 0.7961531565)
( 1.0873533246, 0.7821434546)
( 1.0912646675, 0.7699195654)
( 1.0951760104, 0.7563017892)
( 1.0990873533, 0.7338173826)
( 1.1029986962, 0.7161630998)
( 1.1069100391, 0.7002946297)
( 1.1108213820, 0.6831684095)
( 1.1147327249, 0.6686339486)
( 1.1186440678, 0.6528052599)
( 1.1225554107, 0.6364980641)
( 1.1264667536, 0.6209362922)
( 1.1303780965, 0.6390552293)
( 1.1342894394, 0.6391478989)
( 1.1382007823, 0.6325758250)
( 1.1421121252, 0.6306977379)
( 1.1460234681, 0.6191470739)
( 1.1499348110, 0.6124265337)
( 1.1538461538, 0.6074918062)
( 1.1577574967, 0.6011631917)
( 1.1616688396, 0.5859679469)
( 1.1655801825, 0.5756028258)
( 1.1694915254, 0.5670235174)
( 1.1734028683, 0.5571864591)
( 1.1773142112, 0.5499411598)
( 1.1812255541, 0.5414016329)
( 1.1851368970, 0.5323835988)
( 1.1890482399, 0.5236029187)
( 1.1929595828, 0.5057396555)
( 1.1968709257, 0.4927065161)
( 1.2007822686, 0.4814591893)
( 1.2046936115, 0.4689541125)
( 1.2086049544, 0.4590407950)
( 1.2125162973, 0.4478332496)
( 1.2164276402, 0.4361471972)
( 1.2203389831, 0.4248346357)
( 1.2242503259, 0.4158978806)
( 1.2281616688, 0.4056668977)
( 1.2320730117, 0.3949574078)
( 1.2359843546, 0.3845849310)
( 1.2398956975, 0.3735179944)
( 1.2438070404, 0.3627978451)
( 1.2477183833, 0.3522059114)
( 1.2516297262, 0.3419223119)
( 1.2555410691, 0.3653772857)
( 1.2594524120, 0.3708059920)
( 1.2633637549, 0.3695699548)
( 1.2672750978, 0.3730279045)
( 1.2711864407, 0.3668132772)
( 1.2750977836, 0.3654287738)
( 1.2790091265, 0.3658300830)
( 1.2829204694, 0.3648375053)
( 1.2868318123, 0.3549782971)
( 1.2907431551, 0.3499492128)
( 1.2946544980, 0.3467059412)
( 1.2985658409, 0.3422049195)
( 1.3024771838, 0.3402956570)
( 1.3063885267, 0.3370921668)
( 1.3102998696, 0.3334101695)
( 1.3142112125, 0.3299655261)
( 1.3181225554, 0.3174382996)
( 1.3220338983, 0.3097411969)
( 1.3259452412, 0.3038299069)
( 1.3298565841, 0.2966608669)
( 1.3337679270, 0.2920835860)
( 1.3376792699, 0.2862120774)
( 1.3415906128, 0.2798620617)
( 1.3455019557, 0.2738855369)
( 1.3494132986, 0.2702848186)
( 1.3533246415, 0.2653898725)
( 1.3572359844, 0.2600164193)
( 1.3611473272, 0.2549799792)
( 1.3650586701, 0.2492490793)
( 1.3689700130, 0.2438649668)
( 1.3728813559, 0.2386090698)
( 1.3767926988, 0.2331534370)
( 1.3807040417, 0.2186730856)
( 1.3846153846, 0.2090228579)
( 1.3885267275, 0.2011584428)
( 1.3924380704, 0.1920362778)
( 1.3963494133, 0.1855058720)
( 1.4002607562, 0.1776812384)
( 1.4041720991, 0.1693780977)
( 1.4080834420, 0.1614484479)
( 1.4119947849, 0.1558946045)
( 1.4159061278, 0.1490465334)
( 1.4198174707, 0.1417199552)
( 1.4237288136, 0.1347303902)
( 1.4276401565, 0.1270463653)
( 1.4315514993, 0.1197091277)
( 1.4354628422, 0.1125001057)
( 1.4393741851, 0.1052274849)
( 1.4432855280, 0.1003885350)
( 1.4471968709, 0.0942553572)
( 1.4511082138, 0.0876436724)
( 1.4550195567, 0.0813690007)
( 1.4589308996, 0.0743998692)
( 1.4628422425, 0.0677775250)
( 1.4667535854, 0.0612833963)
( 1.4706649283, 0.0546891911)
( 1.4745762712, 0.0474583905)
( 1.4784876141, 0.0405743772)
( 1.4823989570, 0.0338185794)
( 1.4863102999, 0.0269724793)
( 1.4902216428, 0.0203124591)
( 1.4941329857, 0.0135595175)
( 1.4980443286, 0.0067722206)
( 1.5019556714, 0.0004103758)
( 1.5058670143, 0.0277715997)
( 1.5097783572, 0.0371065560)
( 1.5136897001, 0.0397767688)
( 1.5176010430, 0.0471409684)
( 1.5215123859, 0.0448325912)
( 1.5254237288, 0.0473543377)
( 1.5293350717, 0.0516618969)
( 1.5332464146, 0.0545755692)
( 1.5371577575, 0.0486226111)
( 1.5410691004, 0.0474997768)
( 1.5449804433, 0.0481627551)
( 1.5488917862, 0.0475679835)
( 1.5528031291, 0.0495649710)
( 1.5567144720, 0.0502677307)
( 1.5606258149, 0.0504919834)
( 1.5645371578, 0.0509535901)
( 1.5684485007, 0.0423326136)
( 1.5723598435, 0.0385417609)
( 1.5762711864, 0.0365367208)
( 1.5801825293, 0.0332739308)
( 1.5840938722, 0.0326029000)
( 1.5880052151, 0.0306376414)
( 1.5919165580, 0.0281938757)
( 1.5958279009, 0.0261236009)
( 1.5997392438, 0.0264291325)
( 1.6036505867, 0.0254404364)
( 1.6075619296, 0.0239732332)
( 1.6114732725, 0.0228430432)
( 1.6153846154, 0.0210183933)
( 1.6192959583, 0.0195405307)
( 1.6232073012, 0.0181908837)
( 1.6271186441, 0.0166415010)
( 1.6310299870, 0.0060673995)
( 1.6349413299, 0.0003234218)
( 1.6388526728,-0.0036347432)
( 1.6427640156,-0.0088506582)
( 1.6466753585,-0.0114748141)
( 1.6505867014,-0.0153931977)
( 1.6544980443,-0.0197900884)
( 1.6584093872,-0.0238134882)
( 1.6623207301,-0.0254610815)
( 1.6662320730,-0.0284029026)
( 1.6701434159,-0.0318232308)
( 1.6740547588,-0.0349065459)
( 1.6779661017,-0.0386843208)
( 1.6818774446,-0.0421153083)
( 1.6857887875,-0.0454180803)
( 1.6897001304,-0.0487844511)
( 1.6936114733,-0.0497171511)
( 1.6975228162,-0.0519440788)
( 1.7014341591,-0.0546495137)
( 1.7053455020,-0.0570179354)
( 1.7092568449,-0.0600808169)
( 1.7131681877,-0.0627969111)
( 1.7170795306,-0.0653847897)
( 1.7209908735,-0.0680727449)
( 1.7249022164,-0.0713972955)
( 1.7288135593,-0.0743750589)
( 1.7327249022,-0.0772246066)
( 1.7366362451,-0.0801644568)
( 1.7405475880,-0.0829182270)
( 1.7444589309,-0.0857649186)
( 1.7483702738,-0.0886459654)
( 1.7522816167,-0.0916096302)
( 1.7561929596,-0.1036135184)
( 1.7601043025,-0.1107872828)
( 1.7640156454,-0.1161752346)
( 1.7679269883,-0.1228209363)
( 1.7718383312,-0.1268748789)
( 1.7757496741,-0.1322230493)
( 1.7796610169,-0.1380497267)
( 1.7835723598,-0.1435029132)
( 1.7874837027,-0.1465802933)
( 1.7913950456,-0.1509519012)
( 1.7953063885,-0.1558020161)
( 1.7992177314,-0.1603151179)
( 1.8031290743,-0.1655226795)
( 1.8070404172,-0.1703834538)
( 1.8109517601,-0.1751160125)
( 1.8148631030,-0.1799121700)
( 1.8187744459,-0.1822746567)
( 1.8226857888,-0.1859313712)
( 1.8265971317,-0.1900665928)
( 1.8305084746,-0.1938648012)
( 1.8344198175,-0.1983574695)
( 1.8383311604,-0.2025033504)
( 1.8422425033,-0.2065210158)
( 1.8461538462,-0.2106387577)
( 1.8500651890,-0.2153930951)
( 1.8539765319,-0.2198006451)
( 1.8578878748,-0.2240799796)
( 1.8617992177,-0.2284496165)
( 1.8657105606,-0.2326331735)
( 1.8696219035,-0.2369096518)
( 1.8735332464,-0.2412204854)
( 1.8774445893,-0.2454777999)
( 1.8813559322,-0.2473169483)
( 1.8852672751,-0.2504503246)
( 1.8891786180,-0.2540622078)
( 1.8930899609,-0.2573370780)
( 1.8970013038,-0.2613064080)
( 1.9009126467,-0.2649289507)
( 1.9048239896,-0.2684232778)
( 1.9087353325,-0.2720176814)
( 1.9126466754,-0.2762486805)
( 1.9165580183,-0.2801328923)
( 1.9204693611,-0.2838888886)
( 1.9243807040,-0.2877351872)
( 1.9282920469,-0.2913954059)
( 1.9322033898,-0.2951485459)
( 1.9361147327,-0.2989360412)
( 1.9400260756,-0.3027064953)
( 1.9439374185,-0.3071290495)
( 1.9478487614,-0.3112048164)
( 1.9517601043,-0.3151523677)
( 1.9556714472,-0.3191902214)
( 1.9595827901,-0.3230419952)
( 1.9634941330,-0.3269866904)
( 1.9674054759,-0.3309657408)
( 1.9713168188,-0.3349179758)
( 1.9752281617,-0.3386996355)
( 1.9791395046,-0.3425742166)
( 1.9830508475,-0.3464831530)
( 1.9869621904,-0.3503678929)
( 1.9908735332,-0.3543024928)
( 1.9947848761,-0.3582121945)
( 1.9986962190,-0.3621126907)
( 2.0026075619,-0.3652720983)
( 2.0065189048,-0.3054964111)
( 2.0104302477,-0.2793581970)
( 2.0143415906,-0.2656565636)
( 2.0182529335,-0.2431958315)
( 2.0221642764,-0.2387843736)
( 2.0260756193,-0.2253597820)
( 2.0299869622,-0.2086028186)
( 2.0338983051,-0.1944468837)
( 2.0378096480,-0.1968363063)
( 2.0417209909,-0.1902125952)
( 2.0456323338,-0.1802565123)
( 2.0495436767,-0.1726474229)
( 2.0534550196,-0.1602020449)
( 2.0573663625,-0.1501717289)
( 2.0612777053,-0.1410343193)
( 2.0651890482,-0.1314540011)
( 2.0691003911,-0.1388220138)
( 2.0730117340,-0.1371768927)
( 2.0769230769,-0.1321993999)
( 2.0808344198,-0.1295689005)
( 2.0847457627,-0.1221021126)
( 2.0886571056,-0.1170503866)
( 2.0925684485,-0.1128915670)
( 2.0964797914,-0.1080358039)
( 2.1003911343,-0.0987467256)
( 2.1043024772,-0.0918727092)
( 2.1082138201,-0.0858915992)
( 2.1121251630,-0.0792816141)
( 2.1160365059,-0.0739675086)
( 2.1199478488,-0.0680062893)
( 2.1238591917,-0.0618058164)
( 2.1277705346,-0.0559780555)
( 2.1316818774,-0.0669906490)
( 2.1355932203,-0.0689901088)
( 2.1395045632,-0.0676571968)
( 2.1434159061,-0.0686712783)
( 2.1473272490,-0.0648490713)
( 2.1512385919,-0.0634419262)
( 2.1551499348,-0.0629276874)
( 2.1590612777,-0.0617165052)
( 2.1629726206,-0.0560720078)
( 2.1668839635,-0.0528425723)
( 2.1707953064,-0.0505060431)
( 2.1747066493,-0.0475406389)
( 2.1786179922,-0.0458711143)
( 2.1825293351,-0.0435544758)
( 2.1864406780,-0.0409985837)
( 2.1903520209,-0.0385613687)
( 2.1942633638,-0.0315828621)
( 2.1981747066,-0.0270194174)
( 2.2020860495,-0.0233488790)
( 2.2059973924,-0.0190494656)
( 2.2099087353,-0.0160459318)
( 2.2138200782,-0.0123952841)
( 2.2177314211,-0.0085053829)
( 2.2216427640,-0.0048022272)
( 2.2255541069,-0.0022869746)
( 2.2294654498, 0.0008753918)
( 2.2333767927, 0.0042770117)
( 2.2372881356, 0.0075101252)
( 2.2411994785, 0.0110904685)
( 2.2451108214, 0.0144974181)
( 2.2490221643, 0.0178402600)
( 2.2529335072, 0.0210289347)
( 2.2568448501, 0.0073483228)
( 2.2607561930, 0.0026808446)
( 2.2646675359, 0.0013457382)
( 2.2685788787,-0.0023363616)
( 2.2724902216,-0.0011821730)
( 2.2764015645,-0.0024430462)
( 2.2803129074,-0.0045968258)
( 2.2842242503,-0.0060536620)
( 2.2881355932,-0.0030771829)
( 2.2920469361,-0.0025157658)
( 2.2959582790,-0.0028472549)
( 2.2998696219,-0.0025498691)
( 2.3037809648,-0.0035483629)
( 2.3076923077,-0.0038997427)
( 2.3116036506,-0.0040118691)
( 2.3155149935,-0.0042426724)
( 2.3194263364, 0.0000678159)
( 2.3233376793, 0.0019632422)
( 2.3272490222, 0.0029657622)
( 2.3311603651, 0.0045971572)
( 2.3350717080, 0.0049326726)
( 2.3389830508, 0.0059153020)
( 2.3428943937, 0.0071371848)
( 2.3468057366, 0.0081723222)
( 2.3507170795, 0.0080195564)
( 2.3546284224, 0.0085139044)
( 2.3585397653, 0.0092475060)
( 2.3624511082, 0.0098126011)
( 2.3663624511, 0.0107249260)
( 2.3702737940, 0.0114638573)
( 2.3741851369, 0.0121386808)
( 2.3780964798, 0.0129133721)
( 2.3820078227, 0.0182004229)
( 2.3859191656, 0.0210724117)
( 2.3898305085, 0.0230514942)
( 2.3937418514, 0.0256594517)
( 2.3976531943, 0.0269715297)
( 2.4015645372, 0.0289307215)
( 2.4054758801, 0.0311291668)
( 2.4093872229, 0.0331408667)
( 2.4132985658, 0.0339646634)
( 2.4172099087, 0.0354355740)
( 2.4211212516, 0.0371457380)
( 2.4250325945, 0.0386873956)
( 2.4289439374, 0.0405762830)
( 2.4328552803, 0.0422917768)
( 2.4367666232, 0.0439431628)
( 2.4406779661, 0.0456263482)
( 2.4445893090, 0.0460926982)
( 2.4485006519, 0.0472061621)
( 2.4524119948, 0.0485588795)
( 2.4563233377, 0.0497430903)
( 2.4602346806, 0.0512745311)
( 2.4641460235, 0.0526325782)
( 2.4680573664, 0.0539265175)
( 2.4719687093, 0.0552704951)
( 2.4758800522, 0.0569327704)
( 2.4797913950, 0.0584216521)
( 2.4837027379, 0.0598464260)
( 2.4876140808, 0.0613163510)
( 2.4915254237, 0.0626932361)
( 2.4954367666, 0.0641165819)
( 2.4993481095, 0.0655571053)
( 2.5032594524, 0.0667849027)
( 2.5071707953, 0.0511511658)
( 2.5110821382, 0.0445305627)
( 2.5149934811, 0.0412423313)
( 2.5189048240, 0.0356071064)
( 2.5228161669, 0.0348081701)
( 2.5267275098, 0.0315941718)
( 2.5306388527, 0.0274872672)
( 2.5345501956, 0.0240773060)
( 2.5384615385, 0.0251006601)
( 2.5423728814, 0.0237089523)
( 2.5462842243, 0.0214243381)
( 2.5501955671, 0.0197685989)
( 2.5541069100, 0.0168169802)
( 2.5580182529, 0.0145124753)
( 2.5619295958, 0.0124472239)
( 2.5658409387, 0.0102632956)
( 2.5697522816, 0.0126206589)
( 2.5736636245, 0.0125629602)
( 2.5775749674, 0.0116123552)
( 2.5814863103, 0.0112906252)
( 2.5853976532, 0.0096730157)
( 2.5893089961, 0.0087025200)
( 2.5932203390, 0.0079712778)
( 2.5971316819, 0.0070532902)
( 2.6010430248, 0.0049473994)
( 2.6049543677, 0.0034886225)
( 2.6088657106, 0.0022690990)
( 2.6127770535, 0.0008810691)
( 2.6166883963,-0.0001597310)
( 2.6205997392,-0.0013739247)
( 2.6245110821,-0.0026522262)
( 2.6284224250,-0.0038306598)
( 2.6323337679,-0.0004967341)
( 2.6362451108, 0.0004221297)
( 2.6401564537, 0.0004480873)
( 2.6440677966, 0.0011029198)
( 2.6479791395, 0.0004618727)
( 2.6518904824, 0.0004679395)
( 2.6558018253, 0.0007132598)
( 2.6597131682, 0.0007718347)
( 2.6636245111,-0.0003574936)
( 2.6675358540,-0.0008397080)
( 2.6714471969,-0.0010826689)
( 2.6753585398,-0.0014941364)
( 2.6792698827,-0.0015583740)
( 2.6831812256,-0.0017960052)
( 2.6870925684,-0.0020977442)
( 2.6910039113,-0.0023676838)
( 2.6949152542,-0.0038544588)
( 2.6988265971,-0.0046941199)
( 2.7027379400,-0.0052945275)
( 2.7066492829,-0.0060634417)
( 2.7105606258,-0.0064851259)
( 2.7144719687,-0.0070802038)
( 2.7183833116,-0.0077393895)
( 2.7222946545,-0.0083485369)
( 2.7262059974,-0.0086393866)
( 2.7301173403,-0.0091036299)
( 2.7340286832,-0.0096319810)
( 2.7379400261,-0.0101151809)
( 2.7418513690,-0.0106914208)
( 2.7457627119,-0.0112212000)
( 2.7496740548,-0.0117338016)
( 2.7535853977,-0.0122050942)
( 2.7574967405,-0.0081562751)
( 2.7614080834,-0.0065225179)
( 2.7653194263,-0.0057816670)
( 2.7692307692,-0.0044119412)
( 2.7731421121,-0.0043380949)
( 2.7770534550,-0.0036171347)
( 2.7809647979,-0.0026569210)
( 2.7848761408,-0.0018834527)
( 2.7887874837,-0.0022978877)
( 2.7926988266,-0.0020652088)
( 2.7966101695,-0.0015932763)
( 2.8005215124,-0.0012898504)
( 2.8044328553,-0.0006391946)
( 2.8083441982,-0.0001619324)
( 2.8122555411, 0.0002512219)
( 2.8161668840, 0.0006961757)
( 2.8200782269,-0.0000757060)
( 2.8239895698,-0.0002004737)
( 2.8279009126,-0.0000859880)
( 2.8318122555,-0.0001400087)
( 2.8357235984, 0.0001532004)
( 2.8396349413, 0.0002730159)
( 2.8435462842, 0.0003287235)
( 2.8474576271, 0.0004344695)
( 2.8513689700, 0.0008585132)
( 2.8552803129, 0.0011091632)
( 2.8591916558, 0.0012957055)
( 2.8631029987, 0.0015273989)
( 2.8670143416, 0.0016660524)
( 2.8709256845, 0.0018511665)
( 2.8748370274, 0.0020534583)
( 2.8787483703, 0.0022289906)
( 2.8826597132, 0.0011954398)
( 2.8865710561, 0.0008090029)
( 2.8904823990, 0.0006618196)
( 2.8943937419, 0.0003461297)
( 2.8983050847, 0.0003776697)
( 2.9022164276, 0.0002358160)
( 2.9061277705, 0.0000298545)
( 2.9100391134,-0.0001260686)
( 2.9139504563, 0.0000363059)
( 2.9178617992, 0.0000252868)
( 2.9217731421,-0.0000498401)
( 2.9256844850,-0.0000798158)
( 2.9295958279,-0.0002028314)
( 2.9335071708,-0.0002793864)
( 2.9374185137,-0.0003387637)
( 2.9413298566,-0.0004066617)
( 2.9452411995,-0.0001485096)
( 2.9491525424,-0.0000637511)
( 2.9530638853,-0.0000431005)
( 2.9569752282, 0.0000227014)
( 2.9608865711,-0.0000045367)
( 2.9647979140, 0.0000146858)
( 2.9687092568, 0.0000510860)
( 2.9726205997, 0.0000740785)
( 2.9765319426, 0.0000117834)
( 2.9804432855,-0.0000040510)
( 2.9843546284,-0.0000027078)
( 2.9882659713,-0.0000134629)
( 2.9921773142, 0.0000007121)
( 2.9960886571, 0.0000024379)
( 3.0000000000,-0.0000004390)
]
%---end of file---